0.000000e+000	-2.320743e-002
9.986000e+000	8.065806e-004
1.999600e+001	1.866074e-002
3.001600e+001	-1.837175e-002
4.002600e+001	-7.087746e-003
5.003600e+001	3.591083e-003
6.003600e+001	2.750758e-002
7.004700e+001	2.043844e-002
8.005700e+001	1.559405e-002
9.005800e+001	3.379003e-002
1.000690e+002	6.915714e-003
1.100690e+002	4.535768e-002
1.200790e+002	4.559518e-002
1.300890e+002	1.955689e-002
1.400900e+002	2.081615e-002
1.501010e+002	2.407211e-002
1.601210e+002	7.725270e-002
1.701300e+002	5.890610e-002
1.801420e+002	6.649126e-002
1.901420e+002	8.212167e-002
2.001510e+002	6.249252e-002
2.101610e+002	7.829212e-002
2.201610e+002	7.301948e-002
2.301710e+002	7.899500e-002
2.401720e+002	9.781068e-002
2.501830e+002	1.207692e-001
2.601940e+002	6.847011e-002
2.701940e+002	5.306402e-002
2.802040e+002	1.081375e-001
2.902140e+002	1.099912e-001
3.002360e+002	1.186363e-001
3.102450e+002	1.144011e-001
3.202460e+002	1.356939e-001
3.302390e+002	1.614741e-001
3.402480e+002	1.427966e-001
3.502480e+002	1.292856e-001
3.602580e+002	1.346520e-001
3.702680e+002	1.384273e-001
3.802890e+002	1.379832e-001
3.902990e+002	1.529179e-001
4.002990e+002	1.886916e-001
4.103090e+002	2.196252e-001
4.203100e+002	2.169240e-001
4.303200e+002	2.156662e-001
4.403310e+002	2.455317e-001
4.503520e+002	2.787882e-001
4.603530e+002	2.319035e-001
4.703830e+002	2.661703e-001
4.803840e+002	2.697137e-001
4.904450e+002	2.613432e-001
5.004240e+002	3.439821e-001
5.104450e+002	2.943865e-001
5.204550e+002	3.464247e-001
5.304760e+002	3.430937e-001
5.404760e+002	3.823846e-001
5.504860e+002	3.965003e-001
5.604770e+002	4.998660e-001
5.704880e+002	4.801142e-001
5.804880e+002	4.658482e-001
5.904800e+002	4.626081e-001
6.004810e+002	4.820557e-001
6.104920e+002	5.052316e-001
6.205020e+002	4.580789e-001
6.304830e+002	5.082718e-001
6.404940e+002	4.921637e-001
6.505040e+002	5.024694e-001
6.604850e+002	5.148057e-001
6.704960e+002	5.715005e-001
6.805060e+002	5.584995e-001
6.905060e+002	5.801075e-001
7.005160e+002	5.566281e-001
7.105260e+002	5.496516e-001
7.205160e+002	5.509109e-001
7.305160e+002	5.812110e-001
7.405260e+002	5.766490e-001
7.505370e+002	5.984415e-001
7.605380e+002	6.193524e-001
7.705460e+002	6.233968e-001
7.805570e+002	6.489103e-001
7.905570e+002	6.450919e-001
8.005680e+002	6.684699e-001
8.105590e+002	6.656123e-001
8.205590e+002	6.546077e-001
8.305690e+002	6.627154e-001
8.405790e+002	6.746027e-001
8.506000e+002	6.939609e-001
8.606000e+002	7.211435e-001
8.706120e+002	7.051635e-001
8.806210e+002	6.913699e-001
8.906110e+002	7.243383e-001
9.006110e+002	7.382026e-001
9.106030e+002	7.113009e-001
9.206040e+002	7.173020e-001
9.306140e+002	6.868422e-001
9.406240e+002	6.958996e-001
9.506250e+002	6.978929e-001
9.606540e+002	7.167139e-001
9.706460e+002	6.998778e-001
9.806460e+002	7.349903e-001
9.906370e+002	7.844361e-001
1.000647e+003	8.040750e-001
1.010647e+003	7.797773e-001
1.020657e+003	8.316718e-001
1.030668e+003	8.338037e-001
1.040668e+003	8.041238e-001
1.050678e+003	8.102813e-001
1.060679e+003	8.937925e-001
1.070690e+003	8.872239e-001
1.080711e+003	8.657501e-001
1.090720e+003	8.974758e-001
1.100731e+003	9.151625e-001
1.110721e+003	9.408090e-001
1.120721e+003	9.648636e-001
1.130731e+003	9.122556e-001
1.140741e+003	9.535751e-001
1.150742e+003	9.187736e-001
1.160733e+003	9.614589e-001
1.170734e+003	9.477037e-001
1.180745e+003	9.580134e-001
1.190754e+003	9.709725e-001
1.200755e+003	9.971682e-001
1.210785e+003	9.498643e-001
1.220786e+003	9.571547e-001
1.230816e+003	9.727562e-001
1.240808e+003	9.385409e-001
1.250807e+003	9.394585e-001
1.260819e+003	9.763692e-001
1.270819e+003	9.455381e-001
1.280829e+003	9.770843e-001
1.290839e+003	9.667356e-001
1.300829e+003	9.986518e-001
1.310829e+003	1.012035e+000
1.320839e+003	1.027083e+000
1.330849e+003	1.015086e+000
1.340849e+003	9.124278e-001
1.350840e+003	9.482529e-001
1.360850e+003	9.414690e-001
1.370832e+003	9.278057e-001
1.380843e+003	9.574339e-001
1.390863e+003	9.503883e-001
1.400873e+003	9.706726e-001
1.410883e+003	9.729403e-001
1.420873e+003	9.853885e-001
1.430873e+003	9.767264e-001
1.440883e+003	9.981718e-001
1.450893e+003	1.038945e+000
1.460893e+003	9.970941e-001
1.470885e+003	1.017251e+000
1.480886e+003	1.044176e+000
1.490897e+003	1.030939e+000
1.500907e+003	1.008626e+000
1.510907e+003	1.007430e+000
1.520919e+003	1.057202e+000
1.530919e+003	1.053066e+000
1.540929e+003	1.075239e+000
1.550939e+003	1.041560e+000
1.560939e+003	1.049514e+000
1.570949e+003	1.058013e+000
1.580959e+003	1.098710e+000
1.590942e+003	1.058410e+000
1.601005e+003	1.028860e+000
1.610973e+003	1.070111e+000
1.620984e+003	1.075385e+000
1.630994e+003	1.067735e+000
1.640994e+003	1.062607e+000
1.651004e+003	1.066569e+000
1.661025e+003	1.070023e+000
1.671035e+003	1.084304e+000
1.681045e+003	1.070161e+000
1.691035e+003	1.060120e+000
1.701035e+003	1.085688e+000
1.711045e+003	1.068160e+000
1.721055e+003	1.077263e+000
1.731055e+003	1.096858e+000
1.741065e+003	1.036637e+000
1.751065e+003	1.057020e+000
1.761095e+003	1.076559e+000
1.771096e+003	1.067214e+000
1.781153e+003	1.048643e+000
1.791136e+003	1.078228e+000
1.801157e+003	1.058938e+000
1.811140e+003	1.058031e+000
1.821170e+003	1.081242e+000
1.831171e+003	1.055398e+000
1.841182e+003	1.073649e+000
1.851193e+003	1.065784e+000
1.861174e+003	1.074197e+000
1.871184e+003	1.073302e+000
1.881195e+003	1.073975e+000
1.891199e+003	1.074006e+000
1.901191e+003	1.069073e+000
1.911191e+003	1.092292e+000
1.921202e+003	1.058360e+000
1.931202e+003	1.089462e+000
1.941213e+003	1.084758e+000
1.951233e+003	1.085830e+000
1.961244e+003	1.072569e+000
1.971246e+003	1.092602e+000
1.981276e+003	1.088790e+000
1.991286e+003	1.122205e+000
2.001307e+003	1.101599e+000
2.011308e+003	1.125951e+000
2.021339e+003	1.085268e+000
2.031340e+003	1.099476e+000
2.041370e+003	1.118690e+000
2.051370e+003	1.094730e+000
2.061380e+003	1.141531e+000
2.071390e+003	1.104977e+000
2.081389e+003	1.117255e+000
2.091421e+003	1.109999e+000
2.101422e+003	1.089273e+000
2.111432e+003	1.101792e+000
2.121442e+003	1.097321e+000
2.131442e+003	1.120062e+000
2.141451e+003	1.137597e+000
2.151461e+003	1.091119e+000
2.161451e+003	1.117961e+000
2.171451e+003	1.109053e+000
2.181461e+003	1.136615e+000
2.191471e+003	1.143770e+000
2.201471e+003	1.126921e+000
2.211462e+003	1.130104e+000
2.221465e+003	1.111537e+000
2.231475e+003	1.137575e+000
2.241478e+003	1.118918e+000
2.251508e+003	1.166292e+000
2.261509e+003	1.175306e+000
2.271539e+003	1.166142e+000
2.281539e+003	1.175907e+000
2.291548e+003	1.172878e+000
2.301559e+003	1.130703e+000
2.311560e+003	1.121760e+000
2.321572e+003	1.148445e+000
2.331573e+003	1.138414e+000
2.341603e+003	1.139379e+000
2.351604e+003	1.106395e+000
2.361634e+003	1.155584e+000
2.371634e+003	1.153569e+000
2.381644e+003	1.160286e+000
2.391636e+003	1.176519e+000
2.401636e+003	1.144178e+000
2.411646e+003	1.154869e+000
2.421639e+003	1.163408e+000
2.431649e+003	1.150907e+000
2.441651e+003	1.181040e+000
2.451671e+003	1.156548e+000
2.461682e+003	1.173151e+000
2.471702e+003	1.157715e+000
2.481732e+003	1.180068e+000
2.491733e+003	1.167743e+000
2.501763e+003	1.175444e+000
2.511763e+003	1.163358e+000
2.521774e+003	1.175890e+000
2.531784e+003	1.183844e+000
2.541783e+003	1.169474e+000
2.551793e+003	1.163686e+000
2.561803e+003	1.177599e+000
2.571793e+003	1.194010e+000
2.581795e+003	1.215342e+000
2.591805e+003	1.208691e+000
2.601786e+003	1.230190e+000
2.611796e+003	1.212612e+000
2.621806e+003	1.197286e+000
2.631806e+003	1.213214e+000
2.641816e+003	1.203277e+000
2.651807e+003	1.226995e+000
2.661827e+003	1.212609e+000
2.671837e+003	1.205636e+000
2.681847e+003	1.216222e+000
2.691837e+003	1.233014e+000
2.701838e+003	1.206197e+000
2.711848e+003	1.221252e+000
2.721830e+003	1.219896e+000
2.731840e+003	1.214557e+000
2.741850e+003	1.230579e+000
2.751851e+003	1.200159e+000
2.761881e+003	1.194774e+000
2.771881e+003	1.248123e+000
2.781891e+003	1.230991e+000
2.791901e+003	1.231170e+000
2.801902e+003	1.217764e+000
2.811914e+003	1.247013e+000
2.821915e+003	1.208315e+000
2.831925e+003	1.236872e+000
2.841935e+003	1.192280e+000
2.851918e+003	1.261941e+000
2.861948e+003	1.205144e+000
2.871947e+003	1.200430e+000
2.881979e+003	1.242478e+000
2.891979e+003	1.271856e+000
2.901991e+003	1.251068e+000
2.911992e+003	1.226040e+000
2.922002e+003	1.264255e+000
2.932012e+003	1.247521e+000
2.942012e+003	1.247286e+000
2.952022e+003	1.249478e+000
2.962032e+003	1.264328e+000
2.972032e+003	1.276463e+000
2.982042e+003	1.250588e+000
2.992063e+003	1.257206e+000
3.002073e+003	1.283903e+000
3.012083e+003	1.279326e+000
3.022073e+003	1.300839e+000
3.032074e+003	1.259466e+000
3.042065e+003	1.270175e+000
3.052085e+003	1.295941e+000
3.062095e+003	1.285514e+000
3.072105e+003	1.298891e+000
3.082087e+003	1.242232e+000
3.092098e+003	1.298546e+000
3.102100e+003	1.317776e+000
3.112130e+003	1.293764e+000
3.122130e+003	1.309088e+000
3.132143e+003	1.279439e+000
3.142153e+003	1.276421e+000
3.152153e+003	1.287102e+000
3.162163e+003	1.271722e+000
3.172164e+003	1.283290e+000
3.182194e+003	1.297924e+000
3.192195e+003	1.290507e+000
3.202206e+003	1.305800e+000
3.212226e+003	1.311775e+000
3.222237e+003	1.286919e+000
3.232291e+003	1.290798e+000
3.242268e+003	1.303451e+000
3.252288e+003	1.303947e+000
3.262301e+003	1.292462e+000
3.272301e+003	1.308150e+000
3.282331e+003	1.350411e+000
3.292333e+003	1.303669e+000
3.302363e+003	1.307811e+000
3.312363e+003	1.302042e+000
3.322373e+003	1.276551e+000
3.332383e+003	1.215560e+000
3.342384e+003	1.234433e+000
3.352393e+003	1.241562e+000
3.362415e+003	1.232653e+000
3.372424e+003	1.271647e+000
3.382435e+003	1.225706e+000
3.392425e+003	1.211789e+000
3.402424e+003	1.230669e+000
3.412434e+003	1.223571e+000
3.422435e+003	1.232970e+000
3.432445e+003	1.234446e+000
3.442436e+003	1.231644e+000
3.452446e+003	1.227832e+000
3.462446e+003	1.202046e+000
3.472456e+003	1.288140e+000
3.482457e+003	1.258517e+000
3.492487e+003	1.253307e+000
3.502488e+003	1.265833e+000
3.512518e+003	1.281122e+000
3.522519e+003	1.281748e+000
3.532531e+003	1.320402e+000
3.542532e+003	1.297024e+000
3.552544e+003	1.308105e+000
3.562545e+003	1.304864e+000
3.572555e+003	1.321628e+000
3.582565e+003	1.358775e+000
3.592565e+003	1.374894e+000
3.602575e+003	1.315228e+000
3.612585e+003	1.367169e+000
3.622585e+003	1.359129e+000
3.632596e+003	1.354636e+000
3.642606e+003	1.379129e+000
3.652596e+003	1.364973e+000
3.662596e+003	1.363178e+000
3.672606e+003	1.358661e+000
3.682617e+003	1.380994e+000
3.692617e+003	1.416633e+000
3.702627e+003	1.367066e+000
3.712628e+003	1.407457e+000
3.722658e+003	1.432380e+000
3.732668e+003	1.379283e+000
3.742689e+003	1.413356e+000
3.752699e+003	1.405355e+000
3.762699e+003	1.416380e+000
3.772709e+003	1.425762e+000
3.782719e+003	1.477441e+000
3.792740e+003	1.448868e+000
3.802740e+003	1.521121e+000
3.812751e+003	1.455693e+000
3.822762e+003	1.482814e+000
3.832764e+003	1.464802e+000
3.842784e+003	1.530589e+000
3.852814e+003	1.514638e+000
3.862805e+003	1.504024e+000
3.872827e+003	1.522479e+000
3.882828e+003	1.530781e+000
3.892876e+003	1.571400e+000
3.902859e+003	1.548132e+000
3.912889e+003	1.555269e+000
3.922899e+003	1.584127e+000
3.932920e+003	1.549649e+000
3.942920e+003	1.553004e+000
3.952951e+003	1.574846e+000
3.962951e+003	1.569449e+000
3.972961e+003	1.557065e+000
3.982952e+003	1.567181e+000
3.992972e+003	1.592979e+000
4.002983e+003	1.565744e+000
4.013003e+003	1.555209e+000
4.023013e+003	1.524496e+000
4.033034e+003	1.526576e+000
4.043044e+003	1.515873e+000
4.053054e+003	1.541264e+000
4.063054e+003	1.507932e+000
4.073064e+003	1.502604e+000
4.083076e+003	1.519824e+000
4.093076e+003	1.510241e+000
4.103086e+003	1.507851e+000
4.113086e+003	1.523417e+000
4.123097e+003	1.528376e+000
4.133107e+003	1.504630e+000
4.143098e+003	1.483817e+000
4.153097e+003	1.435545e+000
4.163107e+003	1.397117e+000
4.173118e+003	1.419524e+000
4.183118e+003	1.427855e+000
4.193108e+003	1.429304e+000
4.203128e+003	1.405681e+000
4.213194e+003	1.401524e+000
4.223168e+003	1.417776e+000
4.233224e+003	1.439377e+000
4.243172e+003	1.418474e+000
4.253184e+003	1.445947e+000
4.263238e+003	1.428009e+000
4.273215e+003	1.434811e+000
4.283216e+003	1.433357e+000
4.293226e+003	1.431505e+000
4.303217e+003	1.484817e+000
4.313237e+003	1.480615e+000
4.323248e+003	1.456240e+000
4.333258e+003	1.491452e+000
4.343280e+003	1.513730e+000
4.353281e+003	1.475043e+000
4.363291e+003	1.550101e+000
4.373301e+003	1.489788e+000
4.383282e+003	1.481637e+000
4.393292e+003	1.497908e+000
4.403302e+003	1.551592e+000
4.413303e+003	1.570311e+000
4.423313e+003	1.578720e+000
4.433323e+003	1.605858e+000
4.443323e+003	1.596335e+000
4.453333e+003	1.576402e+000
4.463386e+003	1.572714e+000
4.473365e+003	1.590203e+000
4.483366e+003	1.554764e+000
4.493377e+003	1.567503e+000
4.503387e+003	1.592738e+000
4.513369e+003	1.585597e+000
4.523379e+003	1.594548e+000
4.533388e+003	1.627772e+000
4.543389e+003	1.560052e+000
4.553399e+003	1.567197e+000
4.563409e+003	1.560739e+000
4.573410e+003	1.561824e+000
4.583421e+003	1.618371e+000
4.593441e+003	1.594933e+000
4.603451e+003	1.550520e+000
4.613453e+003	1.561663e+000
4.623462e+003	1.524106e+000
4.633473e+003	1.532010e+000
4.643454e+003	1.521988e+000
4.653518e+003	1.546917e+000
4.663485e+003	1.589689e+000
4.673495e+003	1.574473e+000
4.683505e+003	1.630656e+000
4.693505e+003	1.620690e+000
4.703516e+003	1.644768e+000
4.713537e+003	1.649726e+000
4.723547e+003	1.655244e+000
4.733568e+003	1.656999e+000
4.743579e+003	1.626739e+000
4.753589e+003	1.662991e+000
4.763589e+003	1.632813e+000
4.773580e+003	1.634276e+000
4.783590e+003	1.636450e+000
4.793590e+003	1.584645e+000
4.803600e+003	1.664084e+000
4.813610e+003	1.653594e+000
4.823591e+003	1.674545e+000
4.833601e+003	1.662035e+000
4.843623e+003	1.680687e+000
4.853633e+003	1.640479e+000
4.863643e+003	1.653535e+000
4.873633e+003	1.688361e+000
4.883634e+003	1.731336e+000
4.893644e+003	1.726805e+000
4.903645e+003	1.723789e+000
4.913654e+003	1.729191e+000
4.923665e+003	1.732923e+000
4.933664e+003	1.766940e+000
4.943695e+003	1.820776e+000
4.953705e+003	1.807658e+000
4.963704e+003	1.841149e+000
4.973715e+003	1.819121e+000
4.983725e+003	1.840794e+000
4.993725e+003	1.829984e+000
5.003735e+003	1.864296e+000
5.013735e+003	1.828466e+000
5.023745e+003	1.837212e+000
5.033755e+003	1.807418e+000
5.043754e+003	1.815646e+000
5.053766e+003	1.805790e+000
5.063777e+003	1.814882e+000
5.073777e+003	1.823971e+000
5.083787e+003	1.756946e+000
5.093788e+003	1.767213e+000
5.103818e+003	1.796568e+000
5.113818e+003	1.780298e+000
5.123849e+003	1.804415e+000
5.133850e+003	1.782927e+000
5.143880e+003	1.805471e+000
5.153881e+003	1.763711e+000
5.163892e+003	1.752117e+000
5.173912e+003	1.779588e+000
5.183922e+003	1.783671e+000
5.193932e+003	1.799775e+000
5.203913e+003	1.798633e+000
5.213923e+003	1.798967e+000
5.223933e+003	1.799288e+000
5.233933e+003	1.803002e+000
5.243943e+003	1.792776e+000
5.254000e+003	1.833455e+000
5.263976e+003	1.813110e+000
5.273996e+003	1.808078e+000
5.284006e+003	1.840778e+000
5.294017e+003	1.785827e+000
5.304017e+003	1.774467e+000
5.314008e+003	1.848948e+000
5.324029e+003	1.824380e+000
5.334073e+003	1.844530e+000
5.344060e+003	1.858735e+000
5.354070e+003	1.835464e+000
5.364080e+003	1.868858e+000
5.374062e+003	1.854151e+000
5.384072e+003	1.838559e+000
5.394063e+003	1.863111e+000
5.404083e+003	1.897887e+000
5.414093e+003	1.926535e+000
5.424103e+003	1.868444e+000
5.434085e+003	1.874064e+000
5.444096e+003	1.910286e+000
5.454116e+003	1.884378e+000
5.464126e+003	1.896289e+000
5.474136e+003	1.886849e+000
5.484135e+003	1.886982e+000
5.494146e+003	1.896600e+000
5.504156e+003	1.898938e+000
5.514156e+003	1.871515e+000
5.524149e+003	1.908565e+000
5.534168e+003	1.901802e+000
5.544179e+003	1.906107e+000
5.554189e+003	1.891052e+000
5.564189e+003	1.915044e+000
5.574200e+003	1.886699e+000
5.584201e+003	1.869880e+000
5.594211e+003	1.897900e+000
5.604221e+003	1.896487e+000
5.614202e+003	1.936767e+000
5.624212e+003	1.964107e+000
5.634222e+003	1.990526e+000
5.644204e+003	2.032345e+000
5.654214e+003	2.113139e+000
5.664205e+003	2.157680e+000
5.674216e+003	2.161271e+000
5.684216e+003	2.183306e+000
5.694226e+003	2.172984e+000
5.704226e+003	2.234418e+000
5.714281e+003	2.223961e+000
5.724258e+003	2.228922e+000
5.734269e+003	2.259540e+000
5.744289e+003	2.229089e+000
5.754300e+003	2.267196e+000
5.764302e+003	2.236615e+000
5.774312e+003	2.264633e+000
5.784303e+003	2.294318e+000
5.794323e+003	2.261098e+000
5.804334e+003	2.268818e+000
5.814354e+003	2.282857e+000
5.824363e+003	2.267846e+000
5.834374e+003	2.274453e+000
5.844374e+003	2.258069e+000
5.854384e+003	2.275554e+000
5.864394e+003	2.244698e+000
5.874374e+003	2.291035e+000
5.884384e+003	2.280326e+000
5.894394e+003	2.255513e+000
5.904394e+003	2.298573e+000
5.914404e+003	2.274776e+000
5.924414e+003	2.277948e+000
5.934414e+003	2.282831e+000
5.944444e+003	2.286952e+000
5.954445e+003	2.290643e+000
5.964475e+003	2.301808e+000
5.974476e+003	2.279986e+000
5.984538e+003	2.280066e+000
5.994507e+003	2.284375e+000
6.004537e+003	2.282243e+000
6.014547e+003	2.325562e+000
6.024547e+003	2.290727e+000
6.034557e+003	2.314516e+000
6.044558e+003	2.322937e+000
6.054588e+003	2.321829e+000
6.064588e+003	2.312820e+000
6.074619e+003	2.300310e+000
6.084619e+003	2.299665e+000
6.094629e+003	2.279269e+000
6.104620e+003	2.276759e+000
6.114640e+003	2.250749e+000
6.124651e+003	2.244785e+000
6.134652e+003	2.226544e+000
6.144662e+003	2.299668e+000
6.154672e+003	2.277641e+000
6.164672e+003	2.276394e+000
6.174682e+003	2.228285e+000
6.184675e+003	2.236779e+000
6.194675e+003	2.220730e+000
6.204685e+003	2.214962e+000
6.214695e+003	2.237178e+000
6.224695e+003	2.212442e+000
6.234705e+003	2.222045e+000
6.244716e+003	2.208812e+000
6.254716e+003	2.238741e+000
6.264727e+003	2.187363e+000
6.274747e+003	2.224946e+000
6.284757e+003	2.219344e+000
6.294767e+003	2.210206e+000
6.304756e+003	2.208230e+000
6.314756e+003	2.255028e+000
6.324748e+003	2.239810e+000
6.334749e+003	2.244933e+000
6.344780e+003	2.232408e+000
6.354772e+003	2.248984e+000
6.364772e+003	2.273047e+000
6.374763e+003	2.254657e+000
6.384783e+003	2.276337e+000
6.394833e+003	2.271979e+000
6.404805e+003	2.259584e+000
6.414826e+003	2.283316e+000
6.424818e+003	2.236085e+000
6.434818e+003	2.273621e+000
6.444809e+003	2.255318e+000
6.454820e+003	2.296035e+000
6.464821e+003	2.274986e+000
6.474831e+003	2.285909e+000
6.484822e+003	2.255529e+000
6.494822e+003	2.290135e+000
6.504832e+003	2.267728e+000
6.514843e+003	2.268749e+000
6.524842e+003	2.298036e+000
6.534852e+003	2.323342e+000
6.544853e+003	2.306662e+000
6.554864e+003	2.322667e+000
6.564874e+003	2.336051e+000
6.574864e+003	2.309061e+000
6.584864e+003	2.316007e+000
6.594855e+003	2.341412e+000
6.604865e+003	2.365777e+000
6.614855e+003	2.356552e+000
6.624856e+003	2.368822e+000
6.634866e+003	2.338106e+000
6.644875e+003	2.368849e+000
6.654876e+003	2.326808e+000
6.664886e+003	2.333775e+000
6.674896e+003	2.334937e+000
6.684898e+003	2.390714e+000
6.694908e+003	2.357593e+000
6.704898e+003	2.334398e+000
6.714898e+003	2.359664e+000
6.724909e+003	2.365866e+000
6.734918e+003	2.367570e+000
6.744917e+003	2.377753e+000
6.754928e+003	2.374975e+000
6.764937e+003	2.396672e+000
6.774937e+003	2.337357e+000
6.784929e+003	2.375713e+000
6.794930e+003	2.398199e+000
6.804960e+003	2.398431e+000
6.814970e+003	2.385167e+000
6.824991e+003	2.418646e+000
6.835001e+003	2.428495e+000
6.845001e+003	2.429972e+000
6.854992e+003	2.390717e+000
6.865012e+003	2.375493e+000
6.875042e+003	2.386579e+000
6.885042e+003	2.414171e+000
6.895052e+003	2.380877e+000
6.905043e+003	2.374072e+000
6.915063e+003	2.379120e+000
6.925093e+003	2.359504e+000
6.935094e+003	2.399079e+000
6.945105e+003	2.433956e+000
6.955106e+003	2.399365e+000
6.965116e+003	2.424271e+000
6.975126e+003	2.447044e+000
6.985126e+003	2.459618e+000
6.995136e+003	2.458070e+000
7.005147e+003	2.461118e+000
7.015147e+003	2.452498e+000
7.025157e+003	2.474189e+000
7.035167e+003	2.473249e+000
7.045167e+003	2.474528e+000
7.055178e+003	2.457108e+000
7.065187e+003	2.525447e+000
7.075169e+003	2.484119e+000
7.085179e+003	2.492162e+000
7.095189e+003	2.513894e+000
7.105189e+003	2.530233e+000
7.115199e+003	2.473438e+000
7.125189e+003	2.480064e+000
7.135210e+003	2.498110e+000
7.145219e+003	2.491470e+000
7.155230e+003	2.480828e+000
7.165211e+003	2.498572e+000
7.175220e+003	2.476371e+000
7.185230e+003	2.479318e+000
7.195231e+003	2.471803e+000
7.205263e+003	2.453119e+000
7.215264e+003	2.478885e+000
7.225274e+003	2.489674e+000
7.235274e+003	2.504297e+000
7.245285e+003	2.524129e+000
7.255306e+003	2.519726e+000
7.265316e+003	2.513165e+000
7.275326e+003	2.494704e+000
7.285316e+003	2.476498e+000
7.295316e+003	2.511734e+000
7.305326e+003	2.510252e+000
7.315327e+003	2.515251e+000
7.325337e+003	2.548091e+000
7.335347e+003	2.542934e+000
7.345346e+003	2.541148e+000
7.355377e+003	2.554514e+000
7.365369e+003	2.573179e+000
7.375426e+003	2.486088e+000
