6.000000e-001	1.231263e-001
1.121200e+001	8.702756e-002
2.182300e+001	8.524865e-002
3.243300e+001	9.212526e-002
4.304500e+001	8.861091e-002
5.365500e+001	8.570833e-002
6.426600e+001	8.800523e-002
7.487800e+001	8.665192e-002
8.548800e+001	8.445429e-002
9.609900e+001	9.505770e-002
1.067110e+002	8.345190e-002
1.173210e+002	8.842063e-002
1.279320e+002	6.483365e-002
1.385440e+002	8.974767e-002
1.491540e+002	8.947705e-002
1.597650e+002	8.712461e-002
1.703760e+002	8.595047e-002
1.809870e+002	9.436238e-002
1.915980e+002	9.044706e-002
2.022090e+002	9.225809e-002
2.128200e+002	9.298363e-002
2.234310e+002	9.835535e-002
2.340420e+002	9.339628e-002
2.446530e+002	9.378304e-002
2.552640e+002	8.965035e-002
2.658750e+002	8.262498e-002
2.764860e+002	9.299206e-002
2.870960e+002	9.049602e-002
2.977080e+002	9.297332e-002
3.083190e+002	8.956360e-002
3.189290e+002	9.247399e-002
3.295410e+002	9.123700e-002
3.401510e+002	8.660106e-002
3.507620e+002	8.826448e-002
3.613740e+002	9.099129e-002
3.719840e+002	9.384723e-002
3.825950e+002	9.696931e-002
3.932060e+002	9.213454e-002
4.038170e+002	9.275761e-002
4.144280e+002	9.108141e-002
4.250400e+002	9.196063e-002
4.356500e+002	9.145792e-002
4.462280e+002	9.615535e-002
4.568380e+002	9.489288e-002
4.674500e+002	9.482889e-002
4.780600e+002	9.730394e-002
4.886720e+002	9.100422e-002
4.992830e+002	9.547500e-002
5.098930e+002	9.857323e-002
5.205050e+002	9.184864e-002
5.311160e+002	9.338515e-002
5.417260e+002	9.132062e-002
5.523380e+002	9.224526e-002
5.629480e+002	9.053565e-002
5.735590e+002	9.354398e-002
5.841710e+002	9.006511e-002
5.947810e+002	9.184699e-002
6.053920e+002	9.460547e-002
6.160040e+002	9.706645e-002
6.265810e+002	9.267395e-002
6.371580e+002	9.283096e-002
6.477360e+002	9.290656e-002
6.583130e+002	9.319997e-002
6.688910e+002	1.132510e-001
6.794680e+002	9.614001e-002
6.900470e+002	1.022268e-001
7.006240e+002	9.743008e-002
7.112020e+002	9.657154e-002
7.217790e+002	1.028128e-001
7.323570e+002	1.005356e-001
7.429340e+002	1.087305e-001
7.535120e+002	1.059235e-001
7.640890e+002	9.809281e-002
7.746680e+002	1.049496e-001
7.852450e+002	9.851575e-002
7.958220e+002	9.253048e-002
8.064000e+002	9.603942e-002
8.169770e+002	9.787472e-002
8.275550e+002	1.005062e-001
8.381320e+002	9.621192e-002
8.487110e+002	9.586860e-002
8.592880e+002	9.987326e-002
8.698660e+002	9.794569e-002
8.804430e+002	1.009846e-001
8.910210e+002	9.745103e-002
9.015980e+002	1.128272e-001
9.121760e+002	9.962780e-002
9.227540e+002	1.036881e-001
9.333320e+002	9.793683e-002
9.439090e+002	9.419602e-002
9.544870e+002	1.067490e-001
9.650640e+002	1.075937e-001
9.756420e+002	9.882721e-002
9.862190e+002	1.166324e-001
9.967970e+002	1.011041e-001
1.007375e+003	1.105450e-001
1.017953e+003	1.101711e-001
1.028530e+003	1.112087e-001
1.039108e+003	1.113014e-001
1.049685e+003	1.124688e-001
1.060263e+003	1.055403e-001
1.070840e+003	1.107412e-001
1.081419e+003	1.046884e-001
1.091996e+003	1.147875e-001
1.102574e+003	1.052405e-001
1.113151e+003	9.181575e-002
1.123728e+003	1.067156e-001
1.134306e+003	1.133762e-001
1.144883e+003	1.077525e-001
1.155462e+003	1.089779e-001
1.166039e+003	1.102521e-001
1.176617e+003	1.088223e-001
1.187194e+003	1.068503e-001
1.197772e+003	1.101707e-001
1.208349e+003	1.100389e-001
1.218927e+003	1.089802e-001
1.229505e+003	1.117302e-001
1.240082e+003	1.103860e-001
1.250660e+003	1.047491e-001
1.261237e+003	1.113361e-001
1.271815e+003	1.115047e-001
1.282392e+003	1.070573e-001
1.292970e+003	1.157721e-001
1.303547e+003	1.141241e-001
1.314125e+003	1.126890e-001
1.324703e+003	1.187799e-001
1.335280e+003	9.503742e-002
1.345858e+003	9.319881e-002
1.356435e+003	9.566814e-002
1.367013e+003	9.428665e-002
1.377590e+003	1.002668e-001
1.388169e+003	9.950809e-002
1.398746e+003	1.005625e-001
1.409324e+003	9.739168e-002
1.419901e+003	9.707688e-002
1.430478e+003	9.495740e-002
1.441056e+003	9.834069e-002
1.451633e+003	1.063153e-001
1.462212e+003	1.023766e-001
1.472790e+003	9.748952e-002
1.483367e+003	9.733092e-002
1.493945e+003	1.025519e-001
1.504522e+003	9.718524e-002
1.515099e+003	9.224989e-002
1.525677e+003	9.671514e-002
1.536255e+003	1.021184e-001
1.546833e+003	9.502047e-002
1.557410e+003	1.043559e-001
1.567987e+003	1.033448e-001
1.578565e+003	1.021506e-001
1.589142e+003	1.009328e-001
1.599720e+003	1.011843e-001
1.610297e+003	1.022664e-001
1.620875e+003	1.018963e-001
1.631453e+003	1.002312e-001
1.642030e+003	1.034273e-001
1.652608e+003	1.026286e-001
1.663186e+003	1.015991e-001
1.673763e+003	1.032293e-001
1.684340e+003	1.014640e-001
1.694919e+003	1.018523e-001
1.705496e+003	1.006197e-001
1.716074e+003	1.068648e-001
1.726651e+003	1.028942e-001
1.737229e+003	1.057067e-001
1.747806e+003	1.060327e-001
1.758384e+003	1.071979e-001
1.768962e+003	1.038495e-001
1.779540e+003	9.883024e-002
1.790117e+003	1.051618e-001
1.800695e+003	1.020084e-001
1.811272e+003	1.035355e-001
1.821850e+003	1.030655e-001
1.832427e+003	1.051841e-001
1.843005e+003	1.054406e-001
1.853583e+003	1.041434e-001
1.864160e+003	9.868325e-002
1.874738e+003	1.034767e-001
1.885315e+003	1.027107e-001
1.895893e+003	1.024594e-001
1.906470e+003	1.046974e-001
1.917048e+003	1.050867e-001
1.927592e+003	8.543841e-002
1.938204e+003	1.019416e-001
1.948781e+003	1.060676e-001
1.959359e+003	1.013565e-001
1.969936e+003	1.043871e-001
1.980514e+003	9.879746e-002
1.991091e+003	1.010570e-001
2.001669e+003	1.036944e-001
2.012247e+003	1.014522e-001
2.022824e+003	9.820223e-002
2.033402e+003	9.934123e-002
2.043979e+003	9.912153e-002
2.054557e+003	1.031242e-001
2.065134e+003	1.079901e-001
2.075713e+003	1.057442e-001
2.086290e+003	1.056311e-001
2.096868e+003	1.070749e-001
2.107445e+003	1.061772e-001
2.118023e+003	1.080712e-001
2.128600e+003	1.036604e-001
2.139178e+003	1.017223e-001
2.149755e+003	1.044922e-001
2.160334e+003	1.007389e-001
2.170911e+003	1.023852e-001
2.181489e+003	1.084265e-001
2.192066e+003	1.045771e-001
2.202644e+003	1.058914e-001
2.213221e+003	1.071339e-001
2.223798e+003	1.048386e-001
2.234377e+003	1.077273e-001
2.244955e+003	1.070690e-001
2.255398e+003	9.752026e-002
2.266009e+003	1.028272e-001
2.276587e+003	1.023389e-001
2.286864e+003	1.024891e-001
2.297275e+003	1.019536e-001
2.307886e+003	9.894353e-002
2.318463e+003	1.081541e-001
2.329041e+003	1.077207e-001
2.339619e+003	1.139504e-001
2.350197e+003	1.106407e-001
2.360774e+003	1.102798e-001
2.371351e+003	1.114928e-001
2.381929e+003	1.106893e-001
2.392506e+003	1.191349e-001
2.403085e+003	1.108581e-001
2.413662e+003	1.105288e-001
2.424240e+003	1.128087e-001
2.434817e+003	1.152122e-001
2.445395e+003	1.187611e-001
2.455972e+003	1.113219e-001
2.466550e+003	1.133516e-001
2.477128e+003	1.105565e-001
2.487672e+003	9.681940e-002
2.498250e+003	1.117373e-001
2.508827e+003	1.114842e-001
2.519405e+003	1.149792e-001
2.529982e+003	1.112010e-001
2.540560e+003	1.142944e-001
2.551137e+003	1.131898e-001
2.561715e+003	1.107480e-001
2.572293e+003	1.165899e-001
2.582871e+003	1.103811e-001
2.593449e+003	1.130786e-001
2.604026e+003	1.132953e-001
2.614604e+003	1.135232e-001
2.625181e+003	1.009653e-001
2.635758e+003	1.151514e-001
2.646337e+003	1.117027e-001
2.656914e+003	1.128642e-001
2.667492e+003	1.113085e-001
2.678069e+003	1.154470e-001
2.688647e+003	1.198943e-001
2.699224e+003	1.106633e-001
2.709802e+003	1.154486e-001
2.720380e+003	1.152069e-001
2.730958e+003	1.121061e-001
2.741535e+003	1.328315e-001
2.752112e+003	1.151290e-001
2.762690e+003	1.076967e-001
2.773267e+003	1.192360e-001
2.783845e+003	1.014959e-001
2.794422e+003	1.174864e-001
2.805001e+003	1.239276e-001
2.815611e+003	1.284026e-001
2.826222e+003	1.229819e-001
2.836833e+003	1.216864e-001
2.847444e+003	1.208452e-001
2.858021e+003	1.295905e-001
2.868632e+003	1.260459e-001
2.879210e+003	1.297303e-001
2.889854e+003	1.294655e-001
2.900465e+003	1.224223e-001
2.911077e+003	1.252600e-001
2.921687e+003	1.322204e-001
2.932298e+003	1.287095e-001
2.942909e+003	1.317590e-001
2.953520e+003	1.307341e-001
2.964131e+003	1.256380e-001
2.974742e+003	1.301778e-001
2.985353e+003	1.290302e-001
2.995964e+003	1.333267e-001
3.006575e+003	1.280182e-001
3.017186e+003	1.379117e-001
3.027797e+003	1.328619e-001
3.038408e+003	1.422713e-001
3.049019e+003	1.272927e-001
3.059630e+003	1.291237e-001
3.070241e+003	1.276580e-001
3.080852e+003	1.240469e-001
3.091463e+003	1.336161e-001
3.102074e+003	1.328677e-001
3.112685e+003	1.246659e-001
3.123296e+003	1.270370e-001
3.133907e+003	1.329650e-001
3.144517e+003	1.302823e-001
3.155129e+003	1.302508e-001
3.165740e+003	1.303687e-001
3.176350e+003	1.323109e-001
3.186962e+003	1.342514e-001
3.197573e+003	1.334313e-001
3.208183e+003	1.339177e-001
3.218795e+003	1.281287e-001
3.229406e+003	1.400464e-001
3.240016e+003	1.307252e-001
3.250628e+003	1.440897e-001
3.261239e+003	1.377666e-001
3.271849e+003	1.377537e-001
3.282461e+003	1.371532e-001
3.293072e+003	1.328984e-001
3.303682e+003	1.302241e-001
3.314294e+003	1.373948e-001
3.324905e+003	1.292312e-001
3.335515e+003	1.274282e-001
3.346127e+003	1.390879e-001
3.356737e+003	1.339826e-001
3.367348e+003	1.373649e-001
3.377960e+003	1.347511e-001
3.388570e+003	1.341028e-001
3.399181e+003	1.344851e-001
3.409792e+003	1.309133e-001
3.420403e+003	1.332342e-001
3.431014e+003	1.327670e-001
3.441625e+003	1.326990e-001
3.452236e+003	1.352236e-001
3.462846e+003	1.315753e-001
3.473458e+003	1.357745e-001
3.484069e+003	1.330794e-001
3.494679e+003	1.330094e-001
3.505291e+003	1.351709e-001
3.515902e+003	1.317618e-001
3.526512e+003	1.366917e-001
3.537124e+003	1.312560e-001
3.547735e+003	1.297393e-001
3.558345e+003	1.307237e-001
3.568957e+003	1.336257e-001
3.579567e+003	1.418783e-001
3.590178e+003	1.345379e-001
3.600790e+003	1.469608e-001
3.611400e+003	1.368041e-001
3.622011e+003	1.295442e-001
3.632623e+003	1.401587e-001
3.643233e+003	1.366548e-001
3.653844e+003	1.400867e-001
3.664456e+003	1.461782e-001
3.675066e+003	1.424466e-001
3.685677e+003	1.449361e-001
3.696288e+003	1.412396e-001
3.706899e+003	1.401906e-001
3.717510e+003	1.411168e-001
3.728121e+003	1.385030e-001
3.738732e+003	1.425055e-001
3.749343e+003	1.412534e-001
3.759954e+003	1.385362e-001
3.770565e+003	1.416803e-001
3.781175e+003	1.505689e-001
3.791787e+003	1.459676e-001
3.802398e+003	1.414485e-001
3.813008e+003	1.445828e-001
3.823620e+003	1.370257e-001
3.834231e+003	1.423092e-001
3.844841e+003	1.452884e-001
3.855453e+003	1.450776e-001
3.866063e+003	1.369949e-001
3.876641e+003	1.442584e-001
3.887218e+003	1.398553e-001
3.897797e+003	1.412544e-001
3.908374e+003	1.441585e-001
3.918951e+003	1.361005e-001
3.929529e+003	1.431468e-001
3.940106e+003	1.374521e-001
3.950684e+003	1.444215e-001
3.961261e+003	1.439192e-001
3.971839e+003	1.370617e-001
3.982417e+003	1.402793e-001
3.992995e+003	1.522646e-001
4.003572e+003	1.415715e-001
4.014150e+003	1.348293e-001
4.024727e+003	1.408919e-001
4.035304e+003	1.397178e-001
4.045882e+003	1.422327e-001
4.056460e+003	1.396654e-001
4.067038e+003	1.413654e-001
4.077615e+003	1.461099e-001
4.088193e+003	1.403359e-001
4.098770e+003	1.424149e-001
4.109348e+003	1.427084e-001
4.119925e+003	1.437415e-001
4.130504e+003	1.414032e-001
4.141081e+003	1.433769e-001
4.151659e+003	1.452934e-001
4.162236e+003	1.413048e-001
4.172813e+003	1.441590e-001
4.183391e+003	1.378559e-001
4.193968e+003	1.435943e-001
4.204547e+003	1.397923e-001
4.215124e+003	1.478025e-001
4.225702e+003	1.416686e-001
4.236279e+003	1.558323e-001
4.246857e+003	1.418394e-001
4.257434e+003	1.434271e-001
4.268012e+003	1.369884e-001
4.278589e+003	1.428924e-001
4.289168e+003	1.467108e-001
4.299745e+003	1.462924e-001
4.310323e+003	1.473758e-001
4.320900e+003	1.476449e-001
4.331477e+003	1.398395e-001
4.342055e+003	1.480264e-001
4.352632e+003	1.495908e-001
4.363211e+003	1.420475e-001
4.373788e+003	1.464084e-001
4.384365e+003	1.453193e-001
4.394943e+003	1.408133e-001
4.405520e+003	1.456941e-001
4.416098e+003	1.459210e-001
4.426675e+003	1.523364e-001
4.437253e+003	1.564638e-001
4.447831e+003	1.479019e-001
4.458408e+003	1.505185e-001
4.468986e+003	1.534047e-001
4.479563e+003	1.447119e-001
4.490141e+003	1.539345e-001
4.500718e+003	1.516028e-001
4.511296e+003	1.502703e-001
4.521874e+003	1.538127e-001
4.532451e+003	1.524031e-001
4.543029e+003	1.538489e-001
4.553606e+003	1.564876e-001
4.564184e+003	1.492559e-001
4.574761e+003	1.528814e-001
4.585338e+003	1.542158e-001
4.595917e+003	1.315080e-001
4.606494e+003	1.565852e-001
4.617072e+003	1.562543e-001
4.627649e+003	1.542858e-001
4.638227e+003	1.584142e-001
4.648804e+003	1.658367e-001
4.659382e+003	1.507881e-001
4.669960e+003	1.551742e-001
4.680538e+003	1.567796e-001
4.691115e+003	1.592903e-001
4.701693e+003	1.563607e-001
4.712270e+003	1.595954e-001
4.722848e+003	1.557439e-001
4.733425e+003	1.535666e-001
4.744003e+003	1.587555e-001
4.754581e+003	1.546604e-001
4.765159e+003	1.592000e-001
4.775736e+003	1.556885e-001
4.786313e+003	1.575210e-001
4.796891e+003	1.590289e-001
4.807468e+003	1.564797e-001
4.818047e+003	1.577516e-001
4.828624e+003	1.749338e-001
4.839202e+003	1.553953e-001
4.849779e+003	1.522512e-001
4.860357e+003	1.498464e-001
4.870934e+003	1.619672e-001
4.881511e+003	1.566171e-001
4.892089e+003	1.577929e-001
4.902667e+003	1.578633e-001
4.913245e+003	1.506071e-001
4.923822e+003	1.532840e-001
4.934400e+003	1.561273e-001
4.944977e+003	1.615850e-001
4.955555e+003	1.591809e-001
4.966132e+003	1.651869e-001
4.976710e+003	1.614539e-001
4.987288e+003	1.606493e-001
4.997865e+003	1.652287e-001
5.008443e+003	1.620942e-001
5.019020e+003	1.621466e-001
5.029598e+003	1.583147e-001
5.040175e+003	1.586890e-001
5.050754e+003	1.614054e-001
5.061331e+003	1.663767e-001
5.071909e+003	1.621510e-001
5.082486e+003	1.655895e-001
5.093064e+003	1.631498e-001
5.103641e+003	1.675618e-001
5.114218e+003	1.653859e-001
5.124797e+003	1.665353e-001
5.135374e+003	1.628036e-001
5.145952e+003	1.615308e-001
5.156529e+003	1.616170e-001
5.167106e+003	1.804677e-001
5.177684e+003	1.667198e-001
5.188261e+003	1.578490e-001
5.198839e+003	1.698440e-001
5.209417e+003	1.770958e-001
5.219995e+003	1.734904e-001
5.230572e+003	1.744307e-001
5.241150e+003	1.612882e-001
5.251727e+003	1.797183e-001
5.262305e+003	1.713713e-001
5.272882e+003	1.669383e-001
5.283461e+003	1.730809e-001
5.294038e+003	1.717870e-001
5.304616e+003	1.713384e-001
5.315193e+003	1.701427e-001
5.325771e+003	1.729569e-001
5.336348e+003	1.785357e-001
5.346925e+003	1.776741e-001
5.357504e+003	1.797052e-001
5.368081e+003	1.788644e-001
5.378659e+003	1.764961e-001
5.389236e+003	1.779517e-001
5.399814e+003	1.766754e-001
5.410391e+003	1.861067e-001
5.420969e+003	1.824324e-001
5.431547e+003	1.786272e-001
5.442125e+003	1.788953e-001
5.452702e+003	1.764981e-001
5.463280e+003	1.726516e-001
5.473857e+003	1.788906e-001
5.484434e+003	1.736566e-001
5.495012e+003	1.823097e-001
5.505589e+003	1.787115e-001
5.516168e+003	1.794686e-001
5.526745e+003	1.601928e-001
5.537323e+003	1.764821e-001
5.547900e+003	1.780215e-001
5.558478e+003	1.850757e-001
5.569055e+003	1.788478e-001
5.579633e+003	1.776834e-001
5.590211e+003	1.813226e-001
5.600789e+003	1.796646e-001
5.611366e+003	1.783233e-001
5.621943e+003	1.782835e-001
5.632488e+003	1.666804e-001
5.643065e+003	1.725637e-001
5.653642e+003	1.778084e-001
5.664220e+003	1.777409e-001
5.674797e+003	1.838199e-001
5.685376e+003	1.810296e-001
5.695953e+003	1.800895e-001
5.706531e+003	1.848135e-001
5.717108e+003	1.791071e-001
5.727686e+003	1.826293e-001
5.738263e+003	1.890119e-001
5.748841e+003	1.810090e-001
5.759419e+003	1.799651e-001
5.769997e+003	1.853588e-001
5.780574e+003	1.804715e-001
5.791152e+003	1.810751e-001
5.801729e+003	1.726396e-001
5.812307e+003	1.783586e-001
5.822884e+003	1.781645e-001
5.833463e+003	1.784378e-001
5.844040e+003	1.788479e-001
5.854618e+003	1.778785e-001
5.865195e+003	1.813606e-001
5.875773e+003	1.748686e-001
5.886350e+003	1.783620e-001
5.896928e+003	1.885275e-001
5.907505e+003	1.745245e-001
5.918083e+003	1.709835e-001
5.928661e+003	1.539203e-001
5.939238e+003	1.491725e-001
5.949816e+003	1.289453e-001
5.960393e+003	1.182671e-001
5.970971e+003	1.130562e-001
5.981548e+003	1.085503e-001
5.992126e+003	9.947209e-002
6.002704e+003	1.006125e-001
6.013282e+003	9.654261e-002
6.023859e+003	9.567088e-002
6.034437e+003	8.584671e-002
6.045014e+003	8.179908e-002
6.055592e+003	8.090508e-002
6.066170e+003	7.916506e-002
6.076747e+003	7.854945e-002
6.087325e+003	7.431529e-002
6.097769e+003	8.675911e-002
6.108183e+003	8.016814e-002
6.118560e+003	7.920622e-002
6.128934e+003	7.629165e-002
6.139212e+003	7.498353e-002
6.149522e+003	7.465319e-002
6.159833e+003	6.537411e-002
6.170144e+003	6.352515e-002
6.180455e+003	5.289227e-002
6.190765e+003	5.779705e-002
6.201076e+003	4.669252e-002
6.211386e+003	4.113965e-002
6.221697e+003	3.822981e-002
6.232007e+003	3.185335e-002
6.242318e+003	3.358542e-002
6.252630e+003	2.325888e-002
6.262940e+003	2.125359e-002
6.273251e+003	6.693890e-003
6.283561e+003	1.396098e-002
6.293872e+003	2.969892e-002
6.304182e+003	7.166464e-003
6.314494e+003	7.831429e-003
6.324804e+003	2.184511e-003
6.335115e+003	-9.205247e-003
6.345425e+003	-8.818170e-003
6.355736e+003	-2.781290e-004
6.366047e+003	1.713167e-002
6.376357e+003	-5.307017e-003
6.386668e+003	-8.384958e-003
6.396979e+003	-1.906909e-002
6.407290e+003	-3.319306e-002
6.417600e+003	-9.332447e-003
6.427911e+003	-1.097207e-002
6.438221e+003	-2.078894e-002
6.448533e+003	-1.682593e-002
6.458843e+003	-1.695628e-002
6.469154e+003	-2.968898e-002
6.479464e+003	-2.863577e-002
6.489775e+003	-2.339096e-002
6.500086e+003	-2.427205e-002
6.510396e+003	-2.871840e-002
6.520707e+003	-3.426179e-002
6.531018e+003	-3.414565e-002
6.541329e+003	-3.517308e-002
6.551639e+003	-3.373013e-002
6.561950e+003	-3.802044e-002
6.572260e+003	-4.644747e-002
6.582571e+003	-4.735126e-002
6.592882e+003	-4.658484e-002
6.603193e+003	-5.353876e-002
6.613504e+003	-5.776324e-002
6.623814e+003	-5.496764e-002
6.634125e+003	-6.071190e-002
6.644435e+003	-6.228273e-002
6.654746e+003	-5.771103e-002
6.665056e+003	-5.718037e-002
6.675367e+003	-6.244899e-002
6.685678e+003	-7.284331e-002
6.695989e+003	-6.495385e-002
6.706299e+003	-6.987347e-002
6.716610e+003	-6.670682e-002
6.726921e+003	-7.120515e-002
6.737231e+003	-8.034996e-002
6.747542e+003	-7.529212e-002
6.757852e+003	-8.499701e-002
6.768163e+003	-6.870507e-002
6.778474e+003	-7.460026e-002
6.788785e+003	-7.631371e-002
6.799095e+003	-8.545862e-002
6.809406e+003	-8.737139e-002
6.819716e+003	-8.867113e-002
6.830028e+003	-7.929439e-002
6.840338e+003	-7.889648e-002
6.850649e+003	-8.173992e-002
6.860960e+003	-7.442542e-002
6.871270e+003	-8.972240e-002
6.881582e+003	-9.046110e-002
6.891892e+003	-8.785898e-002
6.902203e+003	-8.414893e-002
6.912513e+003	-9.731559e-002
6.922824e+003	-9.925898e-002
6.933134e+003	-9.701319e-002
6.943446e+003	-9.069039e-002
6.953756e+003	-8.929179e-002
6.964067e+003	-9.236953e-002
6.974378e+003	-9.679839e-002
6.984688e+003	-9.910911e-002
6.994999e+003	-9.905692e-002
7.005309e+003	-9.998286e-002
7.015620e+003	-1.056195e-001
7.025931e+003	-1.022740e-001
7.036242e+003	-9.627956e-002
7.046552e+003	-1.008324e-001
7.056863e+003	-9.576268e-002
7.067173e+003	-9.798295e-002
7.077484e+003	-1.007717e-001
7.087795e+003	-1.029241e-001
7.098105e+003	-8.983678e-002
7.108417e+003	-1.009765e-001
7.118727e+003	-9.664428e-002
7.129038e+003	-9.834126e-002
7.139348e+003	-9.575858e-002
7.149659e+003	-1.025528e-001
7.159969e+003	-1.016431e-001
7.170280e+003	-1.051512e-001
7.180591e+003	-9.723341e-002
7.190902e+003	-1.013578e-001
7.201213e+003	-1.028957e-001
7.211523e+003	-1.104874e-001
7.221834e+003	-1.056900e-001
7.232144e+003	-1.084328e-001
7.242455e+003	-1.102062e-001
7.252766e+003	-1.120234e-001
7.263077e+003	-1.133554e-001
7.273387e+003	-1.098303e-001
7.283698e+003	-1.096017e-001
7.294008e+003	-1.220610e-001
7.304319e+003	-1.169396e-001
7.314630e+003	-1.381793e-001
7.324941e+003	-1.250570e-001
7.335252e+003	-1.247271e-001
7.345562e+003	-1.225615e-001
7.355874e+003	-1.272103e-001
7.366184e+003	-1.264933e-001
7.376495e+003	-1.285436e-001
7.386805e+003	-1.337374e-001
7.397116e+003	-1.354477e-001
7.407426e+003	-1.424800e-001
7.417738e+003	-1.381023e-001
7.428048e+003	-1.418549e-001
7.438359e+003	-1.352076e-001
7.448670e+003	-1.299242e-001
7.458980e+003	-1.384019e-001
7.469291e+003	-1.371749e-001
7.479602e+003	-1.385712e-001
7.489913e+003	-1.385696e-001
7.500223e+003	-1.452187e-001
7.510534e+003	-1.487902e-001
7.520844e+003	-1.524455e-001
7.531155e+003	-1.454737e-001
7.541466e+003	-1.457390e-001
7.551777e+003	-1.384212e-001
7.562088e+003	-1.424556e-001
7.572398e+003	-1.329875e-001
7.582709e+003	-1.424355e-001
7.593019e+003	-1.458612e-001
7.603330e+003	-1.401851e-001
7.613641e+003	-1.475650e-001
7.623952e+003	-1.527005e-001
7.634262e+003	-1.496248e-001
7.644573e+003	-1.386985e-001
7.654883e+003	-1.439967e-001
7.665194e+003	-1.513056e-001
7.675505e+003	-1.409405e-001
7.685815e+003	-1.439287e-001
7.696127e+003	-1.442206e-001
7.706437e+003	-1.426526e-001
7.716748e+003	-1.440730e-001
7.727058e+003	-1.465224e-001
7.737369e+003	-1.499158e-001
7.747679e+003	-1.567768e-001
7.757990e+003	-1.493927e-001
7.768301e+003	-1.560254e-001
7.778612e+003	-1.585711e-001
7.788922e+003	-1.544362e-001
7.799233e+003	-1.538061e-001
7.809544e+003	-1.504517e-001
7.819854e+003	-1.488076e-001
7.830165e+003	-1.587044e-001
7.840476e+003	-1.603029e-001
7.850787e+003	-1.584108e-001
7.861097e+003	-1.565039e-001
7.871408e+003	-1.653211e-001
7.881718e+003	-1.611852e-001
7.892029e+003	-1.641297e-001
7.902339e+003	-1.644237e-001
7.912650e+003	-1.628291e-001
7.922962e+003	-1.698326e-001
7.933272e+003	-1.656476e-001
7.943583e+003	-1.686302e-001
7.953893e+003	-1.714074e-001
7.964204e+003	-1.737002e-001
7.974515e+003	-1.766740e-001
7.984826e+003	-1.758758e-001
7.995136e+003	-1.801350e-001
8.005447e+003	-1.769993e-001
8.015757e+003	-1.785969e-001
8.026068e+003	-1.790174e-001
8.036380e+003	-1.932345e-001
8.046690e+003	-1.844985e-001
8.057001e+003	-1.901212e-001
8.067311e+003	-1.836939e-001
8.077622e+003	-1.922054e-001
8.087932e+003	-1.920341e-001
8.098243e+003	-1.966317e-001
8.108553e+003	-1.899645e-001
8.118864e+003	-1.998342e-001
8.129174e+003	-2.041614e-001
8.139485e+003	-2.123145e-001
8.149796e+003	-2.061129e-001
8.160107e+003	-2.105826e-001
8.170418e+003	-2.021487e-001
8.180728e+003	-2.098235e-001
8.191039e+003	-2.114530e-001
8.201349e+003	-2.159354e-001
8.211661e+003	-2.146194e-001
8.221971e+003	-2.162051e-001
8.232282e+003	-2.192486e-001
8.242592e+003	-2.206922e-001
8.252903e+003	-2.149578e-001
8.263213e+003	-2.147965e-001
8.273524e+003	-2.424910e-001
8.283835e+003	-2.008380e-001
8.294446e+003	-2.543556e-001
8.305056e+003	-2.343055e-001
8.315668e+003	-2.413453e-001
8.326278e+003	-2.333604e-001
8.336889e+003	-2.415815e-001
8.347501e+003	-2.430928e-001
8.358112e+003	-2.411106e-001
8.368722e+003	-2.254042e-001
8.379334e+003	-2.276183e-001
8.389944e+003	-2.317872e-001
8.400555e+003	-2.352918e-001
8.411167e+003	-2.327072e-001
8.421777e+003	-2.352350e-001
8.432388e+003	-2.412942e-001
8.443000e+003	-2.438298e-001
8.453610e+003	-2.415624e-001
8.464221e+003	-2.444394e-001
8.474832e+003	-2.503719e-001
8.485443e+003	-2.468952e-001
8.496054e+003	-2.517419e-001
8.506665e+003	-2.501813e-001
8.517276e+003	-2.496475e-001
8.527887e+003	-2.557525e-001
8.538498e+003	-2.565336e-001
8.549109e+003	-2.536663e-001
8.559720e+003	-2.562513e-001
8.570331e+003	-2.541589e-001
8.580942e+003	-2.559356e-001
8.591553e+003	-2.580540e-001
8.602164e+003	-2.651455e-001
8.612775e+003	-2.639592e-001
8.623386e+003	-2.646829e-001
8.633997e+003	-2.694791e-001
8.644608e+003	-2.734223e-001
8.655219e+003	-2.725084e-001
8.665830e+003	-2.751241e-001
8.676441e+003	-2.789297e-001
8.687052e+003	-2.766418e-001
8.697663e+003	-2.858864e-001
8.708274e+003	-2.841206e-001
8.718884e+003	-2.843410e-001
8.729496e+003	-2.917532e-001
8.740107e+003	-2.969630e-001
8.750717e+003	-2.909551e-001
8.761329e+003	-2.979559e-001
8.771939e+003	-3.005446e-001
8.782550e+003	-3.047355e-001
8.793162e+003	-3.082204e-001
8.803772e+003	-3.087808e-001
8.814383e+003	-3.100317e-001
8.824995e+003	-3.171061e-001
8.835605e+003	-3.167197e-001
8.846216e+003	-3.281920e-001
8.856827e+003	-3.273807e-001
8.867438e+003	-3.368170e-001
8.878016e+003	-3.357107e-001
8.888593e+003	-3.355841e-001
8.899172e+003	-3.525677e-001
8.909749e+003	-3.511293e-001
8.920327e+003	-3.534309e-001
8.930904e+003	-3.521029e-001
8.941482e+003	-3.587481e-001
8.952059e+003	-3.583528e-001
8.962637e+003	-3.642511e-001
8.973214e+003	-3.595454e-001
8.983793e+003	-3.622451e-001
8.994370e+003	-3.651027e-001
9.004947e+003	-3.664573e-001
9.015525e+003	-3.706411e-001
9.026102e+003	-3.740941e-001
9.036680e+003	-3.744185e-001
9.047257e+003	-3.773187e-001
9.057835e+003	-3.855693e-001
9.068413e+003	-3.833385e-001
9.078990e+003	-3.847846e-001
9.089568e+003	-3.873092e-001
9.100145e+003	-3.898017e-001
9.110723e+003	-3.909244e-001
9.121300e+003	-4.128001e-001
9.131879e+003	-4.107043e-001
9.142456e+003	-3.984080e-001
9.153034e+003	-3.976578e-001
9.163611e+003	-4.053308e-001
9.174188e+003	-4.018576e-001
9.184766e+003	-4.092858e-001
9.195343e+003	-4.066271e-001
9.205922e+003	-4.089175e-001
9.216499e+003	-4.110800e-001
9.227076e+003	-4.140965e-001
9.237654e+003	-4.142798e-001
9.248231e+003	-4.133454e-001
9.258809e+003	-4.179185e-001
9.269386e+003	-4.277796e-001
9.279964e+003	-4.247350e-001
9.290542e+003	-4.244056e-001
9.301119e+003	-4.326168e-001
9.311697e+003	-4.327992e-001
9.322275e+003	-4.365675e-001
9.332852e+003	-4.348397e-001
9.343430e+003	-4.411675e-001
9.354007e+003	-4.373650e-001
9.364586e+003	-4.464289e-001
9.375096e+003	-4.586970e-001
9.385707e+003	-4.488171e-001
9.396284e+003	-4.599000e-001
9.406862e+003	-4.526300e-001
9.417406e+003	-4.600995e-001
9.427984e+003	-4.661853e-001
9.438561e+003	-4.558830e-001
9.449139e+003	-4.565249e-001
9.459716e+003	-4.572175e-001
9.470295e+003	-4.601966e-001
9.480872e+003	-4.563206e-001
9.491450e+003	-4.603596e-001
9.502027e+003	-4.709373e-001
9.512605e+003	-4.683860e-001
9.523182e+003	-4.739070e-001
9.533760e+003	-4.721926e-001
9.544338e+003	-4.730677e-001
9.554915e+003	-4.815021e-001
9.565493e+003	-4.759072e-001
9.576070e+003	-4.818244e-001
9.586648e+003	-4.908870e-001
9.597225e+003	-4.896101e-001
9.607802e+003	-4.873409e-001
9.618380e+003	-4.941829e-001
9.628958e+003	-4.928248e-001
9.639536e+003	-5.069646e-001
9.650113e+003	-4.982009e-001
9.660691e+003	-5.017601e-001
9.671268e+003	-5.015452e-001
9.681846e+003	-5.078993e-001
9.692423e+003	-5.073018e-001
9.703002e+003	-5.086871e-001
9.713579e+003	-5.100254e-001
9.724156e+003	-5.136108e-001
9.734734e+003	-5.159974e-001
9.745311e+003	-5.124800e-001
9.755889e+003	-5.181367e-001
9.766466e+003	-5.181011e-001
9.777045e+003	-5.242980e-001
9.787622e+003	-5.222447e-001
9.798200e+003	-5.236342e-001
9.808777e+003	-5.241111e-001
9.819355e+003	-5.282656e-001
9.829932e+003	-5.305657e-001
9.840509e+003	-5.418277e-001
9.851088e+003	-5.340887e-001
9.861665e+003	-5.334523e-001
9.872243e+003	-5.370108e-001
9.882820e+003	-5.359431e-001
9.893398e+003	-5.311383e-001
9.903975e+003	-5.362670e-001
9.914553e+003	-5.401868e-001
9.925130e+003	-5.419246e-001
9.935709e+003	-5.458622e-001
9.946286e+003	-5.445293e-001
9.956864e+003	-5.494398e-001
9.967441e+003	-5.498100e-001
9.978018e+003	-5.477142e-001
9.988596e+003	-5.503993e-001
9.999173e+003	-5.512356e-001
1.000975e+004	-5.543004e-001
1.002033e+004	-5.696886e-001
1.003087e+004	-5.711440e-001
1.004145e+004	-5.580286e-001
1.005203e+004	-5.635136e-001
1.006261e+004	-5.605538e-001
1.007318e+004	-5.613478e-001
1.008376e+004	-5.611506e-001
1.009434e+004	-5.582694e-001
1.010492e+004	-5.646752e-001
1.011549e+004	-5.628146e-001
1.012607e+004	-5.536839e-001
1.013665e+004	-5.593417e-001
1.014723e+004	-5.642846e-001
1.015780e+004	-5.617530e-001
1.016838e+004	-5.690200e-001
1.017896e+004	-5.655892e-001
1.018954e+004	-5.700750e-001
1.020012e+004	-5.664328e-001
1.021069e+004	-5.752815e-001
1.022127e+004	-5.737177e-001
1.023185e+004	-5.661456e-001
1.024242e+004	-5.773900e-001
1.025300e+004	-5.776222e-001
1.026358e+004	-5.837507e-001
1.027416e+004	-5.837127e-001
1.028474e+004	-5.750453e-001
1.029531e+004	-5.843745e-001
1.030589e+004	-5.811903e-001
1.031647e+004	-5.837789e-001
1.032705e+004	-5.804302e-001
1.033762e+004	-5.830606e-001
1.034820e+004	-5.894269e-001
1.035878e+004	-5.908907e-001
1.036936e+004	-5.909224e-001
1.037993e+004	-5.923067e-001
1.039051e+004	-5.953591e-001
1.040109e+004	-5.976388e-001
1.041167e+004	-6.007316e-001
1.042225e+004	-5.965593e-001
1.043282e+004	-5.998023e-001
1.044340e+004	-6.021185e-001
1.045398e+004	-5.984015e-001
1.046455e+004	-6.034590e-001
1.047513e+004	-6.013755e-001
1.048571e+004	-6.074095e-001
1.049629e+004	-6.051906e-001
1.050687e+004	-6.083752e-001
1.051744e+004	-6.096965e-001
1.052802e+004	-6.135640e-001
1.053860e+004	-6.128307e-001
1.054917e+004	-6.159111e-001
1.055975e+004	-6.142423e-001
1.057033e+004	-6.187663e-001
1.058091e+004	-6.168779e-001
1.059149e+004	-6.115738e-001
1.060206e+004	-6.138306e-001
1.061264e+004	-6.163269e-001
1.062322e+004	-6.147227e-001
1.063380e+004	-6.125948e-001
1.064437e+004	-6.172198e-001
1.065495e+004	-6.176978e-001
1.066553e+004	-6.193103e-001
1.067611e+004	-6.177636e-001
1.068668e+004	-6.142057e-001
1.069726e+004	-6.206437e-001
1.070784e+004	-6.163607e-001
1.071842e+004	-6.134723e-001
1.072900e+004	-6.168844e-001
1.073957e+004	-6.137932e-001
1.075015e+004	-6.179449e-001
1.076073e+004	-6.107234e-001
1.077131e+004	-6.168474e-001
1.078188e+004	-6.171853e-001
1.079246e+004	-6.152295e-001
1.080304e+004	-6.126190e-001
1.081362e+004	-6.148700e-001
1.082419e+004	-6.128544e-001
1.083477e+004	-6.181877e-001
1.084535e+004	-6.143200e-001
1.085593e+004	-6.147197e-001
1.086650e+004	-6.143393e-001
1.087708e+004	-6.194922e-001
1.088766e+004	-6.166501e-001
1.089824e+004	-6.191674e-001
1.090881e+004	-6.165698e-001
1.091939e+004	-6.129203e-001
1.092997e+004	-6.150807e-001
1.094055e+004	-6.180037e-001
1.095113e+004	-6.171517e-001
1.096170e+004	-6.138502e-001
1.097228e+004	-6.172137e-001
1.098286e+004	-6.185318e-001
1.099343e+004	-6.192541e-001
1.100401e+004	-6.197814e-001
1.101459e+004	-6.197166e-001
1.102517e+004	-6.207627e-001
1.103575e+004	-6.186674e-001
1.104632e+004	-6.124369e-001
1.105690e+004	-6.178752e-001
1.106748e+004	-6.192510e-001
1.107806e+004	-6.216611e-001
1.108863e+004	-6.211292e-001
1.109921e+004	-6.191540e-001
1.110979e+004	-6.191712e-001
1.112037e+004	-6.249952e-001
1.113094e+004	-6.180461e-001
1.114152e+004	-6.207186e-001
1.115210e+004	-6.153055e-001
1.116268e+004	-6.102032e-001
1.117325e+004	-6.117143e-001
1.118383e+004	-6.079101e-001
1.119441e+004	-6.116393e-001
1.120499e+004	-6.153555e-001
1.121557e+004	-6.134198e-001
1.122614e+004	-6.119023e-001
1.123672e+004	-6.084502e-001
1.124730e+004	-6.169266e-001
1.125788e+004	-6.167711e-001
1.126845e+004	-6.125404e-001
1.127903e+004	-6.152750e-001
1.128961e+004	-6.127788e-001
1.130018e+004	-6.087342e-001
1.131076e+004	-6.116307e-001
1.132134e+004	-6.103455e-001
1.133192e+004	-6.117823e-001
1.134250e+004	-6.100818e-001
1.135307e+004	-6.107935e-001
1.136365e+004	-6.133410e-001
1.137423e+004	-6.099669e-001
1.138481e+004	-6.098086e-001
1.139538e+004	-6.120742e-001
1.140596e+004	-6.109138e-001
1.141654e+004	-6.127705e-001
1.142712e+004	-6.121906e-001
1.143769e+004	-6.114676e-001
1.144827e+004	-6.112358e-001
1.145885e+004	-6.028618e-001
1.146943e+004	-6.129831e-001
1.148000e+004	-6.115209e-001
1.149058e+004	-6.134373e-001
1.150116e+004	-6.115305e-001
1.151174e+004	-6.167907e-001
1.152232e+004	-6.194479e-001
1.153289e+004	-6.081794e-001
1.154347e+004	-6.111722e-001
1.155405e+004	-6.048838e-001
1.156463e+004	-6.147114e-001
1.157520e+004	-6.195376e-001
1.158578e+004	-6.190274e-001
1.159636e+004	-6.165258e-001
1.160694e+004	-6.225389e-001
1.161751e+004	-6.217942e-001
1.162809e+004	-6.214620e-001
1.163867e+004	-6.242047e-001
1.164925e+004	-6.200635e-001
1.165982e+004	-6.237975e-001
1.167040e+004	-6.204917e-001
1.168098e+004	-6.205759e-001
1.169156e+004	-6.201677e-001
1.170213e+004	-6.224599e-001
1.171271e+004	-6.224028e-001
1.172329e+004	-6.246532e-001
1.173387e+004	-6.294823e-001
1.174445e+004	-6.203118e-001
1.175502e+004	-6.196772e-001
1.176560e+004	-6.191765e-001
1.177618e+004	-6.188778e-001
1.178675e+004	-6.165480e-001
1.179733e+004	-6.184258e-001
1.180791e+004	-6.139586e-001
1.181849e+004	-6.199855e-001
1.182907e+004	-6.192601e-001
1.183964e+004	-6.458638e-001
1.185022e+004	-6.141128e-001
1.186080e+004	-6.151126e-001
1.187138e+004	-6.148810e-001
1.188195e+004	-6.179894e-001
1.189253e+004	-6.153616e-001
1.190311e+004	-6.153632e-001
1.191369e+004	-6.121433e-001
1.192426e+004	-6.153183e-001
1.193484e+004	-6.118874e-001
1.194542e+004	-6.147059e-001
1.195600e+004	-6.108090e-001
1.196658e+004	-6.129921e-001
1.197715e+004	-6.122257e-001
1.198773e+004	-6.124477e-001
1.199831e+004	-6.165445e-001
1.200889e+004	-6.132297e-001
1.201946e+004	-6.125373e-001
1.203004e+004	-6.138572e-001
1.204062e+004	-6.123598e-001
1.205120e+004	-6.180748e-001
1.206177e+004	-6.131265e-001
1.207235e+004	-6.098297e-001
1.208293e+004	-6.166878e-001
1.209350e+004	-6.168976e-001
1.210408e+004	-6.198355e-001
1.211466e+004	-6.150997e-001
1.212524e+004	-6.232061e-001
1.213582e+004	-6.218252e-001
1.214639e+004	-6.223398e-001
1.215697e+004	-6.280690e-001
1.216755e+004	-6.228097e-001
1.217813e+004	-6.238790e-001
1.218870e+004	-6.276593e-001
1.219928e+004	-6.242782e-001
1.220986e+004	-6.228266e-001
1.222044e+004	-6.217461e-001
1.223101e+004	-6.235205e-001
1.224159e+004	-6.250727e-001
1.225217e+004	-6.285641e-001
1.226275e+004	-6.252473e-001
1.227333e+004	-6.282743e-001
1.228390e+004	-6.324184e-001
1.229448e+004	-6.300795e-001
1.230506e+004	-6.290297e-001
1.231564e+004	-6.312901e-001
1.232621e+004	-6.221929e-001
1.233679e+004	-6.290426e-001
1.234737e+004	-6.232312e-001
1.235795e+004	-6.221179e-001
1.236852e+004	-6.276438e-001
1.237910e+004	-6.192213e-001
1.238968e+004	-6.217890e-001
1.240026e+004	-6.224986e-001
1.241083e+004	-6.207506e-001
1.242141e+004	-6.202356e-001
1.243199e+004	-6.141965e-001
1.244257e+004	-6.261165e-001
1.245314e+004	-6.234971e-001
1.246372e+004	-6.215489e-001
1.247430e+004	-6.163685e-001
1.248488e+004	-6.213070e-001
1.249546e+004	-6.257554e-001
1.250603e+004	-6.202308e-001
1.251661e+004	-6.189130e-001
1.252715e+004	-6.222008e-001
1.253767e+004	-6.212301e-001
1.254815e+004	-6.190968e-001
1.255859e+004	-6.153417e-001
1.256904e+004	-6.136394e-001
1.257948e+004	-6.165393e-001
1.258992e+004	-6.157373e-001
1.260037e+004	-6.168156e-001
1.261081e+004	-6.275190e-001
1.262125e+004	-6.182107e-001
1.263170e+004	-6.227581e-001
1.264214e+004	-6.160329e-001
1.265265e+004	-6.189223e-001
1.266316e+004	-6.182139e-001
1.267374e+004	-6.228105e-001
1.268432e+004	-6.219818e-001
1.269489e+004	-6.138751e-001
1.270547e+004	-6.222635e-001
1.271605e+004	-6.203839e-001
1.272649e+004	-6.462045e-001
1.273710e+004	-6.234020e-001
1.274738e+004	-6.545429e-001
1.275799e+004	-6.188715e-001
1.276857e+004	-6.196248e-001
1.277915e+004	-6.195552e-001
1.278973e+004	-6.245012e-001
1.280030e+004	-6.211690e-001
1.281088e+004	-6.249547e-001
1.282146e+004	-6.242077e-001
1.283204e+004	-6.197402e-001
1.284238e+004	-6.387691e-001
1.285299e+004	-6.191625e-001
1.286357e+004	-6.201342e-001
1.287415e+004	-6.187900e-001
1.288472e+004	-6.233565e-001
1.289530e+004	-6.164993e-001
1.290588e+004	-6.169886e-001
1.291646e+004	-6.153462e-001
1.292703e+004	-6.214289e-001
1.293761e+004	-6.119743e-001
1.294819e+004	-6.141283e-001
1.295877e+004	-6.134162e-001
1.296934e+004	-6.145810e-001
1.297992e+004	-6.095510e-001
1.299050e+004	-6.203424e-001
1.300108e+004	-6.082012e-001
1.301166e+004	-6.101621e-001
1.302223e+004	-6.047882e-001
1.303281e+004	-6.152614e-001
1.304339e+004	-6.097239e-001
1.305396e+004	-6.106432e-001
1.306454e+004	-6.029822e-001
1.307512e+004	-6.046969e-001
1.308570e+004	-5.998910e-001
1.309628e+004	-6.066669e-001
1.310685e+004	-6.071508e-001
1.311743e+004	-6.003885e-001
1.312801e+004	-6.077261e-001
1.313859e+004	-6.030835e-001
1.314916e+004	-5.930745e-001
1.315974e+004	-5.917321e-001
1.317032e+004	-6.014036e-001
1.318090e+004	-6.031708e-001
1.319147e+004	-5.981354e-001
1.320205e+004	-5.970477e-001
1.321263e+004	-6.046791e-001
1.322321e+004	-6.009270e-001
1.323378e+004	-6.033865e-001
1.324436e+004	-5.773101e-001
1.325494e+004	-6.003567e-001
1.326552e+004	-5.985382e-001
1.327599e+004	-5.955119e-001
1.328637e+004	-6.231577e-001
1.329682e+004	-6.009909e-001
1.330726e+004	-6.039580e-001
1.331771e+004	-5.974955e-001
1.332815e+004	-5.954933e-001
1.333860e+004	-5.989547e-001
1.334904e+004	-5.966683e-001
1.335949e+004	-5.972136e-001
1.336993e+004	-5.974270e-001
1.338037e+004	-5.991328e-001
1.339082e+004	-6.010147e-001
1.340126e+004	-5.993359e-001
1.341171e+004	-5.958474e-001
1.342215e+004	-5.942277e-001
1.343259e+004	-6.033531e-001
1.344304e+004	-5.992111e-001
1.345348e+004	-5.962203e-001
1.346392e+004	-6.042442e-001
1.347437e+004	-5.967828e-001
1.348478e+004	-5.965576e-001
1.349523e+004	-5.974422e-001
1.350567e+004	-5.976724e-001
1.351611e+004	-5.966971e-001
1.352656e+004	-5.961907e-001
1.353700e+004	-5.976774e-001
1.354745e+004	-5.942708e-001
1.355789e+004	-5.988694e-001
1.356833e+004	-5.950266e-001
1.357878e+004	-5.968540e-001
1.358922e+004	-5.970687e-001
1.359967e+004	-5.972463e-001
1.361011e+004	-6.002656e-001
1.362056e+004	-5.978600e-001
1.363100e+004	-6.017582e-001
1.364144e+004	-5.948573e-001
1.365188e+004	-6.212723e-001
1.366230e+004	-5.954819e-001
1.367274e+004	-5.963247e-001
1.368319e+004	-5.937695e-001
1.369363e+004	-5.945319e-001
1.370408e+004	-5.927848e-001
1.371452e+004	-5.905954e-001
1.372496e+004	-5.970391e-001
1.373541e+004	-5.964779e-001
1.374585e+004	-5.907085e-001
1.375630e+004	-5.865230e-001
1.376674e+004	-5.894487e-001
1.377718e+004	-5.850424e-001
1.378763e+004	-5.881688e-001
1.379807e+004	-5.909996e-001
1.380855e+004	-5.983339e-001
1.381896e+004	-5.889418e-001
1.382941e+004	-5.928746e-001
1.383985e+004	-5.821702e-001
1.385029e+004	-5.854657e-001
1.386074e+004	-5.874707e-001
1.387118e+004	-5.862225e-001
1.388163e+004	-5.811877e-001
1.389207e+004	-5.809650e-001
1.390251e+004	-5.843263e-001
1.391289e+004	-5.870872e-001
1.392334e+004	-5.676365e-001
1.393371e+004	-5.846730e-001
1.394412e+004	-5.801332e-001
1.395450e+004	-5.868030e-001
1.396488e+004	-5.778373e-001
1.397525e+004	-5.789714e-001
1.398563e+004	-5.764425e-001
1.399601e+004	-5.698319e-001
1.400638e+004	-5.705881e-001
1.401673e+004	-5.668330e-001
1.402714e+004	-5.750465e-001
1.403752e+004	-5.716614e-001
1.404796e+004	-5.801377e-001
1.405837e+004	-5.715866e-001
1.406878e+004	-5.845117e-001
1.407919e+004	-5.641922e-001
1.408961e+004	-5.775588e-001
1.410005e+004	-5.722369e-001
1.411049e+004	-5.874251e-001
1.412094e+004	-5.749752e-001
1.413138e+004	-5.723287e-001
1.414183e+004	-5.664575e-001
1.415227e+004	-5.748741e-001
1.416272e+004	-5.737156e-001
1.417316e+004	-5.716975e-001
1.418361e+004	-5.770422e-001
1.419405e+004	-5.723216e-001
1.420449e+004	-5.753492e-001
1.421494e+004	-5.706523e-001
1.422538e+004	-5.679958e-001
1.423583e+004	-5.763649e-001
1.424627e+004	-5.729626e-001
1.425671e+004	-5.738569e-001
1.426716e+004	-5.748629e-001
1.427760e+004	-5.734132e-001
1.428805e+004	-5.723009e-001
1.429849e+004	-5.748350e-001
1.430893e+004	-5.736031e-001
1.431938e+004	-5.787667e-001
1.432982e+004	-5.786834e-001
1.434027e+004	-5.762883e-001
1.435071e+004	-5.779129e-001
1.436116e+004	-5.753398e-001
1.437160e+004	-5.771329e-001
1.438204e+004	-5.744271e-001
1.439249e+004	-5.772644e-001
1.440293e+004	-5.710416e-001
1.441338e+004	-5.751032e-001
1.442382e+004	-5.767654e-001
1.443426e+004	-5.848475e-001
1.444471e+004	-5.757913e-001
1.445515e+004	-5.749533e-001
1.446560e+004	-5.756945e-001
1.447604e+004	-5.735533e-001
1.448649e+004	-5.752488e-001
1.449693e+004	-5.710251e-001
1.450738e+004	-5.733236e-001
1.451782e+004	-5.714141e-001
1.452826e+004	-5.709004e-001
1.453871e+004	-5.657733e-001
1.454915e+004	-5.715336e-001
1.455959e+004	-5.663851e-001
1.457004e+004	-5.675528e-001
1.458048e+004	-5.668656e-001
1.459093e+004	-5.665118e-001
1.460137e+004	-5.567945e-001
1.461182e+004	-5.668631e-001
1.462226e+004	-5.660063e-001
1.463270e+004	-5.620401e-001
1.464315e+004	-5.632316e-001
1.465359e+004	-5.574773e-001
1.466404e+004	-5.676451e-001
1.467448e+004	-5.564785e-001
1.468492e+004	-5.667344e-001
1.469537e+004	-5.657341e-001
1.470581e+004	-5.608164e-001
1.471626e+004	-5.668995e-001
1.472670e+004	-5.648277e-001
1.473715e+004	-5.624292e-001
1.474762e+004	-5.797679e-001
1.475803e+004	-5.577844e-001
1.476848e+004	-5.571409e-001
1.477892e+004	-5.519509e-001
1.478937e+004	-5.496886e-001
1.479981e+004	-5.586635e-001
1.481025e+004	-5.570356e-001
1.482070e+004	-5.525871e-001
1.483114e+004	-5.488300e-001
1.484159e+004	-5.561675e-001
1.485203e+004	-5.557012e-001
1.486248e+004	-5.581951e-001
1.487292e+004	-5.490330e-001
1.488330e+004	-5.451021e-001
1.489374e+004	-5.363337e-001
1.490418e+004	-5.197770e-001
1.491466e+004	-4.904260e-001
1.492507e+004	-4.768704e-001
1.493552e+004	-4.562185e-001
1.494596e+004	-4.405265e-001
1.495641e+004	-4.285807e-001
1.496685e+004	-3.934305e-001
1.497729e+004	-3.874832e-001
1.498774e+004	-3.730431e-001
1.499818e+004	-3.511697e-001
1.500866e+004	-3.338695e-001
1.501907e+004	-3.155962e-001
1.502951e+004	-2.993796e-001
1.503996e+004	-2.903295e-001
1.505040e+004	-2.721603e-001
1.506085e+004	-2.593584e-001
1.507129e+004	-2.448048e-001
1.508174e+004	-2.314254e-001
1.509218e+004	-2.195783e-001
1.510265e+004	-2.077417e-001
1.511307e+004	-1.987968e-001
1.512351e+004	-1.867922e-001
1.513396e+004	-1.765241e-001
1.514440e+004	-1.641472e-001
1.515484e+004	-1.533574e-001
1.516529e+004	-1.416913e-001
1.517573e+004	-1.287212e-001
1.518618e+004	-1.183454e-001
1.519665e+004	-1.114736e-001
1.520707e+004	-1.021872e-001
1.521747e+004	-9.313677e-002
1.522785e+004	-8.384333e-002
1.523823e+004	-7.460244e-002
1.524860e+004	-6.344359e-002
1.525902e+004	-5.210847e-002
1.526946e+004	-4.025484e-002
1.527991e+004	-3.341851e-002
1.529035e+004	-2.192000e-002
1.530073e+004	-8.048200e-003
1.531114e+004	-2.486104e-003
1.532148e+004	4.819250e-003
1.533189e+004	1.492937e-002
1.534227e+004	2.496158e-002
1.535255e+004	2.855731e-002
1.536286e+004	2.953962e-002
1.537317e+004	5.268643e-002
1.538348e+004	4.174504e-002
1.539379e+004	3.989120e-002
1.540410e+004	5.828308e-002
1.541441e+004	5.038523e-002
1.542472e+004	4.326043e-002
1.543503e+004	4.615911e-002
1.544534e+004	5.213131e-002
1.545565e+004	4.947682e-002
1.546596e+004	5.380669e-002
1.547627e+004	5.720625e-002
1.548658e+004	8.361741e-002
1.549690e+004	8.441420e-002
1.550721e+004	9.463650e-002
1.551752e+004	1.091073e-001
1.552783e+004	1.083271e-001
1.553814e+004	1.245343e-001
1.554845e+004	1.253372e-001
1.555876e+004	1.284422e-001
1.556907e+004	1.486430e-001
1.557938e+004	1.527049e-001
1.558969e+004	1.512269e-001
1.560000e+004	1.577453e-001
1.561031e+004	1.543865e-001
1.562062e+004	1.559238e-001
1.563093e+004	1.590493e-001
1.564125e+004	1.608656e-001
1.565156e+004	1.609629e-001
1.566187e+004	1.677663e-001
1.567218e+004	1.731903e-001
1.568249e+004	1.826071e-001
1.569280e+004	1.931399e-001
1.570311e+004	2.038502e-001
1.571342e+004	2.042302e-001
1.572373e+004	2.084805e-001
1.573404e+004	2.174843e-001
1.574435e+004	2.164109e-001
1.575466e+004	2.195731e-001
1.576497e+004	2.174118e-001
1.577528e+004	2.277142e-001
1.578559e+004	2.099343e-001
1.579591e+004	2.145839e-001
1.580622e+004	2.190769e-001
1.581653e+004	2.274729e-001
1.582684e+004	2.332070e-001
1.583715e+004	2.434112e-001
1.584746e+004	2.455101e-001
1.585777e+004	2.344830e-001
1.586808e+004	2.384407e-001
1.587839e+004	2.269316e-001
1.588870e+004	2.236216e-001
1.589901e+004	2.197538e-001
1.590932e+004	2.154540e-001
1.591963e+004	2.185688e-001
1.592994e+004	2.266842e-001
1.594025e+004	2.239429e-001
1.595057e+004	2.327090e-001
1.596088e+004	2.358864e-001
1.597119e+004	2.362596e-001
1.598150e+004	2.390652e-001
1.599181e+004	2.456950e-001
1.600212e+004	2.452879e-001
1.601243e+004	2.510495e-001
1.602274e+004	2.518531e-001
1.603305e+004	2.587631e-001
1.604336e+004	2.536313e-001
1.605367e+004	2.673889e-001
1.606398e+004	2.573771e-001
1.607429e+004	2.449911e-001
1.608460e+004	2.383994e-001
1.609492e+004	2.391784e-001
1.610523e+004	2.508376e-001
1.611554e+004	2.528968e-001
1.612585e+004	2.576484e-001
1.613616e+004	2.624276e-001
1.614647e+004	2.695742e-001
1.615678e+004	2.705672e-001
1.616709e+004	2.667327e-001
1.617740e+004	2.798336e-001
1.618771e+004	2.676579e-001
1.619802e+004	2.652612e-001
1.620833e+004	2.671699e-001
1.621864e+004	2.666567e-001
1.622895e+004	2.690642e-001
1.623926e+004	2.681176e-001
1.624958e+004	2.748937e-001
1.625989e+004	2.768985e-001
1.627020e+004	2.875904e-001
1.628051e+004	2.848086e-001
1.629082e+004	2.828379e-001
1.630113e+004	2.935153e-001
1.631144e+004	2.727418e-001
1.632175e+004	2.834456e-001
1.633206e+004	2.714048e-001
1.634237e+004	2.842723e-001
1.635268e+004	2.809905e-001
1.636299e+004	2.764163e-001
1.637330e+004	2.710847e-001
1.638361e+004	2.650364e-001
1.639392e+004	2.701929e-001
1.640424e+004	2.682080e-001
1.641455e+004	2.635826e-001
1.642486e+004	2.864903e-001
1.643517e+004	2.900956e-001
1.644548e+004	2.919882e-001
1.645579e+004	2.913800e-001
1.646610e+004	2.910047e-001
1.647641e+004	2.920614e-001
1.648672e+004	3.117214e-001
1.649703e+004	3.101798e-001
1.650734e+004	3.172945e-001
1.651765e+004	3.121700e-001
1.652796e+004	2.973838e-001
1.653828e+004	3.051864e-001
1.654859e+004	2.976323e-001
1.655890e+004	3.044320e-001
1.656921e+004	2.970288e-001
1.657952e+004	2.892635e-001
1.658983e+004	2.946669e-001
1.660021e+004	3.003720e-001
1.661065e+004	2.988392e-001
1.662110e+004	2.974458e-001
1.663154e+004	3.093231e-001
1.664199e+004	3.037793e-001
1.665243e+004	3.040577e-001
1.666287e+004	3.007102e-001
1.667348e+004	2.967915e-001
1.668406e+004	2.877870e-001
1.669447e+004	2.926696e-001
1.670508e+004	2.956320e-001
1.671566e+004	3.063003e-001
1.672624e+004	3.043476e-001
1.673681e+004	3.080408e-001
1.674739e+004	3.108118e-001
1.675797e+004	3.103196e-001
1.676855e+004	3.134493e-001
1.677912e+004	3.126250e-001
1.678970e+004	3.122189e-001
1.680028e+004	3.042605e-001
1.681086e+004	3.215579e-001
1.682143e+004	3.151200e-001
1.683201e+004	3.180049e-001
1.684259e+004	3.171741e-001
1.685317e+004	3.195121e-001
1.686374e+004	3.189056e-001
1.687432e+004	3.167927e-001
1.688490e+004	3.169389e-001
1.689548e+004	3.100134e-001
1.690606e+004	3.173952e-001
1.691663e+004	2.940749e-001
1.692721e+004	3.008134e-001
1.693779e+004	3.067076e-001
1.694837e+004	3.159364e-001
1.695894e+004	3.144977e-001
1.696952e+004	3.136342e-001
1.698010e+004	3.049640e-001
1.699067e+004	3.130589e-001
1.700125e+004	3.006827e-001
1.701187e+004	3.079008e-001
1.702247e+004	3.127053e-001
1.703309e+004	3.100483e-001
1.704370e+004	3.016140e-001
1.705431e+004	3.155441e-001
1.706492e+004	3.042472e-001
1.707553e+004	3.166889e-001
1.708614e+004	3.084841e-001
1.709675e+004	3.206258e-001
1.710736e+004	3.167170e-001
