4.514,0.464425
14.991,0.466955
25.302,0.464683
36.38,0.45903
46.724,0.462342
57.034,0.459253
67.346,0.458952
77.656,0.456813
88.066,0.459552
98.477,0.460107
108.788,0.457487
119.137,0.450822
129.443,0.454729
139.921,0.4481
150.331,0.452818
160.642,0.456701
170.953,0.45701
181.264,0.456301
191.574,0.457152
201.885,0.455586
212.195,0.453995
222.507,0.452776
232.817,0.451819
243.128,0.453581
253.438,0.453839
263.749,0.453447
274.06,0.451889
284.371,0.451842
294.682,0.446167
304.992,0.447276
335.29,0.441455
345.601,0.444031
355.911,0.444314
366.222,0.442711
376.532,0.436127
386.843,0.439406
397.153,0.444429
407.464,0.442766
417.774,0.440983
428.086,0.437997
438.396,0.444244
448.707,0.47055
459.018,0.439881
469.328,0.441574
479.639,0.434288
489.949,0.440988
500.26,0.43903
510.571,0.442549
520.882,0.437924
531.192,0.436665
541.503,0.439227
551.813,0.436735
562.124,0.438906
572.435,0.433661
582.746,0.437698
593.057,0.439369
603.367,0.436181
613.678,0.442245
623.988,0.437133
634.299,0.435908
644.609,0.429092
654.921,0.433215
665.231,0.433397
675.542,0.43498
685.852,0.43235
696.163,0.434437
706.474,0.432824
716.784,0.432383
727.096,0.426184
737.406,0.434146
747.717,0.433006
758.027,0.435844
768.338,0.431347
778.648,0.433013
788.959,0.430415
799.269,0.433471
809.58,0.430987
819.892,0.428571
830.202,0.43209
840.513,0.4316
850.823,0.432696
861.134,0.431653
871.444,0.42817
881.755,0.43202
892.066,0.43314
902.377,0.426505
912.687,0.434423
922.998,0.425204
933.309,0.430076
943.619,0.4331
953.93,0.430266
964.24,0.430983
974.552,0.432137
984.862,0.43667
995.173,0.434269
1005.483,0.432034
1015.795,0.434959
1026.105,0.434768
1036.416,0.432121
1046.726,0.432979
1057.037,0.431594
1067.348,0.430379
1077.658,0.429723
1087.97,0.43068
1098.28,0.432254
1108.591,0.435345
1118.901,0.4328
1129.212,0.43558
1139.522,0.429623
1149.833,0.435636
1160.143,0.434779
1170.455,0.432526
1180.766,0.432492
1191.076,0.43627
1201.387,0.436228
1211.697,0.435905
1222.008,0.435705
1232.318,0.433164
1242.629,0.434777
1252.94,0.43168
1263.251,0.432483
1273.561,0.428925
1283.872,0.430583
1294.183,0.432919
1304.493,0.432557
1314.804,0.433341
1325.114,0.431136
1335.426,0.434771
1345.736,0.430604
1356.047,0.432815
1366.357,0.428829
1376.668,0.431169
1386.978,0.426706
1397.29,0.433194
1407.601,0.428339
1417.911,0.427189
1428.222,0.431473
1438.532,0.427436
1448.843,0.429593
1459.153,0.429678
1469.464,0.428115
1479.775,0.431815
1490.086,0.424793
1500.396,0.429837
1510.707,0.430508
1521.018,0.434602
1531.329,0.431479
1541.64,0.429609
1551.95,0.430353
1562.261,0.431092
1572.571,0.429954
1582.882,0.428342
1593.193,0.433579
1603.504,0.429178
1613.814,0.429783
1624.125,0.429682
1634.435,0.430693
1644.746,0.432098
1655.057,0.431553
1665.368,0.431053
1675.679,0.424034
1685.989,0.429172
1696.3,0.429862
1706.61,0.430719
1716.921,0.431814
1727.231,0.428799
1737.543,0.430991
1747.853,0.428199
1758.164,0.431679
1768.475,0.430337
1778.785,0.430853
1789.096,0.431378
1799.406,0.431637
1809.718,0.430052
1820.028,0.433743
1830.339,0.411112
1840.649,0.432701
1850.961,0.430635
1861.271,0.431727
1871.582,0.43069
1881.893,0.428302
1892.203,0.429466
1902.514,0.431974
1912.824,0.428271
1923.136,0.426713
1933.446,0.428751
1943.757,0.4309
1954.067,0.428433
1964.378,0.427705
1974.688,0.428911
1984.999,0.432016
1995.31,0.429947
2005.62,0.428163
2015.931,0.427895
2026.241,0.431015
2036.553,0.420458
2046.863,0.427436
2057.174,0.430135
2067.484,0.426878
2077.795,0.428992
2088.105,0.429432
2098.416,0.429221
2108.727,0.426012
2119.038,0.431743
2129.349,0.426231
2139.659,0.424774
2149.97,0.427111
2160.28,0.424839
2170.591,0.422568
2180.901,0.423453
2191.213,0.424772
2201.523,0.428788
2211.834,0.428795
2222.144,0.423858
2232.455,0.427937
2242.766,0.428347
2253.076,0.431366
2263.387,0.427253
2273.697,0.427449
2284.009,0.426314
2294.319,0.42683
2304.63,0.425124
2314.94,0.428293
2325.251,0.426203
2335.561,0.425641
2345.873,0.421459
2356.184,0.426914
2366.494,0.425275
2376.805,0.424592
2387.115,0.424066
2397.426,0.422646
2407.736,0.426731
2418.048,0.424324
2428.358,0.425826
2438.669,0.424798
2448.979,0.430967
2459.29,0.424256
2469.601,0.424078
2479.911,0.424675
2490.223,0.427461
2500.533,0.423911
2510.844,0.421967
2521.154,0.421024
2531.465,0.423462
2541.776,0.423603
2552.087,0.429276
2562.397,0.425222
2572.708,0.424088
2583.018,0.424695
2593.329,0.423425
2603.64,0.419151
2613.95,0.425278
2624.261,0.421849
2634.572,0.423357
2644.883,0.419421
2655.193,0.423159
2665.504,0.423811
2675.814,0.421114
2686.125,0.423668
2696.435,0.421888
2706.746,0.423442
2717.057,0.421036
2727.368,0.417651
2737.679,0.401589
2747.989,0.422192
2758.3,0.419629
2768.61,0.421109
2778.921,0.418045
2789.231,0.420073
2799.543,0.425314
2809.853,0.423266
2820.164,0.375945
2830.475,0.37578
2840.785,0.381684
2851.097,0.381816
2861.407,0.382975
2871.718,0.384043
2882.028,0.384165
2892.339,0.384053
2902.649,0.385349
2912.961,0.383736
2923.271,0.386463
2933.582,0.381166
2943.893,0.382557
2954.203,0.390345
2964.514,0.388602
2974.824,0.384858
2985.136,0.383825
2995.446,0.382259
3005.757,0.387052
3016.067,0.384304
3026.378,0.385982
3036.688,0.385599
3046.999,0.384115
3057.31,0.383021
3067.621,0.383436
3077.932,0.38275
3088.242,0.384118
3098.553,0.383554
3108.863,0.386766
3119.175,0.383085
3129.485,0.386341
3139.796,0.384454
3150.106,0.38583
3160.417,0.384849
3170.727,0.384386
3181.039,0.384109
3191.35,0.381749
3201.66,0.382212
3211.971,0.382459
3222.281,0.382715
3232.592,0.38219
3242.903,0.383794
3253.214,0.380757
3263.524,0.382176
3273.835,0.383279
3284.145,0.381677
3294.456,0.384815
3304.767,0.379476
3315.077,0.38415
3325.388,0.381915
3335.699,0.383929
3346.01,0.380734
3356.32,0.382334
3366.631,0.383533
3376.941,0.379034
3387.252,0.381624
3397.562,0.382708
3407.873,0.38398
3418.185,0.378971
3428.495,0.378067
3438.806,0.380642
3449.116,0.378699
3459.427,0.379718
3469.737,0.379359
3480.048,0.377336
3490.359,0.376533
3500.67,0.378786
3510.98,0.373847
3521.291,0.379035
3531.601,0.37365
3541.912,0.374437
3552.223,0.378828
3562.533,0.377178
3572.844,0.376262
3583.155,0.375458
3593.466,0.379028
3603.776,0.381024
3614.087,0.356732
3624.397,0.374983
3634.708,0.375046
3645.018,0.374973
3655.33,0.37372
3665.641,0.375092
3675.951,0.374113
3686.262,0.373866
3696.572,0.3727
3706.883,0.373947
3717.193,0.374544
3727.504,0.371771
3737.814,0.377659
3748.125,0.368497
3758.436,0.375461
3768.747,0.372847
3779.058,0.37795
3789.368,0.370014
3799.679,0.371126
3809.989,0.371806
3820.3,0.373663
3830.611,0.37091
3840.922,0.372101
3851.232,0.372321
3861.543,0.37123
3871.853,0.370635
3882.165,0.368876
3892.476,0.37354
3902.786,0.371259
3913.097,0.371699
3923.407,0.368552
3933.718,0.367736
3944.029,0.370539
3954.34,0.371336
3964.65,0.368322
3974.961,0.370527
3985.271,0.373586
3995.582,0.370108
4005.893,0.371908
4016.204,0.369697
4026.515,0.36645
4036.825,0.372211
4047.136,0.368067
4057.446,0.368094
4067.757,0.377084
4078.068,0.370861
4088.379,0.367217
4098.689,0.368008
4109,0.366676
4119.31,0.36658
4129.622,0.363214
4139.933,0.36833
4150.243,0.368572
4160.554,0.368015
4170.864,0.366683
4181.175,0.365085
4191.485,0.362628
4201.797,0.365224
4212.107,0.365142
4222.418,0.364749
4232.728,0.363585
4243.039,0.364322
4253.35,0.36823
4263.66,0.364531
4273.971,0.364052
4284.282,0.364167
4294.593,0.361623
4304.903,0.367452
4315.214,0.362734
4325.524,0.362314
4335.835,0.362163
4346.146,0.36497
4356.457,0.363821
4366.768,0.365927
4377.078,0.36362
4387.389,0.361737
4397.699,0.362275
4408.011,0.358432
4418.321,0.362285
4428.632,0.362037
4438.942,0.365363
4449.253,0.360313
4459.563,0.360071
4469.874,0.360448
4480.185,0.3487
4490.496,0.359798
4500.807,0.360824
4511.117,0.360423
4521.428,0.360822
4531.738,0.361428
4542.05,0.357462
4552.36,0.359751
4562.671,0.358944
4572.981,0.360323
4583.292,0.360537
4593.602,0.359497
4603.913,0.357412
4614.225,0.35756
4624.535,0.359584
4634.846,0.355414
4645.156,0.356505
4655.467,0.357373
4665.777,0.357828
4676.089,0.359181
4686.399,0.358353
4696.71,0.360388
4707.02,0.362198
4717.331,0.366386
4727.642,0.366572
4737.952,0.362082
4748.263,0.367601
4758.574,0.371906
4768.885,0.364961
4779.195,0.36647
4789.506,0.363607
4799.816,0.365448
4810.127,0.362312
4820.438,0.362623
4830.749,0.366026
4841.06,0.36414
4851.37,0.365493
4861.681,0.366509
4871.991,0.367584
4882.302,0.367086
4892.612,0.366155
4902.924,0.366394
4913.234,0.362812
4923.545,0.361577
4933.855,0.363051
4944.167,0.363421
4954.477,0.364859
4964.788,0.369125
4975.099,0.363324
4985.409,0.362169
4995.72,0.359674
5006.03,0.364112
5016.342,0.362426
5026.652,0.36635
5036.963,0.368232
5047.273,0.369945
5057.584,0.357807
5067.894,0.366896
5078.206,0.365851
5088.517,0.365079
5098.827,0.36717
5109.138,0.368414
5119.448,0.365286
5129.759,0.365094
5140.069,0.363857
5150.381,0.363506
5160.691,0.360971
5171.002,0.3621
5181.312,0.363807
5191.623,0.364753
5201.934,0.365309
5212.245,0.362876
5222.556,0.354394
5232.866,0.361347
5243.177,0.362017
5253.487,0.3657
5263.798,0.365513
5274.109,0.362374
5284.42,0.366309
5294.73,0.363899
5305.041,0.36218
5315.351,0.364775
5325.662,0.36305
5335.974,0.363141
5346.284,0.362224
5356.595,0.363274
5366.905,0.353352
5377.216,0.350589
5387.526,0.339058
5397.837,0.329798
5408.148,0.319389
5418.459,0.311897
5428.769,0.299053
5439.08,0.293282
5449.391,0.278495
5459.701,0.276641
5470.012,0.272045
5480.322,0.250497
5490.633,0.255214
5500.944,0.256528
5511.255,0.244898
5521.565,0.244749
5531.876,0.245844
5542.186,0.245002
5552.498,0.244713
5562.809,0.236063
5573.119,0.244517
5583.43,0.240172
5593.74,0.242042
5604.051,0.239105
5614.362,0.238885
5624.673,0.237285
5634.983,0.222175
5645.294,0.22736
5655.604,0.231255
5665.916,0.228203
5676.226,0.223963
5686.537,0.222407
5696.848,0.216767
5707.158,0.212896
5717.469,0.208194
5727.779,0.207338
5738.091,0.207100000000001
5748.401,0.205474
5758.712,0.202995
5769.022,0.198487
5779.333,0.198072
5789.643,0.192751
5799.954,0.194623
5810.265,0.191401
5820.575,0.185019
5830.887,0.183935
5841.197,0.177774
5851.508,0.172269
5861.818,0.165565
5872.13,0.169785
5882.44,0.170751
5892.751,0.167712
5903.061,0.168616
5913.372,0.163421
5923.683,0.164472
5933.993,0.161224
5944.304,0.162993
5954.614,0.158168
5964.926,0.157723
5975.236,0.159796
5985.547,0.159281
5995.857,0.154138
6006.168,0.152786
6016.478,0.15062
6026.79,0.149448
6037.101,0.145575
6047.411,0.1443
6057.722,0.1427
6068.032,0.143246
6078.343,0.139877
6088.653,0.138826
6098.964,0.13823
6109.274,0.134537
6119.586,0.131065
6129.896,0.132292000000001
6140.207,0.150444
6150.518,0.131196
6160.828,0.130899
6171.139,0.118803
6181.45,0.122447
6191.761,0.122148
6202.071,0.120778
6212.382,0.115231
6222.692,0.116617
6233.003,0.162043
6243.313,0.112275
6253.625,0.112132
6263.935,0.0889059999999997
6274.246,0.0906659999999997
6284.557,0.0809889999999998
6294.867,0.087968
6305.178,0.0928300000000002
6315.488,0.0863199999999997
6325.8,0.0837669999999999
6336.11,0.0806560000000003
6346.421,0.0733680000000003
6356.731,0.0717939999999997
6367.042,0.0732480000000004
6377.352,0.075081
6387.663,0.0722570000000005
6397.975,0.0712140000000003
6408.285,0.0687550000000003
6418.596,0.067571
6428.906,0.0664879999999997
6439.217,0.0618239999999997
6449.528,0.0603360000000004
6459.839,0.0579989999999997
6470.149,0.0589890000000004
6480.46,0.0588810000000004
6490.771,0.0576860000000003
6501.082,0.0581649999999998
6511.393,0.0561780000000001
6521.703,0.0547339999999998
6532.014,0.0521419999999999
6542.324,0.0472029999999997
6552.635,0.0465429999999998
6562.945,0.0366090000000003
6573.257,0.042961
6583.567,0.0429640000000004
6593.878,0.0414580000000004
6604.188,0.0441279999999997
6614.499,0.0405300000000004
6624.81,0.0376520000000005
6635.121,0.0358619999999998
6645.432,0.0370949999999999
6655.742,0.0357840000000005
6666.053,0.0382199999999999
6676.363,0.0374490000000005
6686.674,0.0360589999999998
6696.984,0.0335730000000005
6707.296,0.0283280000000001
6717.606,0.029928
6727.917,0.0287790000000001
6738.227,0.0265430000000002
6748.538,0.0286140000000001
6758.849,0.0256540000000003
6769.159,0.0213520000000003
6779.471,0.0216950000000002
6789.781,0.020295
6800.092,0.0192649999999999
6810.402,0.016864
6820.714,0.0146769999999998
6831.024,0.0125039999999998
6841.335,0.0139019999999999
6851.645,0.0117830000000003
6861.956,0.0116839999999998
6872.267,0.00764100000000045
6882.577,0.0087900000000003
6892.888,0.00694000000000017
6903.198,0.00634500000000049
6913.509,0.00292799999999982
6923.82,0.00343599999999977
6934.131,0.00341599999999964
6944.441,0.000691999999999915
6954.752,-0.0018659999999997
6965.062,-0.00119000000000025
6975.373,-0.00277999999999956
6985.685,0.000102000000000046
6995.995,0.00193500000000046
7006.306,0.00078400000000034
7016.616,0.00106599999999979
7026.927,0.00549800000000022
7037.237,0.000914999999999999
7047.548,-0.00361800000000034
7057.859,-0.00509399999999971
7068.17,-0.00401999999999969
7078.48,-0.0018779999999996
7088.791,-0.00648900000000019
7099.101,-0.00397900000000018
7109.412,-0.00984799999999986
7119.723,-0.010141
7130.033,-0.00857699999999983
7140.344,-0.00911300000000015
7150.654,-0.00809999999999977
7160.966,-0.0132510000000003
7171.276,-0.010294
7181.587,-0.0127889999999997
7191.897,-0.0123829999999998
7202.208,-0.0113539999999999
7212.518,-0.0151649999999997
7222.829,-0.012651
7233.14,-0.0136839999999996
7243.451,-0.017258
7253.762,-0.0177670000000001
7264.072,-0.0278539999999996
7274.383,-0.0169009999999998
7284.693,-0.0199160000000003
7295.004,-0.0188249999999996
7305.314,-0.0179369999999999
7315.625,-0.0207899999999999
7325.936,-0.018688
7336.247,-0.0208639999999995
7346.558,-0.021833
7356.868,-0.023606
7367.179,-0.0235500000000002
7377.489,-0.025112
7387.8,-0.0346929999999999
7398.111,-0.0253179999999995
7408.422,-0.0269029999999999
7418.732,-0.0285609999999998
7429.043,-0.0265959999999996
7439.353,-0.0308109999999999
7449.665,-0.0314009999999998
7459.976,-0.0317480000000003
7470.286,-0.029903
7480.597,-0.0334849999999998
7490.907,-0.0342180000000001
7501.218,-0.0340129999999998
7511.529,-0.033919
7521.84,-0.0363559999999996
7532.15,-0.0343049999999998
7542.461,-0.0361779999999996
7552.771,-0.0371620000000004
7563.082,-0.0365589999999996
7573.393,-0.037102
7583.703,-0.0394629999999996
7594.014,-0.0437570000000003
7604.324,-0.0401169999999995
7614.636,-0.0413709999999998
7624.946,-0.0435109999999996
7635.257,-0.0446470000000003
7645.567,-0.0439080000000001
7655.878,-0.0462670000000003
7666.188,-0.04678
7676.499,-0.0479229999999999
7686.81,-0.0486370000000003
7697.121,-0.0509469999999999
7707.432,-0.051482
7717.742,-0.051609
7728.053,-0.0515949999999998
7738.363,-0.0530530000000002
7748.674,-0.0510549999999999
7758.984,-0.0550749999999995
7769.296,-0.0555639999999995
7779.606,-0.0555159999999999
7789.917,-0.0556239999999999
7800.227,-0.0577179999999995
7810.538,-0.0591739999999996
7820.849,-0.0582640000000003
7831.16,-0.0610939999999998
7841.471,-0.0635789999999998
7851.781,-0.0638030000000001
7862.092,-0.0651549999999999
7872.402,-0.0670979999999997
7882.713,-0.0690200000000001
7893.024,-0.0702059999999998
7903.335,-0.0707420000000001
7913.645,-0.0697320000000001
7923.956,-0.071682
7934.267,-0.0737889999999997
7944.577,-0.0741769999999997
7954.889,-0.0742370000000001
7965.199,-0.0747619999999998
7975.51,-0.0738859999999999
7985.82,-0.0739979999999996
7996.131,-0.0774600000000003
8006.441,-0.0806459999999998
8016.753,-0.0783529999999999
8027.063,-0.0745170000000002
8037.374,-0.076568
8047.685,-0.078646
8057.995,-0.0804770000000001
8068.306,-0.0826729999999998
8078.616,-0.0833979999999999
8088.927,-0.0854949999999999
8099.237,-0.0863350000000001
8109.548,-0.0876209999999995
8119.858,-0.0914659999999996
8130.17,-0.0920379999999996
8140.48,-0.0942759999999998
8150.791,-0.095002
8161.101,-0.0959310000000002
8171.412,-0.106291
8181.723,-0.098217
8192.066,-0.0987929999999997
8202.378,-0.0954269999999999
8212.688,-0.0991400000000002
8222.999,-0.102739
8233.31,-0.100139
8243.62,-0.1022
8253.932,-0.102236
8264.242,-0.102779
8274.553,-0.102756
8284.863,-0.107178
8295.174,-0.107731999999999
8305.484,-0.109603
8315.796,-0.113561
8326.106,-0.107368
8336.417,-0.113495
8346.727,-0.107724
8357.038,-0.116085
8367.349,-0.117126
8377.659,-0.121879
8387.97,-0.119282
8398.281,-0.121787
8408.592,-0.12204
8418.902,-0.123833
8429.213,-0.125612
8439.523,-0.123223
8449.834,-0.12657
8460.144,-0.126057
8470.456,-0.127047
8480.767,-0.130919
8491.077,-0.129593
8501.388,-0.133472
8511.698,-0.131857
8522.01,-0.1335
8532.321,-0.133215
8542.631,-0.134797
8552.941,-0.136656
8563.252,-0.136755
8573.562,-0.138493
8583.873,-0.137653
8594.185,-0.140969
8604.495,-0.141942999999999
8614.806,-0.142581
8625.118,-0.142845
8635.427,-0.14297
8645.737,-0.14361
8656.048,-0.144227
8666.358,-0.144448
8676.669,-0.150737
8686.98,-0.14922
8697.293,-0.147424
8707.603,-0.149444
8717.912,-0.146169
8728.223,-0.150323
8738.533,-0.152218
8748.845,-0.15123
8759.155,-0.150719
8769.466,-0.150006
8779.776,-0.151531
8790.09,-0.151033
8800.4,-0.151561
8810.708,-0.153422
8821.018,-0.154482
8831.329,-0.15174
8841.64,-0.154486
8851.951,-0.158768
8862.262,-0.157529
8872.575,-0.15802
8882.887,-0.160098
8893.196,-0.161571
8903.504,-0.165281
8913.814,-0.161817
8924.125,-0.165942
8934.436,-0.165999999999999
8944.747,-0.167232
8955.058,-0.168839
8965.372,-0.168583
8975.682,-0.168909
8985.989,-0.171583
8996.301,-0.173812
9006.611,-0.173395
9016.922,-0.177945
9027.232,-0.176778
9037.543,-0.172789
9047.853,-0.175026
9058.168,-0.174601
9068.478,-0.176148
9078.786,-0.18536
9089.097,-0.174691
9099.407,-0.178669
9109.718,-0.179117
9120.028,-0.178066
9130.34,-0.174489
9140.652,-0.176165
9150.964,-0.178674
9161.307,-0.182991
9171.649,-0.181033
9182.093,-0.184376
9192.504,-0.189128
9202.918,-0.185953
9213.362,-0.187498
9223.806,-0.189998
9234.247,-0.207829
9244.661,-0.1946
9255.105,-0.195693
9265.55,-0.195055
9275.993,-0.196448
9286.469,-0.199307
9296.882,-0.197297
9307.356,-0.201829
9317.801,-0.202422
9328.278,-0.199581999999999
9338.692,-0.201598
9349.136,-0.205747
9359.58,-0.201891
9370.024,-0.204611
9380.469,-0.20506
9390.913,-0.209484
9401.356,-0.20422
9411.801,-0.205261
9422.275,-0.206508
9432.689,-0.209486
9443.197,-0.210152
9453.678,-0.209813
9464.185,-0.211821
9474.663,-0.210544
9485.141,-0.205068
9495.618,-0.214298
9506.129,-0.21755
9516.575,-0.221298
9527.119,-0.215892
9537.631,-0.219304
9548.172,-0.22023
9558.683,-0.223077
9569.226,-0.225697
9579.77,-0.225284
9590.349,-0.227698
9600.926,-0.230288
9611.504,-0.230959
9622.048,-0.231306
9632.626,-0.233194
9643.203,-0.234624
9653.747,-0.233965
9664.325,-0.236576
9674.902,-0.235984
9685.48,-0.239496
9696.024,-0.238008
9706.601,-0.239401
9717.18,-0.239924
9727.69,-0.241989
9738.268,-0.241181
9748.812,-0.241448
9759.39,-0.248051999999999
9769.9,-0.245022
9780.478,-0.248793
9790.923,-0.25597
9801.434,-0.249403
9812.011,-0.248988
9822.521,-0.24993
9833.1,-0.248299
9843.677,-0.251049
9854.255,-0.252356
9864.832,-0.254016
9875.409,-0.254018
9885.987,-0.256772
9896.531,-0.257869
9907.076,-0.257691
9917.62,-0.258037
9928.164,-0.256976
9938.708,-0.263459
9949.253,-0.262253
9959.764,-0.266103
9970.341,-0.267844
9980.752,-0.274679
9991.263,-0.270089
10001.841,-0.27249
10012.353,-0.274076
10022.933,-0.27499
10033.443,-0.277589
10043.983,-0.279664
10054.533,-0.280618
10065.103,-0.281222
10075.613,-0.284435
10086.163,-0.282731
10096.743,-0.286094
10107.313,-0.285731
10117.823,-0.287385
10128.373,-0.288747
10138.953,-0.292727
10149.463,-0.293005
10160.033,-0.291638
10170.613,-0.292993
10181.193,-0.293073
10191.733,-0.297598
10202.243,-0.297605
10212.793,-0.298136
10223.333,-0.297678
10233.883,-0.299479
10244.423,-0.299668
10255.003,-0.299656
10265.513,-0.305831
10275.993,-0.305211
10286.533,-0.307096
10297.043,-0.305422
10307.593,-0.30992
10318.133,-0.311296
10328.683,-0.311171
10339.223,-0.31376
10349.763,-0.313704
10360.273,-0.31709
10370.793,-0.318243
10381.333,-0.321315
10391.873,-0.321649
10402.383,-0.324484
10412.933,-0.324906
10423.443,-0.329861
10433.883,-0.326842
10444.463,-0.325421
10454.973,-0.326571
10465.553,-0.331929
10476.133,-0.334948
10486.713,-0.333364
10497.223,-0.338685
10507.763,-0.336704
10518.303,-0.336924
10528.853,-0.341809
10539.393,-0.344828
10549.903,-0.345402
10560.483,-0.34561
10571.033,-0.348562
10581.543,-0.349049
10592.053,-0.350182
10602.563,-0.352037
10613.103,-0.353999
10623.653,-0.356126
10634.163,-0.35805
10644.673,-0.359558
10655.213,-0.361974
10665.763,-0.362946
10676.303,-0.36456
10686.853,-0.364574
10697.423,-0.366027
10707.973,-0.370621
10718.483,-0.372277
10728.993,-0.370874
10739.503,-0.376392
10750.043,-0.376061
10760.593,-0.375862
10771.173,-0.378507
10781.713,-0.380331
10792.223,-0.380673
10802.733,-0.383099
10813.243,-0.38442
10823.753,-0.386971
10834.233,-0.39088
10844.743,-0.39258
10855.293,-0.394309
10865.803,-0.392732
10876.343,-0.397321
10886.793,-0.406747
10897.333,-0.401169
10907.843,-0.400888
10918.323,-0.399711
10928.863,-0.403352
10939.343,-0.403186
10949.853,-0.407411
10960.363,-0.410109
10970.943,-0.408757
10981.453,-0.412644
10992.033,-0.414568
11002.543,-0.418822
11013.083,-0.417188
11023.593,-0.416565
11034.103,-0.422864
11044.623,-0.423656
11055.133,-0.416575
11065.613,-0.416746
11076.183,-0.416268
11086.763,-0.419
11097.343,-0.420757
11107.913,-0.42125
11118.493,-0.421103
11129.073,-0.425202
11139.653,-0.42403
11150.223,-0.430384
11160.803,-0.428335
11171.383,-0.432355
11181.963,-0.435068999999999
11192.533,-0.436841
11203.113,-0.433075
11213.693,-0.437694
11224.273,-0.44241
11234.753,-0.452123
11245.363,-0.440927
11255.933,-0.442609
11266.513,-0.444259
11277.093,-0.446601999999999
11287.673,-0.448405
11298.243,-0.451466
11308.823,-0.451208
11319.403,-0.452812
11329.983,-0.457295
11340.553,-0.457157
11351.133,-0.458299999999999
11361.713,-0.463174
11372.293,-0.46292
11382.863,-0.461853
11393.443,-0.466093
11404.023,-0.463721
11414.603,-0.471618
11425.183,-0.46836
11435.753,-0.471916
11446.333,-0.474293
11456.913,-0.473859
11467.493,-0.478108
11478.063,-0.476982
11488.643,-0.479559
11499.223,-0.480022
11509.803,-0.484908
11520.373,-0.482299
11530.953,-0.489341
11541.533,-0.490383
11552.113,-0.490794
11562.683,-0.493395
11573.263,-0.494413
11583.843,-0.497257
11594.423,-0.498005
11605.003,-0.50093
11615.573,-0.502294
11626.153,-0.50325
11636.733,-0.504466
11647.303,-0.5076
11657.883,-0.511722
11668.463,-0.511797
11679.043,-0.513765
11689.623,-0.512051
11700.193,-0.515759
11710.773,-0.515214
11721.353,-0.517628
11731.933,-0.515653
11742.503,-0.517318
11753.083,-0.52343
11763.663,-0.521557
11774.243,-0.521455
11784.813,-0.525215
11795.393,-0.536762
11805.973,-0.527779
11816.553,-0.527718
11827.123,-0.528474
11837.703,-0.533682
11848.283,-0.537244
11858.863,-0.541227
11869.433,-0.5377
11880.013,-0.539296
11890.593,-0.541605
11901.173,-0.541228
11911.753,-0.543239
11922.323,-0.546657
11932.903,-0.546372
11943.483,-0.548894
11954.063,-0.548464
11964.633,-0.549433
11975.213,-0.552992
11985.793,-0.554716
11996.373,-0.558199
12006.943,-0.55959
12017.523,-0.559034
12028.103,-0.559107
12038.683,-0.558388
12049.253,-0.564021
12059.833,-0.560767999999999
12070.413,-0.565345
12080.993,-0.568253
12091.563,-0.568437
12102.143,-0.571124
12112.723,-0.573186
12123.303,-0.575168
12133.883,-0.574718
12144.453,-0.578442
12155.033,-0.577318
12165.613,-0.58153
12176.193,-0.580867
12186.763,-0.584312
12197.343,-0.585009
12207.923,-0.587958
12218.503,-0.590073
12229.073,-0.590739
12239.653,-0.593266
12250.233,-0.592977
12260.813,-0.594774
12271.383,-0.597946
12281.963,-0.597584
12292.543,-0.596747
12303.123,-0.599108
12313.693,-0.601476
12324.273,-0.606932
12334.853,-0.606602
12345.433,-0.606107
12356.003,-0.608318
12366.583,-0.605136
12377.163,-0.61067
12387.743,-0.6128
12398.313,-0.61014
12408.893,-0.610196
12419.473,-0.617367
12430.053,-0.618968
12440.633,-0.617164
12451.203,-0.616169
12461.783,-0.61663
12472.363,-0.614447
12482.943,-0.62018
12493.513,-0.617243
12504.093,-0.62139
12514.673,-0.63038
12525.253,-0.629073
12535.823,-0.627525
12546.403,-0.628555
12556.983,-0.628766
12567.563,-0.633434
12578.133,-0.633321
12588.713,-0.631106
12599.293,-0.634652
12609.873,-0.6343
12620.443,-0.63548
12631.023,-0.633002
12641.603,-0.638169
12652.183,-0.638849
12662.763,-0.638457
12673.333,-0.638717
12683.913,-0.639125
12694.493,-0.640806
12705.073,-0.642705
12715.643,-0.641753
12726.223,-0.644844
12736.803,-0.646396
12747.383,-0.644666
12757.953,-0.646724
12768.533,-0.647392
12779.113,-0.651917
12789.693,-0.650062
12800.263,-0.649797
12810.843,-0.650518
12821.423,-0.651007
12832.003,-0.663404
12842.573,-0.65324
12853.153,-0.652869
12863.733,-0.65455
12874.313,-0.654046
12884.883,-0.657246
12895.463,-0.656093
12906.043,-0.656957
12916.623,-0.657275
12927.193,-0.657154999999999
12937.773,-0.655687
12948.353,-0.66009
12958.933,-0.659418
12969.503,-0.661634
12980.083,-0.665543
12990.663,-0.660975
13001.243,-0.661088
13011.813,-0.664184
13022.393,-0.661553
13032.973,-0.658933
13043.553,-0.662044
13054.133,-0.663041
13064.703,-0.665119
13075.283,-0.666325
13085.863,-0.663201
13096.443,-0.667273
13107.013,-0.666552
13117.593,-0.666621
13128.173,-0.666404
13138.753,-0.668987
13149.323,-0.67048
13159.903,-0.671285
13170.483,-0.670332
13181.063,-0.672699
13191.633,-0.677105
13202.213,-0.673277
13212.793,-0.673738
13223.373,-0.67542
13233.943,-0.673147
13244.523,-0.675691
13255.103,-0.680856
13265.683,-0.677854
13276.263,-0.678331
13286.833,-0.679341
13297.413,-0.679368
13307.993,-0.680544
13318.573,-0.68252
13329.143,-0.682885
13339.723,-0.683961
13350.303,-0.682992
13360.883,-0.682317
13371.453,-0.684716
13382.033,-0.683857
13392.613,-0.683151
13403.193,-0.683211
13413.763,-0.688277
13424.343,-0.684203
13434.923,-0.687242
13445.503,-0.690992
13456.073,-0.688919
13466.653,-0.689834
13477.233,-0.693255
13487.813,-0.69022
13498.383,-0.688705
13508.963,-0.699619
13519.543,-0.693712
13530.123,-0.692187
13540.703,-0.691749
13551.273,-0.692217
13561.853,-0.694532
13572.433,-0.696803
13583.013,-0.69307
13593.583,-0.69646
13604.163,-0.70786
13614.743,-0.69708
13625.323,-0.697594
13635.893,-0.697831
13646.473,-0.696466
13657.053,-0.695599
13667.633,-0.697985
13678.203,-0.699144
13688.783,-0.698615
13699.363,-0.700815
13709.943,-0.698907
13720.413,-0.697107
13730.863,-0.697694
13741.343,-0.697916
13751.813,-0.700144
13762.263,-0.698566
13772.743,-0.699011
13783.213,-0.699793
13793.663,-0.704165
13804.203,-0.700905
13814.683,-0.700233
13825.123,-0.703699
13835.603,-0.700577
13846.053,-0.702407
13856.523,-0.702596
13866.973,-0.702295
13877.443,-0.70233
13887.923,-0.70336
13898.503,-0.703355
13909.043,-0.705539
13919.623,-0.705564
13930.203,-0.704836
13940.783,-0.707024
13951.353,-0.704114
13961.933,-0.707656
13972.513,-0.706216
13983.093,-0.710193
13993.663,-0.70646
14004.243,-0.707309
14014.823,-0.710838
14025.403,-0.709433
14035.973,-0.711519
14046.553,-0.712718
14057.133,-0.710473
14067.713,-0.710336
14078.283,-0.71194
14088.863,-0.713949
14099.443,-0.719325
14110.023,-0.711669
14120.603,-0.714744
14131.173,-0.715107
14141.753,-0.712965
14152.333,-0.71076
14162.913,-0.712815
14173.483,-0.709906
14184.063,-0.709211
14194.643,-0.713475
14205.223,-0.715026
14215.793,-0.717668
14226.373,-0.714619
14236.953,-0.718776
14247.533,-0.716923
14258.103,-0.71675
14268.683,-0.711638
14279.263,-0.717305
14289.843,-0.713596
14300.413,-0.722261
14310.993,-0.725297
14321.573,-0.719747
14332.153,-0.718633
14342.723,-0.719543
14353.303,-0.716509
14363.883,-0.719171
14374.463,-0.719577
14385.033,-0.719822
14395.613,-0.718535
14406.193,-0.719372
14416.773,-0.719087
14427.353,-0.719799
14437.923,-0.721133
14448.503,-0.719789
14459.083,-0.717896
14469.663,-0.720164
14480.233,-0.71808
14490.813,-0.721011
14501.393,-0.717212
14511.973,-0.723913
14522.543,-0.720493
14533.123,-0.722068
14543.703,-0.721861
14554.283,-0.722135
14564.853,-0.715415
14575.433,-0.723577
14586.013,-0.724658
14596.593,-0.722879
14607.163,-0.724886
14617.743,-0.724771
14628.323,-0.728478
14638.903,-0.720621
14649.473,-0.726598
14660.053,-0.72617
14670.633,-0.726097
14681.213,-0.728088
14691.793,-0.725412
14702.333,-0.731085
14712.913,-0.72746
14723.483,-0.728735
14734.063,-0.728498
14744.643,-0.729677
14755.223,-0.729937
14765.793,-0.731225
14776.373,-0.730764
14786.953,-0.729677
14797.533,-0.732005
14808.113,-0.732476
14818.683,-0.73661
14829.263,-0.730862
14839.843,-0.736355
14850.423,-0.735327
14860.993,-0.731582
14871.573,-0.732628
14882.153,-0.733745
14892.733,-0.734046
14903.303,-0.73229
14913.883,-0.736765
14924.463,-0.733604
14935.043,-0.73523
14945.613,-0.733456
14956.193,-0.738047
14966.773,-0.736905
14977.353,-0.734722
14987.933,-0.732831
14998.503,-0.735463
15009.083,-0.732603
15019.663,-0.734509
15030.243,-0.73695
15040.813,-0.737734
15051.393,-0.734519
15061.973,-0.736973
15072.553,-0.737079
15083.123,-0.736227
15093.703,-0.73659
15104.283,-0.734036
15114.863,-0.740839
15125.433,-0.737064
15136.013,-0.737661
15146.593,-0.736633
15157.173,-0.739347
15167.743,-0.736448
15178.323,-0.73831
15188.903,-0.736919
15199.483,-0.733896
15210.053,-0.736976
15220.633,-0.739383
15231.213,-0.738495
15241.793,-0.738101
15252.373,-0.738681
15262.943,-0.736396
15273.523,-0.738288
15284.103,-0.740183
15294.683,-0.740708
15305.253,-0.739868
15315.833,-0.741248
15326.413,-0.738873
15336.993,-0.741579
15347.563,-0.738495
15358.143,-0.740408
15368.723,-0.74301
15379.303,-0.739373
15389.873,-0.740449
15400.453,-0.739444
15411.033,-0.74172
15421.573,-0.741943
15432.123,-0.742147
15442.663,-0.743722
15453.173,-0.741384
15463.693,-0.742452
15474.193,-0.740855
15484.643,-0.742785
15495.053,-0.741888
15505.563,-0.741698
15516.003,-0.743142
15526.453,-0.743642
15536.963,-0.742017
15547.403,-0.745945
15557.823,-0.745441
15568.263,-0.744107
15578.743,-0.746098
15589.183,-0.745352
15599.603,-0.747153
15610.043,-0.746291
15620.483,-0.744951
15630.933,-0.746829
15641.373,-0.747886
15651.823,-0.748266
15662.263,-0.746675
15672.733,-0.745801
15683.153,-0.745453
15693.593,-0.748684
15704.043,-0.746987
15714.483,-0.75115
15724.933,-0.747534
15735.373,-0.749248
15745.813,-0.750796999999999
15756.293,-0.749485
15766.733,-0.751782
15777.143,-0.749935
15787.593,-0.749638
15798.033,-0.746306
15808.483,-0.747437
15818.923,-0.753363999999999
15829.373,-0.746288
15839.813,-0.757152
15850.283,-0.751951
15860.733,-0.753827
15871.143,-0.752429
15881.593,-0.75357
15892.033,-0.754696
15902.473,-0.75281
15912.923,-0.760033
15923.363,-0.754207
15933.843,-0.753457
15944.253,-0.755959
15954.703,-0.754319
15965.143,-0.755975
15975.583,-0.753287
15986.033,-0.752386
15996.473,-0.753694
16006.923,-0.754789
16017.363,-0.754738
16027.833,-0.755085
16038.283,-0.751942
16048.693,-0.756006
16059.143,-0.756992
16069.583,-0.754526
16080.033,-0.754585
16090.473,-0.755545
16100.913,-0.760667
16111.363,-0.755179
16121.833,-0.75832
16132.253,-0.757563
16142.693,-0.755607
16153.133,-0.75838
16163.583,-0.75608
16174.023,-0.754646
16184.473,-0.756488
16194.913,-0.757879
16205.383,-0.758248
16215.833,-0.758847
16226.243,-0.757093
16236.693,-0.758996
16247.133,-0.758787
16257.583,-0.759051
16268.023,-0.759215
16278.473,-0.752421
16288.913,-0.76069
16299.393,-0.761091
16309.863,-0.758618
16320.283,-0.767263
16330.683,-0.754108
16341.063,-0.754917
16351.443,-0.756914
16361.813,-0.758479
16372.193,-0.756795
16382.543,-0.759897
16392.953,-0.759038
16403.323,-0.758763
16413.703,-0.758608
16424.083,-0.760911
16434.463,-0.766377
16444.873,-0.760724
16455.243,-0.757025
16465.633,-0.756617
16476.033,-0.764383
16486.413,-0.754324
16496.793,-0.75558
16507.163,-0.748826
16517.543,-0.75313
16527.953,-0.756699
16538.333,-0.756554
16548.673,-0.758589
16559.093,-0.758462
16569.503,-0.754013
16579.873,-0.758707
16590.253,-0.757736
16600.633,-0.758491
16611.043,-0.756328
16621.453,-0.757046
16631.863,-0.760652
16642.243,-0.757573
16652.653,-0.757332
16663.063,-0.756456
16673.473,-0.757748
16683.853,-0.761893
16694.263,-0.75827
16704.703,-0.758253
16715.093,-0.759246
16725.493,-0.758211
16735.903,-0.757914
16746.313,-0.758307
16756.693,-0.758191
16767.103,-0.759339
16777.513,-0.759804
16787.893,-0.753438
16798.303,-0.757918
16808.713,-0.75828
16819.093,-0.754271
16829.503,-0.757128
16839.913,-0.756913
16850.293,-0.755505
16860.673,-0.757103
16871.083,-0.758827
16881.463,-0.7568
16891.843,-0.758019
16902.243,-0.758287
16912.623,-0.75739
16922.973,-0.758501
16933.273,-0.760278
16943.593,-0.761875
16953.893,-0.759743
16964.203,-0.757855
16974.523,-0.760854
16984.833,-0.763148
16995.143,-0.758159
17005.453,-0.755756
17015.763,-0.758043
17026.073,-0.756432
17036.383,-0.757844
17046.693,-0.757586
17057.003,-0.758675
17067.313,-0.758233
17077.623,-0.758933
17087.933,-0.756027
17098.243,-0.754561
17108.563,-0.758376
17118.863,-0.756201
17129.183,-0.758973
17139.493,-0.755721
17149.803,-0.758068
17160.113,-0.760464
17170.423,-0.756399
17180.733,-0.760246
17191.043,-0.758414
17201.353,-0.758429
17211.663,-0.758022
17221.973,-0.758763
17232.283,-0.758904
17242.593,-0.763566
17252.903,-0.761188
17263.223,-0.764459
17273.533,-0.760351
17283.843,-0.760016
17294.153,-0.762842
17304.463,-0.75983
17314.773,-0.761388
17325.083,-0.766211
17335.393,-0.762704
17345.703,-0.762578
17356.013,-0.760066
17366.323,-0.76519
17376.633,-0.760558
17386.943,-0.758417
17397.253,-0.753102
17407.563,-0.757613
17417.883,-0.756845
17428.193,-0.759177
17438.503,-0.755652
17448.813,-0.756378
17459.123,-0.756908
17469.433,-0.755778
17479.743,-0.757941
17490.053,-0.757626
17500.363,-0.758882
17510.673,-0.757285
17520.983,-0.764256
17531.303,-0.759845
17541.683,-0.755207
17552.053,-0.756385
17562.363,-0.757677
17572.743,-0.756736
17583.153,-0.758036
17593.533,-0.760296
17603.933,-0.75979
17614.313,-0.759864
17624.763,-0.759002
17635.173,-0.783749
17645.583,-0.780909
17655.963,-0.779564
17666.303,-0.779658
17676.713,-0.779885
17687.093,-0.778142
17697.473,-0.778122
17707.813,-0.786172
17718.193,-0.778545
17728.533,-0.779816
17738.943,-0.780636
17749.323,-0.780174
17759.703,-0.780547
17770.073,-0.781041
17780.453,-0.777032
17790.833,-0.778995
17801.243,-0.778198
17811.583,-0.78602
17822.003,-0.779319
17832.373,-0.780865
17842.753,-0.777784
17853.133,-0.775111
17863.513,-0.76816
17873.923,-0.760046
17884.333,-0.753352
17894.773,-0.744487
17905.223,-0.7361
17915.663,-0.729648
17926.113,-0.722685
17936.583,-0.715851
17947.023,-0.708266
17957.443,-0.700212
17967.883,-0.691112
17978.363,-0.685783
17988.773,-0.676951
17999.223,-0.669851
18009.663,-0.663046
18020.103,-0.656054
18030.553,-0.64686
18040.993,-0.642732
18051.443,-0.638295
18061.883,-0.62912
18072.333,-0.625783
18082.803,-0.613734
18093.213,-0.612041
18103.693,-0.604862
18114.143,-0.59816
18124.583,-0.605957
18135.023,-0.583606
18145.473,-0.57902
18155.913,-0.580354
18166.393,-0.566778
18176.833,-0.562943
18187.253,-0.55812
18197.693,-0.550706
18208.133,-0.546513
18218.543,-0.547611
18228.993,-0.538216
18239.433,-0.532031
18249.883,-0.530399
18260.323,-0.520858
18270.773,-0.519733
18281.213,-0.508324
18291.683,-0.503831
18302.103,-0.498127
18312.543,-0.495731
18322.993,-0.489829
18333.463,-0.486328
18343.873,-0.482192
18354.323,-0.476233
18364.763,-0.471772
18375.173,-0.464447
18385.553,-0.461536
18395.923,-0.456194
18406.303,-0.452009
18416.683,-0.450444
18427.093,-0.442525
18437.443,-0.44009
18447.883,-0.434702
18458.263,-0.429619
18468.673,-0.432578
18478.943,-0.422437
18489.253,-0.427984
18499.563,-0.419366
18509.883,-0.416714
18520.193,-0.413654
18530.503,-0.409072
18540.813,-0.406509
18551.123,-0.399206
18561.433,-0.398757
18571.743,-0.392694
18582.053,-0.387113
18592.363,-0.385997
18602.673,-0.381351
18612.983,-0.37263
18623.293,-0.371315
18633.603,-0.367611
18643.913,-0.36573
18654.223,-0.35856
18664.543,-0.350111
18674.853,-0.349022
18685.163,-0.345438
18695.473,-0.34582
18705.783,-0.340074
18716.093,-0.334165
18726.403,-0.342616
18736.713,-0.326452
18747.023,-0.324643
18757.333,-0.325938
18767.643,-0.320524
18777.953,-0.317934
18788.273,-0.315129
18798.583,-0.317082
18808.893,-0.311859
18819.203,-0.309922
18829.513,-0.307861
18839.823,-0.309376
18850.133,-0.30537
18860.443,-0.305975
18870.753,-0.304481
18881.063,-0.302265999999999
18891.373,-0.295442
18901.683,-0.286446
18911.993,-0.286977
18922.313,-0.279749
18932.613,-0.282795
18942.933,-0.276346
18953.243,-0.271035
18963.553,-0.272286
18973.863,-0.262102
18984.173,-0.268677
18994.483,-0.269808
19004.793,-0.264816
19015.103,-0.261485
19025.413,-0.260263
19035.723,-0.271677
19046.033,-0.257096
19056.343,-0.25446
19066.653,-0.253954999999999
19076.973,-0.256961
19087.273,-0.244922
19097.593,-0.244572
19107.903,-0.245369
19118.213,-0.244064
19128.523,-0.241109
19138.833,-0.235394
19149.143,-0.230219
19159.453,-0.229553
19169.763,-0.223608
19180.073,-0.221711
19190.383,-0.217531
19200.693,-0.215473
19211.003,-0.211804
19221.313,-0.208659
19231.623,-0.202002999999999
19241.933,-0.19999
19252.253,-0.193811
19262.563,-0.193148
19272.873,-0.189881
19283.183,-0.191408
19293.493,-0.187696
19303.803,-0.189453
19314.113,-0.189581
19324.423,-0.18761
19334.733,-0.192261999999999
19345.043,-0.192153
19355.353,-0.185277
19365.663,-0.176879
19375.973,-0.185201
19386.293,-0.178824
19396.603,-0.180516
19406.913,-0.178221
19417.223,-0.176014
19427.533,-0.164213
19437.843,-0.158941
19448.153,-0.155023
19458.463,-0.151562
19468.773,-0.148188
19479.083,-0.138066
19489.393,-0.134849
19499.703,-0.132361
19510.013,-0.13062
19520.323,-0.12833
19530.633,-0.122102
19540.953,-0.123397
19551.263,-0.129134
19561.573,-0.124462
19571.883,-0.117822
19582.193,-0.119027
19592.503,-0.120995
19602.813,-0.113891
19613.123,-0.112282
19623.433,-0.101897
19633.743,-0.100635
19644.053,-0.0909189999999995
19654.363,-0.0916680000000003
19664.673,-0.0863990000000001
19674.983,-0.0803199999999995
19685.293,-0.0730079999999997
19695.613,-0.0719700000000003
19705.923,-0.0747809999999998
19716.233,-0.0700219999999998
19726.543,-0.0636190000000001
19736.853,-0.0580829999999999
19747.163,-0.0630949999999997
19757.473,-0.0622210000000001
19767.783,-0.0548000000000002
19778.093,-0.0572460000000001
19788.403,-0.0531790000000001
19798.713,-0.0525339999999996
19809.023,-0.0536789999999998
19819.333,-0.0506820000000001
19829.643,-0.0492879999999998
19839.953,-0.0472339999999996
19850.273,-0.0443350000000002
19860.583,-0.043571
19870.893,-0.0423169999999997
19881.203,-0.0413639999999997
19891.513,-0.0392219999999996
19901.823,-0.0396549999999998
19912.133,-0.0422580000000004
19922.443,-0.0431220000000003
19932.753,-0.0395510000000003
19943.063,-0.0502779999999996
19953.373,-0.0338279999999997
19963.683,-0.0338180000000001
19973.993,-0.0328119999999998
19984.313,-0.0266330000000004
19994.613,-0.0217469999999995
20004.933,-0.0178479999999999
20015.243,-0.0210470000000003
20025.553,-0.0146579999999998
20035.863,-0.021172
20046.173,0.000868999999999787
20056.483,-0.00541600000000031
20066.793,0.00309700000000035
20077.103,0.0101339999999999
20087.413,0.0145429999999998
20097.723,0.0117650000000005
20108.033,0.0114289999999997
20118.343,0.0147640000000004
20128.653,0.0248200000000001
20138.973,0.0219040000000001
20149.273,0.0184509999999998
20159.593,0.00600500000000004
20169.903,0.00664200000000026
20180.213,0.0115959999999999
20190.523,0.0160910000000003
20200.833,0.0121229999999999
20211.143,0.0117190000000003
20221.453,0.0183900000000001
20231.763,0.0243960000000003
20242.073,0.0199590000000001
20252.383,0.0219469999999999
20262.693,0.023631
20273.003,0.0211690000000004
20283.313,0.019279
20293.633,0.0236809999999998
20303.933,0.0209219999999997
20314.253,0.0224530000000005
20324.563,0.042948
20334.873,0.0358530000000004
20345.183,0.0302879999999996
20355.493,0.0330019999999998
20365.803,0.0422210000000005
20376.113,0.0369950000000001
20386.423,0.0439740000000004
20396.733,0.0413399999999999
20407.043,0.03444
20417.353,0.0490060000000003
20427.663,0.0502630000000002
20437.973,0.0465330000000002
20448.293,0.043857
20458.603,0.0494859999999999
20468.913,0.0538129999999999
20479.223,0.0513300000000001
20489.533,0.0470360000000003
20499.843,0.0515680000000005
20510.153,0.0517130000000003
20520.463,0.0481210000000001
20530.773,0.0462810000000005
20541.083,0.0472219999999997
20551.393,0.0501969999999998
20561.703,0.0431689999999998
20572.013,0.0492650000000001
20582.323,0.0608870000000001
20592.633,0.043679
20602.953,0.0440860000000001
20613.263,0.0550660000000001
20623.573,0.0465549999999997
20633.883,0.0498510000000003
20644.193,0.0480330000000002
20654.503,0.0483080000000005
20664.813,0.0510060000000001
20675.123,0.0519080000000001
20685.433,0.0517200000000004
20695.743,0.0467620000000002
20706.053,0.0440670000000001
20716.363,0.0376560000000001
20726.673,0.0459110000000003
20736.983,0.0381989999999996
20747.293,0.0371560000000004
20757.613,0.0362439999999999
20767.923,0.0361479999999998
20778.233,0.0389559999999998
20788.543,0.0379000000000005
20798.853,0.0358350000000005
20809.163,0.0341519999999997
20819.473,0.0481769999999999
20829.783,0.0463909999999998
20840.093,0.0480109999999998
20850.403,0.0515410000000003
20860.713,0.0610980000000003
20871.023,0.0639479999999999
20881.333,0.0588759999999997
20891.643,0.05959
20901.953,0.0603620000000005
20912.273,0.0584379999999998
20922.583,0.0557809999999996
20932.893,0.0511119999999998
20943.203,0.047447
20953.513,0.0511809999999997
20963.823,0.0499999999999998
20974.133,0.0462319999999998
20984.443,0.0345719999999998
20994.753,0.0416920000000003
21005.063,0.0397369999999997
21015.373,0.0426409999999997
21025.683,0.0361830000000003
21035.993,0.0318040000000002
21046.313,0.0412920000000003
21056.613,0.0486750000000002
21066.933,0.0409310000000005
21077.243,0.0425990000000001
21087.553,0.0447430000000004
21097.863,0.0458680000000005
21108.173,0.0469109999999997
21118.483,0.0436069999999997
21128.793,0.0364789999999999
21139.103,0.04725
21149.413,0.0504170000000004
21159.723,0.0497100000000001
21170.033,0.0391180000000002
21180.343,0.0423109999999998
21190.653,0.0550670000000002
21200.973,0.0432769999999998
21211.273,0.0474379999999996
21221.593,0.046087
21231.903,0.0425360000000001
21242.213,0.0510869999999999
21252.523,0.054335
21262.833,0.0417459999999998
21273.143,0.0446049999999998
21283.453,0.0417370000000004
21293.763,0.0412970000000001
21304.073,0.0356420000000002
21314.383,0.0367940000000004
21324.693,0.0366150000000003
21335.003,0.039231
21345.313,0.0395560000000001
21355.633,0.0373039999999998
21365.933,0.0417730000000001
21376.253,0.0405750000000005
21386.563,0.0399849999999997
21396.873,0.0428980000000001
21407.183,0.0411960000000002
21417.493,0.0378170000000004
21427.803,0.040896
21438.383,0.0421719999999999
21448.953,0.0369669999999998
21459.533,0.032686
21470.143,0.035291
21480.753,0.0331429999999999
21491.373,0.0356820000000004
21501.983,0.0272259999999998
21512.593,0.0272589999999999
21523.203,0.0283800000000003
21533.813,0.0290520000000001
21544.423,0.025201
21555.033,0.0277719999999997
21565.643,0.0296209999999997
21576.253,0.0303990000000001
21586.863,0.0292180000000002
21597.473,0.0272670000000002
21608.053,0.0347580000000001
21618.633,0.0351220000000003
21629.243,0.0333440000000005
21639.823,0.0354489999999998
21650.403,0.0382800000000003
21660.973,0.0393470000000002
21671.593,0.0370429999999997
21682.163,0.0449260000000002
21692.743,0.0479500000000002
21703.323,0.0508800000000003
21713.933,0.0485880000000005
21724.513,0.0525979999999997
21735.093,0.0572920000000003
21745.663,0.0556190000000001
21756.243,0.05844
21766.823,0.0614179999999998
21777.363,0.0641059999999998
21787.943,0.0667390000000001
21798.553,0.0674600000000005
21809.163,0.0640070000000001
21819.773,0.0680300000000003
21830.383,0.0707649999999997
21840.993,0.0650450000000005
21851.613,0.0686850000000003
21862.223,0.0726979999999999
21872.833,0.0730810000000002
21883.443,0.0656999999999996
21894.053,0.069922
21904.663,0.0673940000000002
21915.273,0.0648689999999998
21925.883,0.0667770000000001
21936.493,0.0793350000000004
21947.103,0.0713860000000004
21957.723,0.0663400000000003
21968.333,0.0739859999999997
21978.943,0.0663030000000004
21989.553,0.0693289999999998
22000.163,0.0724369999999999
22010.773,0.073817
22021.383,0.0726849999999999
22031.993,0.0726360000000001
22042.603,0.0745570000000004
22053.223,0.0738130000000004
22063.833,0.077623
22074.443,0.0726339999999999
22085.053,0.0742500000000001
22095.663,0.0797220000000003
22106.273,0.0794690000000005
22116.883,0.0735950000000001
22127.493,0.0749649999999997
22138.103,0.0768360000000001
22148.713,0.0761270000000005
22159.323,0.0762510000000001
22169.933,0.079777
22180.553,0.078182
22191.163,0.0777950000000001
22201.773,0.076695
22212.353,0.081823
22222.963,0.0836110000000003
22233.533,0.0813490000000003
22244.143,0.0826190000000002
22254.763,0.0853989999999998
22265.373,0.083107
22275.983,0.0840380000000005
22286.593,0.0872229999999998
22297.173,0.0830130000000002
22307.743,0.0850689999999998
22318.353,0.0857039999999998
22328.973,0.0938660000000002
22339.543,0.087358
22350.123,0.0949150000000003
22360.703,0.0957670000000004
22371.283,0.0980119999999998
22381.853,0.0973750000000004
22392.473,0.103369
22403.083,0.103314
22413.693,0.108424
22424.303,0.109352
22434.913,0.107206
22445.523,0.110179
22456.103,0.116235
22466.683,0.11636
22477.253,0.112955
22487.833,0.11294
22498.413,0.114711
22509.023,0.119102
