0.000000e+000	-7.528826e+000
9.993000e+000	-7.561321e+000
2.000300e+001	-7.553856e+000
3.000300e+001	-7.578722e+000
4.001300e+001	-7.605692e+000
5.002400e+001	-7.578353e+000
6.001500e+001	-7.538587e+000
7.001300e+001	-7.593415e+000
8.002400e+001	-7.572393e+000
9.003300e+001	-7.578604e+000
1.000340e+002	-7.565699e+000
1.100440e+002	-7.577524e+000
1.200530e+002	-7.618511e+000
1.300540e+002	-7.596473e+000
1.400640e+002	-7.539454e+000
1.500730e+002	-7.554554e+000
1.600950e+002	-7.603656e+000
1.701040e+002	-7.579397e+000
1.801050e+002	-7.564862e+000
1.901160e+002	-7.582140e+000
2.001250e+002	-7.606753e+000
2.101760e+002	-7.560165e+000
2.201450e+002	-7.589287e+000
2.301920e+002	-7.583249e+000
2.401660e+002	-7.578119e+000
2.501660e+002	-7.588655e+000
2.601750e+002	-7.591963e+000
2.701670e+002	-7.611295e+000
2.802230e+002	-7.582507e+000
2.901980e+002	-7.647415e+000
3.002000e+002	-7.527516e+000
3.102090e+002	-7.615288e+000
3.202190e+002	-7.613499e+000
3.302180e+002	-7.568947e+000
3.402290e+002	-7.658583e+000
3.502390e+002	-7.586583e+000
3.602400e+002	-7.668729e+000
3.702490e+002	-7.646618e+000
3.802390e+002	-7.623085e+000
3.902590e+002	-7.639257e+000
4.002690e+002	-7.653486e+000
4.102790e+002	-7.642997e+000
4.202790e+002	-7.646986e+000
4.303090e+002	-7.611304e+000
4.403190e+002	-7.668605e+000
4.503190e+002	-7.623558e+000
4.603290e+002	-7.614209e+000
4.703310e+002	-7.666254e+000
4.803870e+002	-7.607060e+000
4.903700e+002	-7.644632e+000
5.003700e+002	-7.705565e+000
5.103800e+002	-7.685396e+000
5.203800e+002	-7.695473e+000
5.303900e+002	-7.696860e+000
5.404000e+002	-7.674458e+000
5.504010e+002	-7.658917e+000
5.603910e+002	-7.675768e+000
5.704000e+002	-7.673534e+000
5.804100e+002	-7.704054e+000
5.904090e+002	-7.641305e+000
6.004200e+002	-7.704398e+000
6.104300e+002	-7.695216e+000
6.204300e+002	-7.678991e+000
6.304390e+002	-7.691453e+000
6.404500e+002	-7.721545e+000
6.504510e+002	-7.686629e+000
6.604610e+002	-7.710985e+000
6.704700e+002	-7.685206e+000
6.804710e+002	-7.741389e+000
6.904810e+002	-7.737187e+000
7.004910e+002	-7.716097e+000
7.104710e+002	-7.682502e+000
7.205000e+002	-7.653420e+000
7.305110e+002	-7.716492e+000
7.405320e+002	-7.705255e+000
7.505420e+002	-7.765087e+000
7.605420e+002	-7.763424e+000
7.705520e+002	-7.756707e+000
7.805520e+002	-7.770707e+000
7.905620e+002	-7.756796e+000
8.005720e+002	-7.741114e+000
8.105720e+002	-7.770480e+000
8.205830e+002	-7.749855e+000
8.305920e+002	-7.775465e+000
8.405910e+002	-7.785683e+000
8.506020e+002	-7.750514e+000
8.606130e+002	-7.755645e+000
8.706110e+002	-7.734372e+000
8.806230e+002	-7.801008e+000
8.906320e+002	-7.797378e+000
9.006330e+002	-7.793947e+000
9.106420e+002	-7.781280e+000
9.206860e+002	-7.801620e+000
9.306420e+002	-7.765360e+000
9.406430e+002	-7.759631e+000
9.506530e+002	-7.830162e+000
9.606620e+002	-7.790158e+000
9.706630e+002	-7.802741e+000
9.806740e+002	-7.745688e+000
9.906820e+002	-7.814125e+000
1.000683e+003	-7.803851e+000
1.010692e+003	-7.870212e+000
1.020702e+003	-7.827751e+000
1.030703e+003	-7.864712e+000
1.040713e+003	-7.802623e+000
1.050723e+003	-7.799988e+000
1.060723e+003	-7.820882e+000
1.070734e+003	-7.867367e+000
1.080733e+003	-7.846953e+000
1.090744e+003	-7.863453e+000
1.100753e+003	-7.809597e+000
1.110753e+003	-7.823165e+000
1.120763e+003	-7.787663e+000
1.130753e+003	-7.855103e+000
1.140773e+003	-7.847308e+000
1.150784e+003	-7.876347e+000
1.160794e+003	-7.818834e+000
1.170794e+003	-7.806476e+000
1.180803e+003	-7.820512e+000
1.190814e+003	-7.845238e+000
1.200804e+003	-7.870026e+000
1.210805e+003	-7.874375e+000
1.220813e+003	-7.879317e+000
1.230824e+003	-7.869338e+000
1.240825e+003	-7.874483e+000
1.250816e+003	-7.872374e+000
1.260836e+003	-7.887887e+000
1.270846e+003	-7.848351e+000
1.280856e+003	-7.889502e+000
1.290846e+003	-7.878096e+000
1.300847e+003	-7.864702e+000
1.310855e+003	-7.880981e+000
1.320866e+003	-7.889269e+000
1.330866e+003	-7.873988e+000
1.340875e+003	-7.877652e+000
1.350886e+003	-7.868423e+000
1.360885e+003	-7.884929e+000
1.370896e+003	-7.837899e+000
1.380906e+003	-7.876031e+000
1.390887e+003	-7.897125e+000
1.400915e+003	-7.838060e+000
1.410917e+003	-7.893690e+000
1.420946e+003	-7.928200e+000
1.430947e+003	-7.889502e+000
1.440957e+003	-7.908557e+000
1.450967e+003	-7.920933e+000
1.460966e+003	-7.875305e+000
1.470977e+003	-7.922012e+000
1.480986e+003	-7.873185e+000
1.490987e+003	-7.915182e+000
1.500997e+003	-7.873553e+000
1.511007e+003	-7.896069e+000
1.521006e+003	-7.924222e+000
1.531018e+003	-7.933520e+000
1.541027e+003	-7.945898e+000
1.551018e+003	-7.892724e+000
1.561018e+003	-7.927842e+000
1.571028e+003	-7.870553e+000
1.581037e+003	-7.930618e+000
1.591038e+003	-7.924947e+000
1.601048e+003	-7.944391e+000
1.611058e+003	-7.936005e+000
1.621058e+003	-7.890182e+000
1.631069e+003	-7.933967e+000
1.641078e+003	-7.896849e+000
1.651078e+003	-7.962304e+000
1.661089e+003	-7.919515e+000
1.671097e+003	-7.935509e+000
1.681098e+003	-7.935837e+000
1.691108e+003	-7.909003e+000
1.701108e+003	-7.945279e+000
1.711118e+003	-7.912832e+000
1.721128e+003	-7.961224e+000
1.731128e+003	-7.936351e+000
1.741138e+003	-7.900545e+000
1.751147e+003	-7.928420e+000
1.761147e+003	-7.969081e+000
1.771159e+003	-7.917686e+000
1.781149e+003	-7.976593e+000
1.791169e+003	-7.926384e+000
1.801179e+003	-7.935657e+000
1.811189e+003	-7.951328e+000
1.821179e+003	-7.953920e+000
1.831179e+003	-7.953469e+000
1.841189e+003	-7.966240e+000
1.851199e+003	-7.962503e+000
1.861179e+003	-7.921054e+000
1.871209e+003	-7.995713e+000
1.881219e+003	-7.937940e+000
1.891219e+003	-7.943671e+000
1.901230e+003	-7.942665e+000
1.911238e+003	-7.951669e+000
1.921239e+003	-7.973001e+000
1.931250e+003	-7.907106e+000
1.941260e+003	-7.985108e+000
1.951259e+003	-7.956618e+000
1.961269e+003	-7.912721e+000
1.971269e+003	-7.985005e+000
1.981300e+003	-7.916873e+000
1.991301e+003	-7.936241e+000
2.001310e+003	-7.951578e+000
2.011345e+003	-7.964260e+000
2.021322e+003	-7.953777e+000
2.031331e+003	-7.989596e+000
2.041342e+003	-7.973618e+000
2.051342e+003	-7.942327e+000
2.061352e+003	-7.971968e+000
2.071361e+003	-7.926419e+000
2.081360e+003	-7.989333e+000
2.091371e+003	-7.957192e+000
2.101382e+003	-7.940384e+000
2.111363e+003	-7.942933e+000
2.121372e+003	-7.944156e+000
2.131382e+003	-7.931090e+000
2.141382e+003	-7.984387e+000
2.151412e+003	-7.949504e+000
2.161422e+003	-8.003660e+000
2.171422e+003	-7.960640e+000
2.181431e+003	-7.959300e+000
2.191434e+003	-8.023152e+000
2.201498e+003	-7.991641e+000
2.211472e+003	-7.977568e+000
2.221473e+003	-7.995375e+000
2.231483e+003	-7.980364e+000
2.241482e+003	-8.020085e+000
2.251493e+003	-7.949992e+000
2.261502e+003	-7.960348e+000
2.271503e+003	-7.976582e+000
2.281513e+003	-7.990867e+000
2.291522e+003	-8.023508e+000
2.301523e+003	-7.989510e+000
2.311533e+003	-7.977597e+000
2.321523e+003	-7.980159e+000
2.331525e+003	-7.951597e+000
2.341535e+003	-8.043321e+000
2.351545e+003	-7.980083e+000
2.361544e+003	-7.974807e+000
2.371556e+003	-7.993668e+000
2.381565e+003	-7.998887e+000
2.391564e+003	-8.013116e+000
2.401575e+003	-8.002522e+000
2.411564e+003	-8.001078e+000
2.421586e+003	-8.010161e+000
2.431596e+003	-8.014798e+000
2.441606e+003	-8.005209e+000
2.451596e+003	-7.990922e+000
2.461596e+003	-8.012539e+000
2.471607e+003	-8.031998e+000
2.481616e+003	-8.005123e+000
2.491616e+003	-8.031075e+000
2.501626e+003	-7.989165e+000
2.511636e+003	-8.040043e+000
2.521636e+003	-8.020171e+000
2.531647e+003	-8.026510e+000
2.541656e+003	-7.969339e+000
2.551656e+003	-7.998135e+000
2.561665e+003	-7.988380e+000
2.571666e+003	-8.021332e+000
2.581697e+003	-8.015443e+000
2.591707e+003	-8.015940e+000
2.601687e+003	-8.010995e+000
2.611697e+003	-8.037304e+000
2.621709e+003	-7.996974e+000
2.631708e+003	-8.004771e+000
2.641719e+003	-8.028540e+000
2.651720e+003	-7.988774e+000
2.661785e+003	-8.016151e+000
2.671751e+003	-8.037323e+000
2.681740e+003	-8.055760e+000
2.691770e+003	-8.018697e+000
2.701770e+003	-8.027313e+000
2.711801e+003	-7.990845e+000
2.721801e+003	-7.994755e+000
2.731811e+003	-8.005049e+000
2.741821e+003	-7.995224e+000
2.751821e+003	-8.055482e+000
2.761810e+003	-8.025054e+000
2.771821e+003	-8.029712e+000
2.781832e+003	-8.050451e+000
2.791821e+003	-8.072742e+000
2.801820e+003	-8.008786e+000
2.811831e+003	-8.025845e+000
2.821840e+003	-8.044753e+000
2.831820e+003	-8.012918e+000
2.841882e+003	-7.998425e+000
2.851861e+003	-8.027459e+000
2.861882e+003	-7.995961e+000
2.871892e+003	-8.037463e+000
2.881891e+003	-8.027705e+000
2.891902e+003	-8.013618e+000
2.901913e+003	-8.039874e+000
2.911933e+003	-8.004417e+000
2.921943e+003	-8.057315e+000
2.931942e+003	-8.032826e+000
2.941953e+003	-8.044837e+000
2.951954e+003	-7.998814e+000
2.961984e+003	-8.055244e+000
2.971985e+003	-8.036551e+000
2.982045e+003	-8.025604e+000
2.992016e+003	-8.036609e+000
3.002046e+003	-8.024499e+000
3.012045e+003	-8.063335e+000
3.022056e+003	-8.023834e+000
3.032065e+003	-8.101227e+000
3.042067e+003	-8.021951e+000
3.052077e+003	-8.023669e+000
3.062066e+003	-8.051716e+000
3.072109e+003	-8.043251e+000
3.082096e+003	-8.019513e+000
3.092086e+003	-8.073150e+000
3.102098e+003	-8.031246e+000
3.112096e+003	-8.049103e+000
3.122107e+003	-8.003647e+000
3.132118e+003	-8.069784e+000
3.142117e+003	-8.046781e+000
3.152108e+003	-8.044908e+000
3.162118e+003	-8.049237e+000
3.172100e+003	-8.009477e+000
3.182110e+003	-8.041398e+000
3.192120e+003	-8.064231e+000
3.202109e+003	-8.020637e+000
3.212111e+003	-8.051097e+000
3.222120e+003	-8.063143e+000
3.232130e+003	-8.073114e+000
3.242111e+003	-8.055388e+000
3.252121e+003	-8.073148e+000
3.262131e+003	-8.068150e+000
3.272131e+003	-8.084884e+000
3.282141e+003	-8.021790e+000
3.292179e+003	-8.039490e+000
3.302141e+003	-8.015101e+000
3.312142e+003	-8.065359e+000
3.322152e+003	-8.005796e+000
3.332153e+003	-8.031584e+000
3.342163e+003	-8.049168e+000
3.352173e+003	-8.068950e+000
3.362154e+003	-8.051523e+000
3.372164e+003	-8.021724e+000
3.382174e+003	-8.060029e+000
3.392175e+003	-8.056559e+000
3.402185e+003	-8.087302e+000
3.412195e+003	-8.054822e+000
3.422196e+003	-8.063511e+000
3.432188e+003	-8.054962e+000
3.442196e+003	-8.087309e+000
3.452197e+003	-8.045236e+000
3.462207e+003	-8.059288e+000
3.472217e+003	-8.050684e+000
3.482207e+003	-8.088879e+000
3.492206e+003	-8.089453e+000
3.502217e+003	-8.125206e+000
3.512228e+003	-8.078691e+000
3.522226e+003	-8.064194e+000
3.532237e+003	-8.040764e+000
3.542247e+003	-8.021060e+000
3.552247e+003	-8.082608e+000
3.562256e+003	-8.065483e+000
3.572266e+003	-8.083966e+000
3.582267e+003	-8.046537e+000
3.592277e+003	-8.084650e+000
3.602278e+003	-8.059822e+000
3.612308e+003	-8.043840e+000
3.622309e+003	-8.069738e+000
3.632367e+003	-8.072517e+000
3.642339e+003	-8.060432e+000
3.652399e+003	-8.092682e+000
3.662370e+003	-8.105757e+000
3.672401e+003	-8.076003e+000
3.682401e+003	-8.040935e+000
3.692464e+003	-8.089380e+000
3.702432e+003	-8.046932e+000
3.712443e+003	-8.056854e+000
3.722452e+003	-8.077358e+000
3.732452e+003	-8.069820e+000
3.742462e+003	-8.080351e+000
3.752472e+003	-8.032218e+000
3.762472e+003	-8.066283e+000
3.772502e+003	-8.050797e+000
3.782513e+003	-8.097856e+000
3.792511e+003	-8.092460e+000
3.802522e+003	-8.043331e+000
3.812532e+003	-8.036696e+000
3.822532e+003	-8.089917e+000
3.832542e+003	-8.130999e+000
3.842542e+003	-8.110828e+000
3.852552e+003	-8.087774e+000
3.862562e+003	-8.080017e+000
3.872561e+003	-8.045873e+000
3.882552e+003	-8.090795e+000
3.892582e+003	-8.113344e+000
3.902582e+003	-8.084158e+000
3.912591e+003	-8.064874e+000
3.922602e+003	-8.064463e+000
3.932601e+003	-8.057617e+000
3.942612e+003	-8.118581e+000
3.952622e+003	-8.082251e+000
3.962622e+003	-8.087359e+000
3.972633e+003	-8.087202e+000
3.982641e+003	-8.118833e+000
3.992642e+003	-8.097762e+000
4.002672e+003	-8.094610e+000
4.012681e+003	-8.083602e+000
4.022682e+003	-8.078241e+000
4.032692e+003	-8.079767e+000
4.042701e+003	-8.081861e+000
4.052701e+003	-8.105791e+000
4.062693e+003	-8.097790e+000
4.072713e+003	-8.081669e+000
4.082743e+003	-8.071030e+000
4.092743e+003	-8.097272e+000
4.102733e+003	-8.084390e+000
4.112744e+003	-8.060568e+000
4.122764e+003	-8.103228e+000
4.132806e+003	-8.093411e+000
4.142784e+003	-8.110502e+000
4.152784e+003	-8.098852e+000
4.162794e+003	-8.146550e+000
4.172804e+003	-8.080721e+000
4.182794e+003	-8.082181e+000
4.192794e+003	-8.092189e+000
4.202803e+003	-8.075812e+000
4.212813e+003	-8.088721e+000
4.222815e+003	-8.107540e+000
4.232823e+003	-8.083740e+000
4.242834e+003	-8.089887e+000
4.252834e+003	-8.090068e+000
4.262844e+003	-8.094335e+000
4.272853e+003	-8.063670e+000
4.282854e+003	-8.072860e+000
4.292845e+003	-8.116880e+000
4.302856e+003	-8.081560e+000
4.312856e+003	-8.123107e+000
4.322866e+003	-8.102747e+000
4.332876e+003	-8.127632e+000
4.342875e+003	-8.109671e+000
4.352885e+003	-8.145699e+000
4.362896e+003	-8.108456e+000
4.372895e+003	-8.101244e+000
4.382937e+003	-8.093728e+000
4.392917e+003	-8.154670e+000
4.402964e+003	-8.118128e+000
4.412937e+003	-8.112283e+000
4.422946e+003	-8.064101e+000
4.432957e+003	-8.071904e+000
4.442957e+003	-8.044993e+000
4.452967e+003	-8.057403e+000
4.462958e+003	-8.114358e+000
4.472978e+003	-8.131239e+000
4.482987e+003	-8.097254e+000
4.492999e+003	-8.133517e+000
4.502999e+003	-8.111151e+000
4.513008e+003	-8.088690e+000
4.523018e+003	-8.122629e+000
4.533008e+003	-8.118973e+000
4.543008e+003	-8.096390e+000
4.553018e+003	-8.094877e+000
4.563028e+003	-8.107722e+000
4.573028e+003	-8.086228e+000
4.583019e+003	-8.061844e+000
4.593029e+003	-8.095770e+000
4.603020e+003	-8.104943e+000
4.613019e+003	-8.123954e+000
4.623029e+003	-8.097187e+000
4.633038e+003	-8.146645e+000
4.643039e+003	-8.111401e+000
4.653049e+003	-8.099741e+000
4.663058e+003	-8.132518e+000
4.673059e+003	-8.136000e+000
4.683050e+003	-8.127117e+000
4.693060e+003	-8.125103e+000
4.703061e+003	-8.132162e+000
4.713071e+003	-8.120713e+000
4.723081e+003	-8.110188e+000
4.733080e+003	-8.093679e+000
4.743091e+003	-8.114739e+000
4.753129e+003	-8.083447e+000
4.763101e+003	-8.136930e+000
4.773111e+003	-8.132487e+000
4.783121e+003	-8.105217e+000
4.793121e+003	-8.156188e+000
4.803131e+003	-8.124752e+000
4.813131e+003	-8.137872e+000
4.823121e+003	-8.107551e+000
4.833151e+003	-8.107337e+000
4.843151e+003	-8.124690e+000
4.853184e+003	-8.061275e+000
4.863170e+003	-8.123735e+000
4.873171e+003	-8.150115e+000
4.883181e+003	-8.134988e+000
4.893192e+003	-8.134862e+000
4.903192e+003	-8.121615e+000
4.913202e+003	-8.117400e+000
4.923211e+003	-8.128207e+000
4.933212e+003	-8.083510e+000
4.943222e+003	-8.135902e+000
4.953232e+003	-8.154562e+000
4.963222e+003	-8.113040e+000
4.973222e+003	-8.174567e+000
4.983232e+003	-8.091873e+000
4.993242e+003	-8.122715e+000
5.003243e+003	-8.134888e+000
5.013252e+003	-8.098022e+000
5.023263e+003	-8.110576e+000
5.033283e+003	-8.118970e+000
5.043295e+003	-8.119034e+000
5.053314e+003	-8.116043e+000
5.063324e+003	-8.126329e+000
5.073323e+003	-8.108153e+000
5.083334e+003	-8.100471e+000
5.093344e+003	-8.121536e+000
5.103344e+003	-8.128593e+000
5.113354e+003	-8.114064e+000
5.123354e+003	-8.142796e+000
5.133364e+003	-8.144891e+000
5.143374e+003	-8.129215e+000
5.153374e+003	-8.122724e+000
5.163383e+003	-8.121979e+000
5.173393e+003	-8.123106e+000
5.183394e+003	-8.145349e+000
5.193404e+003	-8.143220e+000
5.203394e+003	-8.138905e+000
5.213415e+003	-8.120184e+000
5.223444e+003	-8.066252e+000
5.233453e+003	-8.172285e+000
5.243454e+003	-8.126077e+000
5.253464e+003	-8.114796e+000
5.263465e+003	-8.107742e+000
5.273516e+003	-8.120485e+000
5.283496e+003	-8.131556e+000
5.293526e+003	-8.132811e+000
5.303535e+003	-8.152935e+000
5.313556e+003	-8.136983e+000
5.323558e+003	-8.141254e+000
5.333567e+003	-8.124492e+000
5.343578e+003	-8.136632e+000
5.353577e+003	-8.139481e+000
5.363587e+003	-8.126230e+000
5.373598e+003	-8.142582e+000
5.383597e+003	-8.139970e+000
5.393607e+003	-8.130566e+000
5.403617e+003	-8.123061e+000
5.413617e+003	-8.166483e+000
5.423629e+003	-8.143544e+000
5.433639e+003	-8.149271e+000
5.443640e+003	-8.128543e+000
5.453650e+003	-8.102813e+000
5.463652e+003	-8.163936e+000
5.473662e+003	-8.160067e+000
5.483672e+003	-8.115092e+000
5.493671e+003	-8.124226e+000
5.503680e+003	-8.088871e+000
5.513691e+003	-8.192559e+000
5.523681e+003	-8.157233e+000
5.533681e+003	-8.146793e+000
5.543692e+003	-8.152963e+000
5.553700e+003	-8.123089e+000
5.563700e+003	-8.132803e+000
5.573711e+003	-8.132772e+000
5.583721e+003	-8.150264e+000
5.593720e+003	-8.150969e+000
5.603731e+003	-8.128005e+000
5.613731e+003	-8.125323e+000
5.623784e+003	-8.166973e+000
5.633772e+003	-8.141871e+000
5.643772e+003	-8.140750e+000
5.653781e+003	-8.145897e+000
5.663792e+003	-8.115290e+000
5.673792e+003	-8.122955e+000
5.683802e+003	-8.148195e+000
5.693802e+003	-8.140508e+000
5.703811e+003	-8.160740e+000
5.713822e+003	-8.145625e+000
5.723822e+003	-8.146324e+000
5.733833e+003	-8.174899e+000
5.743842e+003	-8.170958e+000
5.753842e+003	-8.129471e+000
5.763852e+003	-8.127743e+000
5.773862e+003	-8.143328e+000
5.783862e+003	-8.178320e+000
5.793873e+003	-8.139655e+000
5.803883e+003	-8.152398e+000
5.813873e+003	-8.179518e+000
5.823874e+003	-8.136890e+000
5.833865e+003	-8.140206e+000
5.843874e+003	-8.157012e+000
5.853865e+003	-8.144375e+000
5.863864e+003	-8.144673e+000
5.873874e+003	-8.183208e+000
5.883884e+003	-8.081452e+000
5.893883e+003	-8.104534e+000
5.903894e+003	-8.102723e+000
5.913903e+003	-8.061512e+000
5.923925e+003	-8.063580e+000
5.933934e+003	-8.067359e+000
5.943936e+003	-8.080488e+000
5.953944e+003	-8.082135e+000
5.963955e+003	-8.063064e+000
5.973955e+003	-8.009653e+000
5.983965e+003	-8.046136e+000
5.993974e+003	-7.999698e+000
6.003975e+003	-8.016005e+000
6.013985e+003	-8.007653e+000
6.023985e+003	-8.018117e+000
6.034035e+003	-7.982056e+000
6.044016e+003	-7.983463e+000
6.054047e+003	-7.953486e+000
6.064047e+003	-7.982906e+000
6.074056e+003	-7.990601e+000
6.084067e+003	-7.927321e+000
6.094068e+003	-7.952471e+000
6.104077e+003	-7.976742e+000
6.114086e+003	-7.956397e+000
6.124087e+003	-7.929270e+000
6.134097e+003	-7.922986e+000
6.144108e+003	-7.940982e+000
6.154107e+003	-7.945497e+000
6.164174e+003	-7.906086e+000
6.174146e+003	-7.894449e+000
6.184147e+003	-7.877404e+000
6.194139e+003	-7.941009e+000
6.204150e+003	-7.924597e+000
6.214149e+003	-7.900693e+000
6.224159e+003	-7.943979e+000
6.234161e+003	-7.925507e+000
6.244217e+003	-7.888067e+000
6.254200e+003	-7.825036e+000
6.264200e+003	-7.859571e+000
6.274191e+003	-7.876281e+000
6.284211e+003	-7.860679e+000
6.294241e+003	-7.831349e+000
6.304241e+003	-7.871262e+000
6.314251e+003	-7.889118e+000
6.324242e+003	-7.799433e+000
6.334262e+003	-7.835351e+000
6.344326e+003	-7.843170e+000
6.354291e+003	-7.805570e+000
6.364302e+003	-7.851150e+000
6.374312e+003	-7.800389e+000
6.384311e+003	-7.790844e+000
6.394322e+003	-7.782098e+000
6.404313e+003	-7.797436e+000
6.414363e+003	-7.787031e+000
6.424343e+003	-7.752650e+000
6.434353e+003	-7.789719e+000
6.444343e+003	-7.788896e+000
6.454343e+003	-7.800923e+000
6.464354e+003	-7.751588e+000
6.474363e+003	-7.768566e+000
6.484363e+003	-7.775186e+000
6.494373e+003	-7.728443e+000
6.504382e+003	-7.772544e+000
6.514383e+003	-7.729162e+000
6.524393e+003	-7.772003e+000
6.534403e+003	-7.754918e+000
6.544403e+003	-7.720947e+000
6.554412e+003	-7.731800e+000
6.564453e+003	-7.729201e+000
6.574423e+003	-7.704309e+000
6.584433e+003	-7.741294e+000
6.594433e+003	-7.710188e+000
6.604487e+003	-7.702523e+000
6.614464e+003	-7.691572e+000
6.624495e+003	-7.652627e+000
6.634487e+003	-7.690390e+000
6.644509e+003	-7.701774e+000
6.654507e+003	-7.715527e+000
6.664518e+003	-7.709940e+000
6.674509e+003	-7.658557e+000
6.684529e+003	-7.650297e+000
6.694595e+003	-7.661830e+000
6.704559e+003	-7.658698e+000
6.714620e+003	-7.640318e+000
6.724591e+003	-7.697983e+000
6.734600e+003	-7.636010e+000
6.744611e+003	-7.631149e+000
6.754610e+003	-7.679024e+000
6.764622e+003	-7.662694e+000
6.774631e+003	-7.624802e+000
6.784632e+003	-7.683469e+000
6.794641e+003	-7.652865e+000
6.804643e+003	-7.645902e+000
6.814653e+003	-7.610052e+000
6.824644e+003	-7.636101e+000
6.834665e+003	-7.611881e+000
6.844674e+003	-7.637627e+000
6.854663e+003	-7.623877e+000
6.864674e+003	-7.601717e+000
6.874673e+003	-7.620819e+000
6.884685e+003	-7.601961e+000
6.894685e+003	-7.628223e+000
6.904725e+003	-7.607606e+000
6.914724e+003	-7.591339e+000
6.924725e+003	-7.605065e+000
6.934735e+003	-7.586853e+000
6.944746e+003	-7.612627e+000
6.954725e+003	-7.616145e+000
6.964755e+003	-7.601076e+000
6.974756e+003	-7.619196e+000
6.984767e+003	-7.595699e+000
6.994787e+003	-7.547689e+000
7.004817e+003	-7.550637e+000
7.014817e+003	-7.549485e+000
7.024827e+003	-7.580493e+000
7.034837e+003	-7.575984e+000
7.044837e+003	-7.612620e+000
7.054848e+003	-7.574224e+000
7.064838e+003	-7.625793e+000
7.074858e+003	-7.595435e+000
7.084869e+003	-7.562837e+000
7.094878e+003	-7.609784e+000
7.104878e+003	-7.603314e+000
7.114889e+003	-7.609788e+000
7.124899e+003	-7.552656e+000
7.134899e+003	-7.571773e+000
7.144891e+003	-7.597507e+000
7.154899e+003	-7.590297e+000
7.164900e+003	-7.604692e+000
7.174910e+003	-7.537021e+000
7.184953e+003	-7.581623e+000
7.194920e+003	-7.586310e+000
7.204930e+003	-7.558852e+000
7.214940e+003	-7.582058e+000
7.224930e+003	-7.575600e+000
7.234930e+003	-7.644440e+000
7.244940e+003	-7.587700e+000
7.254950e+003	-7.556121e+000
7.264951e+003	-7.560922e+000
7.274960e+003	-7.584868e+000
7.284970e+003	-7.547001e+000
7.294970e+003	-7.555681e+000
7.304980e+003	-7.572876e+000
7.314990e+003	-7.562541e+000
7.325011e+003	-7.554958e+000
7.335020e+003	-7.538171e+000
7.345065e+003	-7.570678e+000
7.355042e+003	-7.546814e+000
7.365052e+003	-7.560843e+000
7.375062e+003	-7.561538e+000
7.385062e+003	-7.568314e+000
7.395072e+003	-7.574092e+000
7.405082e+003	-7.539338e+000
7.415082e+003	-7.584302e+000
7.425092e+003	-7.551840e+000
7.435102e+003	-7.537800e+000
7.445103e+003	-7.523765e+000
7.455113e+003	-7.562381e+000
7.465123e+003	-7.585578e+000
7.475123e+003	-7.519728e+000
7.485133e+003	-7.553091e+000
7.495144e+003	-7.539850e+000
7.505133e+003	-7.538473e+000
7.515133e+003	-7.561068e+000
7.525143e+003	-7.560372e+000
7.535152e+003	-7.604778e+000
7.545153e+003	-7.559770e+000
7.555163e+003	-7.589548e+000
7.565172e+003	-7.560104e+000
7.575173e+003	-7.577068e+000
7.585182e+003	-7.624794e+000
7.595192e+003	-7.595653e+000
7.605193e+003	-7.611286e+000
7.615184e+003	-7.600455e+000
7.625204e+003	-7.584835e+000
7.635215e+003	-7.645185e+000
7.645235e+003	-7.636646e+000
7.655246e+003	-7.643395e+000
7.665266e+003	-7.620451e+000
7.675321e+003	-7.665012e+000
7.685298e+003	-7.577410e+000
7.695307e+003	-7.598237e+000
7.705316e+003	-7.597508e+000
7.715316e+003	-7.632735e+000
7.725327e+003	-7.592530e+000
7.735317e+003	-7.581353e+000
7.745367e+003	-7.542752e+000
7.755347e+003	-7.573085e+000
7.765358e+003	-7.571167e+000
7.775359e+003	-7.562908e+000
7.785368e+003	-7.527388e+000
7.795378e+003	-7.522541e+000
7.805358e+003	-7.532539e+000
7.815388e+003	-7.507986e+000
7.825388e+003	-7.534715e+000
7.835420e+003	-7.559443e+000
7.845429e+003	-7.577521e+000
7.855429e+003	-7.569103e+000
7.865440e+003	-7.568813e+000
7.875449e+003	-7.538267e+000
7.885449e+003	-7.549755e+000
7.895459e+003	-7.543837e+000
7.905469e+003	-7.592763e+000
7.915469e+003	-7.559122e+000
7.925478e+003	-7.542402e+000
7.935479e+003	-7.595915e+000
7.945490e+003	-7.590613e+000
7.955499e+003	-7.569697e+000
7.965499e+003	-7.609755e+000
7.975510e+003	-7.605913e+000
7.985520e+003	-7.581956e+000
7.995518e+003	-7.585506e+000
8.005528e+003	-7.591142e+000
8.015539e+003	-7.614532e+000
8.025538e+003	-7.591185e+000
8.035549e+003	-7.616260e+000
8.045541e+003	-7.580246e+000
8.055541e+003	-7.573973e+000
8.065551e+003	-7.617958e+000
8.075560e+003	-7.575663e+000
8.085561e+003	-7.552515e+000
8.095570e+003	-7.562319e+000
8.105581e+003	-7.612860e+000
8.115581e+003	-7.606156e+000
8.125611e+003	-7.559659e+000
8.135620e+003	-7.585917e+000
8.145621e+003	-7.588233e+000
8.155631e+003	-7.562233e+000
8.165642e+003	-7.593670e+000
8.175640e+003	-7.615774e+000
8.185631e+003	-7.598883e+000
8.195652e+003	-7.611078e+000
8.205682e+003	-7.621066e+000
8.215684e+003	-7.627497e+000
8.225739e+003	-7.589500e+000
8.235713e+003	-7.595729e+000
8.245723e+003	-7.654415e+000
8.255733e+003	-7.630244e+000
8.265734e+003	-7.610733e+000
8.275743e+003	-7.641372e+000
8.285754e+003	-7.636579e+000
8.295735e+003	-7.600795e+000
8.305784e+003	-7.622539e+000
8.315766e+003	-7.572676e+000
8.325776e+003	-7.597282e+000
8.335786e+003	-7.625453e+000
8.345787e+003	-7.592799e+000
8.355796e+003	-7.607663e+000
8.365806e+003	-7.602052e+000
8.375807e+003	-7.591004e+000
8.385816e+003	-7.625934e+000
8.395826e+003	-7.567450e+000
8.405825e+003	-7.575413e+000
8.415876e+003	-7.587731e+000
8.425866e+003	-7.639246e+000
8.435866e+003	-7.572512e+000
8.445875e+003	-7.579783e+000
8.455886e+003	-7.645049e+000
8.465921e+003	-7.617165e+000
8.475897e+003	-7.584589e+000
8.485906e+003	-7.595253e+000
8.495906e+003	-7.605712e+000
8.505916e+003	-7.647289e+000
8.515916e+003	-7.602675e+000
8.525926e+003	-7.620352e+000
8.535916e+003	-7.631042e+000
8.545936e+003	-7.639458e+000
8.555946e+003	-7.624029e+000
8.565977e+003	-7.660185e+000
8.575957e+003	-7.654129e+000
8.585967e+003	-7.633084e+000
8.595977e+003	-7.648492e+000
8.605976e+003	-7.642079e+000
8.615987e+003	-7.643224e+000
8.625997e+003	-7.636010e+000
8.635987e+003	-7.647822e+000
8.645987e+003	-7.644379e+000
8.655996e+003	-7.692288e+000
8.666007e+003	-7.629545e+000
8.676007e+003	-7.648787e+000
8.686016e+003	-7.650360e+000
8.696018e+003	-7.662724e+000
8.706047e+003	-7.692933e+000
8.716058e+003	-7.681959e+000
8.726058e+003	-7.739499e+000
8.736068e+003	-7.649557e+000
8.746069e+003	-7.655415e+000
8.756081e+003	-7.698420e+000
8.766091e+003	-7.687356e+000
8.776112e+003	-7.701804e+000
8.786122e+003	-7.669066e+000
8.796122e+003	-7.684298e+000
8.806132e+003	-7.681748e+000
8.816173e+003	-7.702988e+000
8.826142e+003	-7.689647e+000
8.836135e+003	-7.722197e+000
8.846144e+003	-7.674688e+000
8.856144e+003	-7.674791e+000
8.866154e+003	-7.765552e+000
8.876187e+003	-7.715973e+000
8.886163e+003	-7.715803e+000
8.896174e+003	-7.707309e+000
8.906174e+003	-7.694358e+000
8.916183e+003	-7.686429e+000
8.926193e+003	-7.699564e+000
8.936195e+003	-7.700753e+000
8.946257e+003	-7.676440e+000
8.956225e+003	-7.697470e+000
8.966215e+003	-7.736852e+000
8.976225e+003	-7.651621e+000
8.986235e+003	-7.677548e+000
8.996235e+003	-7.688561e+000
9.006246e+003	-7.690655e+000
9.016266e+003	-7.739329e+000
9.026275e+003	-7.662130e+000
9.036285e+003	-7.693424e+000
9.046276e+003	-7.693544e+000
9.056276e+003	-7.672126e+000
9.066287e+003	-7.698502e+000
9.076296e+003	-7.715307e+000
9.086298e+003	-7.754723e+000
9.096308e+003	-7.734993e+000
9.106300e+003	-7.732553e+000
9.116299e+003	-7.722563e+000
9.126308e+003	-7.687366e+000
9.136318e+003	-7.715016e+000
9.146318e+003	-7.684326e+000
9.156328e+003	-7.733839e+000
9.166338e+003	-7.748734e+000
9.176338e+003	-7.729980e+000
9.186379e+003	-7.728178e+000
9.196358e+003	-7.744149e+000
9.206359e+003	-7.733795e+000
9.216368e+003	-7.730945e+000
9.226378e+003	-7.742443e+000
9.236378e+003	-7.709883e+000
9.246370e+003	-7.756289e+000
9.256426e+003	-7.754508e+000
9.266418e+003	-7.735065e+000
9.276452e+003	-7.721330e+000
9.286450e+003	-7.711620e+000
9.296450e+003	-7.725931e+000
9.306460e+003	-7.684443e+000
9.316451e+003	-7.700753e+000
9.326469e+003	-7.701956e+000
9.336480e+003	-7.683551e+000
9.346490e+003	-7.699917e+000
9.356492e+003	-7.697267e+000
9.366501e+003	-7.674390e+000
9.376512e+003	-7.723831e+000
9.386501e+003	-7.709005e+000
9.396500e+003	-7.729335e+000
9.406511e+003	-7.711104e+000
9.416521e+003	-7.684727e+000
9.426520e+003	-7.694533e+000
9.436531e+003	-7.677266e+000
9.446540e+003	-7.710825e+000
9.456540e+003	-7.699213e+000
9.466551e+003	-7.711931e+000
9.476552e+003	-7.652204e+000
9.486581e+003	-7.704156e+000
9.496591e+003	-7.668375e+000
9.506612e+003	-7.669756e+000
9.516622e+003	-7.716565e+000
9.526622e+003	-7.717897e+000
9.536614e+003	-7.661887e+000
9.546634e+003	-7.694419e+000
9.556664e+003	-7.733018e+000
9.566664e+003	-7.672469e+000
9.576674e+003	-7.666578e+000
9.586684e+003	-7.712422e+000
9.596684e+003	-7.725276e+000
9.606695e+003	-7.684911e+000
9.616704e+003	-7.739286e+000
9.626704e+003	-7.690967e+000
9.636714e+003	-7.705135e+000
9.646704e+003	-7.704750e+000
9.656724e+003	-7.706337e+000
9.666754e+003	-7.703881e+000
9.676764e+003	-7.718224e+000
9.686764e+003	-7.717960e+000
9.696773e+003	-7.702671e+000
9.706774e+003	-7.710318e+000
9.716805e+003	-7.677649e+000
9.726815e+003	-7.732810e+000
9.736795e+003	-7.744282e+000
9.746861e+003	-7.759693e+000
9.756824e+003	-7.700096e+000
9.766856e+003	-7.725850e+000
9.776848e+003	-7.762808e+000
9.786847e+003	-7.735572e+000
9.796839e+003	-7.777608e+000
9.806859e+003	-7.748977e+000
9.816870e+003	-7.712303e+000
9.826890e+003	-7.721510e+000
9.836920e+003	-7.731712e+000
9.846920e+003	-7.745597e+000
