0.000000e+000	-2.869903e-001
1.001000e+001	-2.984939e-001
2.001000e+001	-3.001107e-001
3.001900e+001	-3.070707e-001
4.001900e+001	-3.039038e-001
5.002800e+001	-2.966900e-001
6.003900e+001	-2.886755e-001
7.003800e+001	-2.884164e-001
8.005000e+001	-2.707751e-001
9.004000e+001	-2.731441e-001
1.000490e+002	-2.830346e-001
1.100490e+002	-2.735506e-001
1.200580e+002	-3.006243e-001
1.300690e+002	-2.749708e-001
1.400590e+002	-2.947624e-001
1.500590e+002	-2.856122e-001
1.600680e+002	-2.961733e-001
1.700780e+002	-2.860869e-001
1.800790e+002	-2.824786e-001
1.900890e+002	-2.920822e-001
2.000990e+002	-2.894776e-001
2.100980e+002	-2.688207e-001
2.201090e+002	-2.912767e-001
2.301190e+002	-2.902343e-001
2.401180e+002	-2.943627e-001
2.501290e+002	-2.897181e-001
2.601390e+002	-3.002097e-001
2.701390e+002	-2.840039e-001
2.801500e+002	-2.835464e-001
2.901480e+002	-2.771010e-001
3.001580e+002	-2.901505e-001
3.101680e+002	-3.090667e-001
3.201680e+002	-2.946763e-001
3.301780e+002	-2.974402e-001
3.401880e+002	-2.974633e-001
3.501890e+002	-3.094877e-001
3.601980e+002	-2.865433e-001
3.702090e+002	-2.980860e-001
3.802080e+002	-3.041962e-001
3.902190e+002	-2.904923e-001
4.002280e+002	-3.086488e-001
4.102280e+002	-2.775981e-001
4.202590e+002	-2.698496e-001
4.302690e+002	-2.853378e-001
4.402690e+002	-2.820735e-001
4.502800e+002	-2.888852e-001
4.602890e+002	-2.830879e-001
4.702880e+002	-2.841937e-001
4.802990e+002	-2.823378e-001
4.902990e+002	-2.799298e-001
5.003100e+002	-2.803292e-001
5.103190e+002	-2.938093e-001
5.203180e+002	-3.099397e-001
5.303290e+002	-3.028038e-001
5.403380e+002	-2.919685e-001
5.503380e+002	-2.884447e-001
5.603480e+002	-2.792096e-001
5.703580e+002	-2.797284e-001
5.803580e+002	-3.083949e-001
5.903680e+002	-2.994422e-001
6.003780e+002	-2.843074e-001
6.103780e+002	-2.828237e-001
6.204080e+002	-2.750400e-001
6.304180e+002	-2.758514e-001
6.404180e+002	-3.001668e-001
6.504280e+002	-2.841153e-001
6.604380e+002	-2.910985e-001
6.704380e+002	-2.805769e-001
6.804480e+002	-2.887555e-001
6.904480e+002	-2.855035e-001
7.004580e+002	-2.953744e-001
7.104690e+002	-2.948926e-001
7.204680e+002	-2.824780e-001
7.304780e+002	-3.006402e-001
7.404890e+002	-3.004318e-001
7.504880e+002	-2.903847e-001
7.604980e+002	-2.775920e-001
7.705090e+002	-2.770330e-001
7.805080e+002	-2.953081e-001
7.905190e+002	-2.839506e-001
8.005280e+002	-2.926779e-001
8.105290e+002	-2.838265e-001
8.205580e+002	-2.894179e-001
8.305690e+002	-2.907468e-001
8.405690e+002	-2.803257e-001
8.505790e+002	-2.954077e-001
8.605900e+002	-2.926333e-001
8.705880e+002	-2.851776e-001
8.805990e+002	-2.919718e-001
8.906090e+002	-2.691092e-001
9.006100e+002	-3.008138e-001
9.106190e+002	-3.065518e-001
9.206190e+002	-2.847092e-001
9.306290e+002	-2.949610e-001
9.406390e+002	-2.924556e-001
9.506390e+002	-2.891262e-001
9.606490e+002	-3.003602e-001
9.706590e+002	-2.911274e-001
9.806590e+002	-2.999253e-001
9.906680e+002	-2.965904e-001
1.000678e+003	-2.987554e-001
1.010679e+003	-2.837330e-001
1.020708e+003	-3.069831e-001
1.030718e+003	-2.805917e-001
1.040718e+003	-2.776649e-001
1.050728e+003	-2.848040e-001
1.060738e+003	-2.852895e-001
1.070738e+003	-2.885798e-001
1.080748e+003	-2.936001e-001
1.090758e+003	-2.861916e-001
1.100759e+003	-2.998270e-001
1.110769e+003	-2.908750e-001
1.120768e+003	-2.915167e-001
1.130778e+003	-2.894689e-001
1.140789e+003	-3.071823e-001
1.150789e+003	-3.049242e-001
1.160798e+003	-3.110143e-001
1.170808e+003	-2.930189e-001
1.180808e+003	-2.997812e-001
1.190818e+003	-3.079743e-001
1.200829e+003	-2.948161e-001
1.210828e+003	-3.091116e-001
1.220839e+003	-3.114735e-001
1.230848e+003	-3.020728e-001
1.240848e+003	-3.078726e-001
1.250879e+003	-2.849596e-001
1.260890e+003	-2.997570e-001
1.270891e+003	-2.882147e-001
1.280899e+003	-2.969617e-001
1.290908e+003	-2.945960e-001
1.300910e+003	-2.904880e-001
1.310920e+003	-2.971324e-001
1.320919e+003	-2.956818e-001
1.330929e+003	-3.049376e-001
1.340939e+003	-2.995605e-001
1.350939e+003	-3.099945e-001
1.360949e+003	-2.975252e-001
1.370939e+003	-2.828424e-001
1.380959e+003	-2.907454e-001
1.390968e+003	-2.955498e-001
1.400978e+003	-3.065197e-001
1.410979e+003	-3.009317e-001
1.421008e+003	-3.033564e-001
1.431018e+003	-2.779826e-001
1.441018e+003	-3.098091e-001
1.451028e+003	-2.968860e-001
1.461039e+003	-2.864201e-001
1.471038e+003	-2.861831e-001
1.481048e+003	-3.055327e-001
1.491059e+003	-3.042354e-001
1.501058e+003	-2.979349e-001
1.511069e+003	-2.842129e-001
1.521068e+003	-2.862560e-001
1.531079e+003	-2.953386e-001
1.541088e+003	-3.136344e-001
1.551088e+003	-2.947268e-001
1.561099e+003	-3.008663e-001
1.571108e+003	-3.016824e-001
1.581108e+003	-2.985550e-001
1.591118e+003	-2.920826e-001
1.601128e+003	-2.988297e-001
1.611129e+003	-3.032895e-001
1.621138e+003	-2.860809e-001
1.631148e+003	-2.893918e-001
1.641149e+003	-2.994108e-001
1.651179e+003	-2.887638e-001
1.661189e+003	-2.938720e-001
1.671190e+003	-2.891660e-001
1.681199e+003	-2.886527e-001
1.691209e+003	-2.780113e-001
1.701210e+003	-2.999627e-001
1.711218e+003	-2.877718e-001
1.721219e+003	-2.873838e-001
1.731229e+003	-3.035535e-001
1.741239e+003	-2.965781e-001
1.751239e+003	-2.765372e-001
1.761249e+003	-3.019568e-001
1.771258e+003	-2.984642e-001
1.781259e+003	-2.804318e-001
1.791268e+003	-2.906041e-001
1.801278e+003	-2.832304e-001
1.811279e+003	-3.109858e-001
1.821308e+003	-2.980591e-001
1.831319e+003	-2.808917e-001
1.841319e+003	-2.664742e-001
1.851328e+003	-2.902259e-001
1.861338e+003	-2.965711e-001
1.871338e+003	-3.106475e-001
1.881348e+003	-2.902208e-001
1.891359e+003	-2.997795e-001
1.901358e+003	-2.842115e-001
1.911369e+003	-2.809890e-001
1.921368e+003	-2.968245e-001
1.931378e+003	-2.956320e-001
1.941389e+003	-2.950206e-001
1.951388e+003	-2.879528e-001
1.961398e+003	-2.926527e-001
1.971409e+003	-2.851992e-001
1.981409e+003	-2.963179e-001
1.991418e+003	-2.862518e-001
2.001429e+003	-2.878141e-001
2.011428e+003	-2.639742e-001
2.021459e+003	-2.980774e-001
2.031468e+003	-2.913916e-001
2.041469e+003	-2.909337e-001
2.051478e+003	-2.895920e-001
2.061489e+003	-2.915238e-001
2.071489e+003	-2.913083e-001
2.081499e+003	-3.031959e-001
2.091509e+003	-2.963326e-001
2.101509e+003	-2.765921e-001
2.111519e+003	-2.971537e-001
2.121520e+003	-3.125139e-001
2.131529e+003	-2.937017e-001
2.141539e+003	-3.039226e-001
2.151538e+003	-3.015843e-001
2.161549e+003	-3.000633e-001
2.171558e+003	-2.898156e-001
2.181559e+003	-2.781955e-001
2.191568e+003	-3.026467e-001
2.201579e+003	-2.930620e-001
2.211579e+003	-3.000791e-001
2.221608e+003	-2.920325e-001
2.231619e+003	-2.963178e-001
2.241618e+003	-3.134187e-001
2.251628e+003	-2.980201e-001
2.261638e+003	-3.075501e-001
2.271639e+003	-2.920389e-001
2.281648e+003	-2.916220e-001
2.291658e+003	-2.984125e-001
2.301659e+003	-2.796572e-001
2.311668e+003	-2.683925e-001
2.321668e+003	-2.938890e-001
2.331678e+003	-3.024054e-001
2.341689e+003	-2.990185e-001
2.351689e+003	-3.167467e-001
2.361698e+003	-3.013902e-001
2.371708e+003	-2.734429e-001
2.381709e+003	-2.925650e-001
2.391718e+003	-3.007588e-001
2.401728e+003	-3.129791e-001
2.411728e+003	-2.988807e-001
2.421739e+003	-2.774561e-001
2.431748e+003	-2.853090e-001
2.441748e+003	-2.886558e-001
2.451778e+003	-2.860903e-001
2.461788e+003	-2.952856e-001
2.471791e+003	-2.850972e-001
2.481799e+003	-2.981645e-001
2.491809e+003	-3.003378e-001
2.501808e+003	-2.868083e-001
2.511819e+003	-3.042132e-001
2.521819e+003	-2.995742e-001
2.531829e+003	-3.021122e-001
2.541839e+003	-2.742662e-001
2.551839e+003	-2.895273e-001
2.561849e+003	-2.738327e-001
2.571859e+003	-2.908859e-001
2.581860e+003	-2.901091e-001
2.591868e+003	-2.891865e-001
2.601878e+003	-2.839477e-001
2.611878e+003	-2.809179e-001
2.621908e+003	-2.974906e-001
2.631918e+003	-2.912845e-001
2.641919e+003	-2.846929e-001
2.651928e+003	-3.075278e-001
2.661938e+003	-2.875414e-001
2.671938e+003	-3.090940e-001
2.681949e+003	-2.983904e-001
2.691959e+003	-2.862885e-001
2.701958e+003	-2.807743e-001
2.711969e+003	-2.956887e-001
2.721968e+003	-2.880395e-001
2.731978e+003	-2.963764e-001
2.741988e+003	-3.108132e-001
2.751989e+003	-2.844055e-001
2.761998e+003	-2.909180e-001
2.772008e+003	-3.080514e-001
2.782008e+003	-2.964920e-001
2.792018e+003	-2.834947e-001
2.802029e+003	-2.877190e-001
2.812028e+003	-2.881884e-001
2.822038e+003	-2.861110e-001
2.832049e+003	-3.096797e-001
2.842048e+003	-3.026424e-001
2.852078e+003	-2.997807e-001
2.862089e+003	-2.863710e-001
2.872089e+003	-3.065017e-001
2.882098e+003	-3.058217e-001
2.892109e+003	-2.998343e-001
2.902109e+003	-3.038055e-001
2.912119e+003	-2.877117e-001
2.922119e+003	-2.873529e-001
2.932129e+003	-3.021051e-001
2.942140e+003	-2.977669e-001
2.952139e+003	-3.010746e-001
2.962149e+003	-2.975479e-001
2.972159e+003	-2.859161e-001
2.982160e+003	-2.866708e-001
2.992169e+003	-2.793260e-001
3.002179e+003	-2.745891e-001
3.012180e+003	-2.702346e-001
3.022210e+003	-2.968381e-001
3.032218e+003	-2.754859e-001
3.042218e+003	-2.961757e-001
3.052228e+003	-3.012680e-001
3.062238e+003	-3.068668e-001
3.072239e+003	-2.888733e-001
3.082248e+003	-3.045129e-001
3.092258e+003	-3.181126e-001
3.102258e+003	-3.466558e-001
3.112269e+003	-3.314442e-001
3.122268e+003	-3.409415e-001
3.132278e+003	-3.681602e-001
3.142288e+003	-3.764844e-001
3.152288e+003	-3.591433e-001
3.162299e+003	-3.738970e-001
3.172309e+003	-3.763644e-001
3.182308e+003	-3.772326e-001
3.192318e+003	-3.638298e-001
3.202329e+003	-3.705451e-001
3.212328e+003	-3.953312e-001
3.222339e+003	-3.623273e-001
3.232348e+003	-3.698933e-001
3.242349e+003	-3.663039e-001
3.252379e+003	-3.706327e-001
3.262389e+003	-4.062409e-001
3.272389e+003	-3.956673e-001
3.282398e+003	-4.080393e-001
3.292409e+003	-4.160405e-001
3.302409e+003	-4.495611e-001
3.312419e+003	-4.417989e-001
3.322418e+003	-4.205617e-001
3.332429e+003	-4.611017e-001
3.342439e+003	-4.563405e-001
3.352440e+003	-4.676588e-001
3.362449e+003	-4.903319e-001
3.372459e+003	-4.803807e-001
3.382460e+003	-5.143052e-001
3.392468e+003	-5.098594e-001
3.402479e+003	-5.294511e-001
3.412478e+003	-5.269960e-001
3.422489e+003	-5.061805e-001
3.432499e+003	-5.281353e-001
3.442498e+003	-5.272842e-001
3.452529e+003	-5.329063e-001
3.462539e+003	-5.578264e-001
3.472538e+003	-5.465683e-001
3.482549e+003	-5.460191e-001
3.492558e+003	-5.720813e-001
3.502558e+003	-5.779857e-001
3.512569e+003	-5.974359e-001
3.522568e+003	-5.986625e-001
3.532578e+003	-6.018385e-001
3.542589e+003	-5.769289e-001
3.552588e+003	-5.440928e-001
3.562599e+003	-5.415034e-001
3.572608e+003	-5.385135e-001
3.582608e+003	-5.547172e-001
3.592619e+003	-5.512853e-001
3.602628e+003	-5.571665e-001
3.612629e+003	-5.814038e-001
3.622639e+003	-5.683123e-001
3.632649e+003	-5.801659e-001
3.642648e+003	-5.655993e-001
3.652678e+003	-5.516124e-001
3.662688e+003	-5.563060e-001
3.672689e+003	-5.567161e-001
3.682698e+003	-5.770899e-001
3.692709e+003	-5.855505e-001
3.702709e+003	-5.858480e-001
3.712718e+003	-6.028442e-001
3.722729e+003	-5.998135e-001
3.732730e+003	-5.875026e-001
3.742738e+003	-5.695313e-001
3.752739e+003	-5.770182e-001
3.762749e+003	-6.136949e-001
3.772759e+003	-6.094150e-001
3.782761e+003	-5.848231e-001
3.792769e+003	-6.161952e-001
3.802780e+003	-6.109083e-001
3.812779e+003	-6.048836e-001
3.822789e+003	-5.992796e-001
3.832800e+003	-6.180292e-001
3.842799e+003	-6.185416e-001
3.852829e+003	-6.144407e-001
3.862838e+003	-6.266382e-001
3.872838e+003	-6.363298e-001
3.882849e+003	-6.463766e-001
3.892858e+003	-6.253561e-001
3.902858e+003	-6.533745e-001
3.912869e+003	-6.708730e-001
3.922868e+003	-6.608718e-001
3.932878e+003	-6.392880e-001
3.942889e+003	-6.571454e-001
3.952889e+003	-6.619404e-001
3.962898e+003	-6.503595e-001
3.972908e+003	-6.543989e-001
3.982909e+003	-6.565727e-001
3.992918e+003	-6.586668e-001
4.002929e+003	-6.543829e-001
4.012928e+003	-6.453509e-001
4.022939e+003	-6.720610e-001
4.032948e+003	-6.570257e-001
4.042948e+003	-6.529868e-001
4.052978e+003	-6.755438e-001
4.062989e+003	-6.863526e-001
4.072988e+003	-6.907575e-001
4.082998e+003	-6.976657e-001
4.093008e+003	-6.916524e-001
4.103009e+003	-6.976915e-001
4.113018e+003	-6.983023e-001
4.123029e+003	-6.801706e-001
4.133028e+003	-6.802984e-001
4.143039e+003	-6.738814e-001
4.153040e+003	-6.959526e-001
4.163049e+003	-6.929769e-001
4.173059e+003	-7.039478e-001
4.183060e+003	-6.979986e-001
4.193089e+003	-6.712706e-001
4.203080e+003	-6.721440e-001
4.213079e+003	-6.957463e-001
4.223089e+003	-7.031283e-001
4.233100e+003	-7.202069e-001
4.243099e+003	-7.092417e-001
4.253109e+003	-7.101987e-001
4.263119e+003	-7.102848e-001
4.273119e+003	-7.182036e-001
4.283149e+003	-7.263550e-001
4.293158e+003	-7.398980e-001
4.303158e+003	-7.361594e-001
4.313168e+003	-7.442179e-001
4.323178e+003	-7.315831e-001
4.333178e+003	-7.656035e-001
4.343189e+003	-7.389876e-001
4.353188e+003	-7.533302e-001
4.363198e+003	-7.542667e-001
4.373208e+003	-7.580614e-001
4.383208e+003	-7.500599e-001
4.393219e+003	-7.583573e-001
4.403228e+003	-7.535783e-001
4.413228e+003	-7.624601e-001
4.423239e+003	-7.720307e-001
4.433248e+003	-7.547604e-001
4.443248e+003	-7.794088e-001
4.453258e+003	-7.651327e-001
4.463269e+003	-7.748692e-001
4.473268e+003	-7.803377e-001
4.483298e+003	-8.123470e-001
4.493308e+003	-8.004399e-001
4.503308e+003	-8.079751e-001
4.513318e+003	-8.103216e-001
4.523329e+003	-7.974038e-001
4.533328e+003	-8.169521e-001
4.543338e+003	-8.238890e-001
4.553340e+003	-8.177956e-001
4.563349e+003	-8.242920e-001
4.573359e+003	-8.209264e-001
4.583359e+003	-8.531697e-001
4.593369e+003	-8.376948e-001
4.603379e+003	-8.526541e-001
4.613380e+003	-8.552468e-001
4.623389e+003	-8.513180e-001
4.633400e+003	-8.786800e-001
4.643399e+003	-8.803095e-001
4.653408e+003	-8.869030e-001
4.663420e+003	-8.925379e-001
4.673419e+003	-8.781385e-001
4.683448e+003	-9.030052e-001
4.693459e+003	-9.059581e-001
4.703458e+003	-9.009766e-001
4.713468e+003	-8.864355e-001
4.723478e+003	-9.011037e-001
4.733478e+003	-9.222697e-001
4.743488e+003	-9.246253e-001
4.753498e+003	-9.365857e-001
4.763499e+003	-9.290236e-001
4.773508e+003	-9.436495e-001
4.783508e+003	-9.542265e-001
4.793519e+003	-9.539818e-001
4.803528e+003	-9.455924e-001
4.813528e+003	-9.517875e-001
4.823539e+003	-9.810132e-001
4.833548e+003	-9.734981e-001
4.843548e+003	-9.806112e-001
4.853558e+003	-9.782951e-001
4.863569e+003	-1.001143e+000
4.873568e+003	-9.861361e-001
4.883598e+003	-1.008468e+000
4.893609e+003	-1.019280e+000
4.903608e+003	-1.020445e+000
4.913618e+003	-1.030507e+000
4.923629e+003	-1.037553e+000
4.933628e+003	-1.036781e+000
4.943638e+003	-1.054063e+000
4.953649e+003	-1.038993e+000
4.963648e+003	-1.046120e+000
4.973659e+003	-1.063136e+000
4.983658e+003	-1.069063e+000
4.993668e+003	-1.087045e+000
5.003678e+003	-1.085017e+000
5.013679e+003	-1.085207e+000
5.023689e+003	-1.088324e+000
5.033700e+003	-1.097126e+000
5.043699e+003	-1.082846e+000
5.053708e+003	-1.117265e+000
5.063718e+003	-1.114627e+000
5.073719e+003	-1.129685e+000
5.083728e+003	-1.135445e+000
5.093739e+003	-1.117558e+000
5.103738e+003	-1.145030e+000
5.113769e+003	-1.136929e+000
5.123778e+003	-1.129951e+000
5.133778e+003	-1.151410e+000
5.143788e+003	-1.154048e+000
5.153799e+003	-1.160773e+000
5.163799e+003	-1.172920e+000
5.173809e+003	-1.184713e+000
5.183808e+003	-1.182173e+000
5.193819e+003	-1.190983e+000
5.203828e+003	-1.197473e+000
5.213828e+003	-1.197316e+000
5.223839e+003	-1.221704e+000
5.233848e+003	-1.214869e+000
5.243848e+003	-1.221757e+000
5.253858e+003	-1.217897e+000
5.263868e+003	-1.214398e+000
5.273868e+003	-1.251504e+000
5.283879e+003	-1.231807e+000
5.293888e+003	-1.233958e+000
5.303889e+003	-1.254950e+000
5.313918e+003	-1.275319e+000
5.323928e+003	-1.257263e+000
5.333928e+003	-1.260620e+000
5.343938e+003	-1.266625e+000
5.353949e+003	-1.275737e+000
5.363948e+003	-1.280545e+000
5.373958e+003	-1.337971e+000
5.383958e+003	-1.310931e+000
5.393969e+003	-1.302693e+000
5.403980e+003	-1.323136e+000
5.413979e+003	-1.306448e+000
5.423989e+003	-1.331791e+000
5.434000e+003	-1.342593e+000
5.443999e+003	-1.333556e+000
5.454008e+003	-1.332861e+000
5.464020e+003	-1.339210e+000
5.474019e+003	-1.359516e+000
5.484028e+003	-1.363862e+000
5.494039e+003	-1.375128e+000
5.504038e+003	-1.352097e+000
5.514069e+003	-1.364618e+000
5.524078e+003	-1.384358e+000
5.534078e+003	-1.397109e+000
5.544088e+003	-1.377120e+000
5.554099e+003	-1.379168e+000
5.564098e+003	-1.382175e+000
5.574108e+003	-1.394141e+000
5.584118e+003	-1.384409e+000
5.594118e+003	-1.415821e+000
5.604129e+003	-1.425785e+000
5.614128e+003	-1.421809e+000
5.624139e+003	-1.426557e+000
5.634149e+003	-1.430355e+000
5.644148e+003	-1.427648e+000
5.654158e+003	-1.450478e+000
5.664168e+003	-1.450756e+000
5.674168e+003	-1.470510e+000
5.684179e+003	-1.427953e+000
5.694188e+003	-1.461143e+000
5.704189e+003	-1.459800e+000
5.714218e+003	-1.464652e+000
5.724228e+003	-1.480745e+000
5.734228e+003	-1.467281e+000
5.744239e+003	-1.489844e+000
5.754248e+003	-1.480196e+000
5.764248e+003	-1.495140e+000
5.774259e+003	-1.477084e+000
5.784258e+003	-1.507526e+000
5.794268e+003	-1.486389e+000
5.804279e+003	-1.500210e+000
5.814279e+003	-1.520565e+000
5.824289e+003	-1.523369e+000
5.834300e+003	-1.518286e+000
5.844299e+003	-1.516772e+000
5.854310e+003	-1.514418e+000
5.864319e+003	-1.534800e+000
5.874319e+003	-1.534439e+000
5.884330e+003	-1.537613e+000
5.894338e+003	-1.540731e+000
5.904339e+003	-1.548339e+000
5.914369e+003	-1.544423e+000
5.924379e+003	-1.563422e+000
5.934379e+003	-1.552040e+000
5.944388e+003	-1.562653e+000
5.954399e+003	-1.579628e+000
5.964399e+003	-1.563585e+000
5.974408e+003	-1.580880e+000
5.984418e+003	-1.572812e+000
5.994419e+003	-1.568876e+000
6.004428e+003	-1.592791e+000
6.014428e+003	-1.586729e+000
6.024439e+003	-1.609857e+000
6.034448e+003	-1.585347e+000
6.044448e+003	-1.588376e+000
6.054459e+003	-1.604640e+000
6.064468e+003	-1.590135e+000
6.074468e+003	-1.608305e+000
6.084478e+003	-1.617468e+000
6.094488e+003	-1.618533e+000
6.104489e+003	-1.619886e+000
6.114519e+003	-1.601033e+000
6.124528e+003	-1.642729e+000
6.134528e+003	-1.637205e+000
6.144538e+003	-1.638650e+000
6.154548e+003	-1.633467e+000
6.164548e+003	-1.645923e+000
6.174558e+003	-1.648726e+000
6.184568e+003	-1.638444e+000
6.194568e+003	-1.659137e+000
6.204579e+003	-1.650181e+000
6.214579e+003	-1.659396e+000
6.224589e+003	-1.666172e+000
6.234600e+003	-1.668211e+000
6.244598e+003	-1.679826e+000
6.254608e+003	-1.667948e+000
6.264620e+003	-1.664748e+000
6.274618e+003	-1.670517e+000
6.284629e+003	-1.687889e+000
6.294639e+003	-1.681276e+000
6.304639e+003	-1.698814e+000
6.314650e+003	-1.690944e+000
6.324658e+003	-1.709207e+000
6.334660e+003	-1.704793e+000
6.344688e+003	-1.711334e+000
6.354699e+003	-1.699083e+000
6.364699e+003	-1.708623e+000
6.374708e+003	-1.711572e+000
6.384718e+003	-1.696053e+000
6.394719e+003	-1.724759e+000
6.404728e+003	-1.703736e+000
6.414729e+003	-1.717735e+000
6.424739e+003	-1.731528e+000
6.434749e+003	-1.733614e+000
6.444748e+003	-1.703136e+000
6.454759e+003	-1.715976e+000
6.464768e+003	-1.749614e+000
6.474768e+003	-1.760211e+000
6.484778e+003	-1.737735e+000
6.494788e+003	-1.749729e+000
6.504789e+003	-1.741445e+000
6.514798e+003	-1.736807e+000
6.524808e+003	-1.744654e+000
6.534809e+003	-1.736175e+000
6.544839e+003	-1.762473e+000
6.554849e+003	-1.758843e+000
6.564848e+003	-1.760524e+000
6.574859e+003	-1.757705e+000
6.584868e+003	-1.773059e+000
6.594868e+003	-1.781234e+000
6.604879e+003	-1.768414e+000
6.614888e+003	-1.763658e+000
6.624889e+003	-1.785163e+000
6.634898e+003	-1.739140e+000
6.644899e+003	-1.775117e+000
6.654909e+003	-1.789157e+000
6.664919e+003	-1.768115e+000
6.674919e+003	-1.790775e+000
6.684929e+003	-1.789079e+000
6.694939e+003	-1.785275e+000
6.704939e+003	-1.788352e+000
6.714949e+003	-1.778520e+000
6.724959e+003	-1.806916e+000
6.734959e+003	-1.806768e+000
6.744988e+003	-1.807455e+000
6.754998e+003	-1.803638e+000
6.764998e+003	-1.821051e+000
6.775009e+003	-1.803056e+000
6.785018e+003	-1.807794e+000
6.795019e+003	-1.826362e+000
6.805028e+003	-1.819566e+000
6.815039e+003	-1.822319e+000
6.825038e+003	-1.825893e+000
6.835048e+003	-1.818307e+000
6.845048e+003	-1.822968e+000
6.855058e+003	-1.830053e+000
6.865068e+003	-1.840717e+000
6.875068e+003	-1.847766e+000
6.885078e+003	-1.819507e+000
6.895089e+003	-1.835739e+000
6.905089e+003	-1.834230e+000
6.915098e+003	-1.843269e+000
6.925108e+003	-1.842677e+000
6.935109e+003	-1.864640e+000
6.945139e+003	-1.848388e+000
6.955148e+003	-1.849788e+000
6.965148e+003	-1.846151e+000
6.975159e+003	-1.860402e+000
6.985168e+003	-1.860118e+000
6.995168e+003	-1.857913e+000
7.005179e+003	-1.848705e+000
7.015188e+003	-1.859537e+000
7.025188e+003	-1.855200e+000
7.035199e+003	-1.861195e+000
7.045198e+003	-1.870584e+000
7.055209e+003	-1.881165e+000
7.065220e+003	-1.865653e+000
7.075219e+003	-1.868411e+000
7.085230e+003	-1.873095e+000
7.095239e+003	-1.877835e+000
7.105239e+003	-1.878759e+000
7.115249e+003	-1.896001e+000
7.125259e+003	-1.896753e+000
7.135259e+003	-1.884010e+000
7.145270e+003	-1.895779e+000
7.155278e+003	-1.876800e+000
7.165279e+003	-1.896804e+000
7.175308e+003	-1.887101e+000
7.185319e+003	-1.899223e+000
7.195318e+003	-1.895679e+000
7.205328e+003	-1.911537e+000
7.215339e+003	-1.903849e+000
7.225339e+003	-1.916783e+000
7.235348e+003	-1.896041e+000
7.245348e+003	-1.914143e+000
7.255358e+003	-1.894635e+000
7.265368e+003	-1.900295e+000
7.275369e+003	-1.914987e+000
7.285378e+003	-1.910683e+000
7.295388e+003	-1.923190e+000
7.305389e+003	-1.904413e+000
7.315398e+003	-1.916403e+000
7.325409e+003	-1.914690e+000
7.335409e+003	-1.919615e+000
7.345419e+003	-1.923615e+000
7.355429e+003	-1.922870e+000
7.365428e+003	-1.940402e+000
7.375459e+003	-1.938962e+000
7.385468e+003	-1.926260e+000
7.395468e+003	-1.917879e+000
7.405479e+003	-1.926533e+000
7.415488e+003	-1.928069e+000
7.425488e+003	-1.931948e+000
7.435498e+003	-1.949610e+000
7.445499e+003	-1.930108e+000
7.455508e+003	-1.940350e+000
7.465519e+003	-1.932093e+000
7.475519e+003	-1.951679e+000
7.485528e+003	-1.949141e+000
7.495538e+003	-1.932192e+000
7.505538e+003	-1.954223e+000
7.515549e+003	-1.942689e+000
7.525559e+003	-1.964581e+000
7.535549e+003	-1.959060e+000
7.545549e+003	-1.923174e+000
7.555559e+003	-1.937738e+000
7.565569e+003	-1.943121e+000
7.575559e+003	-1.964756e+000
7.585560e+003	-1.966332e+000
7.595568e+003	-1.969886e+000
7.605578e+003	-1.948631e+000
7.615579e+003	-1.965636e+000
7.625588e+003	-1.964373e+000
7.635598e+003	-1.961977e+000
7.645598e+003	-1.974164e+000
7.655608e+003	-1.971710e+000
7.665618e+003	-1.969423e+000
7.675618e+003	-1.978426e+000
7.685628e+003	-1.964606e+000
7.695638e+003	-1.972933e+000
7.705638e+003	-1.973531e+000
7.715648e+003	-1.965872e+000
7.725648e+003	-1.967750e+000
7.735658e+003	-1.991298e+000
7.745668e+003	-1.971002e+000
7.755668e+003	-1.978037e+000
7.765678e+003	-1.992475e+000
7.775688e+003	-1.970134e+000
7.785688e+003	-1.993102e+000
7.795698e+003	-1.988921e+000
7.805709e+003	-1.989478e+000
7.815708e+003	-2.000211e+000
7.825718e+003	-1.985548e+000
7.835729e+003	-1.991908e+000
7.845729e+003	-1.994012e+000
7.855759e+003	-1.980307e+000
7.865768e+003	-1.991230e+000
7.875768e+003	-1.991430e+000
7.885779e+003	-2.002713e+000
7.895788e+003	-1.997400e+000
7.905788e+003	-1.986866e+000
7.915799e+003	-2.000446e+000
7.925799e+003	-1.986803e+000
7.935810e+003	-2.003103e+000
7.945818e+003	-1.998975e+000
7.955819e+003	-1.988998e+000
7.965830e+003	-2.002226e+000
7.975838e+003	-2.000324e+000
7.985840e+003	-2.011097e+000
7.995850e+003	-2.000840e+000
8.005860e+003	-1.993692e+000
8.015859e+003	-2.006925e+000
8.025869e+003	-1.994380e+000
8.035878e+003	-2.000509e+000
8.045878e+003	-2.006344e+000
8.055908e+003	-2.026191e+000
8.065918e+003	-2.020272e+000
8.075919e+003	-2.031753e+000
8.085928e+003	-2.019198e+000
8.095939e+003	-2.018427e+000
8.105938e+003	-2.010403e+000
8.115948e+003	-2.002806e+000
8.125959e+003	-2.008193e+000
8.135958e+003	-2.014555e+000
8.145968e+003	-2.000848e+000
8.155969e+003	-2.016875e+000
8.165979e+003	-2.009229e+000
8.175989e+003	-2.024207e+000
8.185988e+003	-2.014235e+000
8.195998e+003	-2.004250e+000
8.206009e+003	-2.034875e+000
8.216008e+003	-2.022223e+000
8.226019e+003	-2.024013e+000
8.236029e+003	-2.032181e+000
8.246028e+003	-2.007926e+000
8.256059e+003	-2.032162e+000
8.266068e+003	-2.020455e+000
8.276068e+003	-2.015311e+000
8.286078e+003	-2.019872e+000
8.296088e+003	-2.021683e+000
8.306088e+003	-2.014688e+000
8.316098e+003	-2.025915e+000
8.326109e+003	-2.027132e+000
8.336109e+003	-2.018436e+000
8.346119e+003	-2.026620e+000
8.356119e+003	-2.042934e+000
8.366129e+003	-2.030880e+000
8.376140e+003	-2.023501e+000
8.386139e+003	-2.030832e+000
8.396149e+003	-2.041139e+000
8.406159e+003	-2.014594e+000
8.416159e+003	-2.035734e+000
8.426169e+003	-2.019170e+000
8.436179e+003	-2.027987e+000
8.446179e+003	-2.025494e+000
8.456208e+003	-2.023973e+000
8.466218e+003	-2.045129e+000
8.476219e+003	-2.030358e+000
8.486228e+003	-2.036506e+000
8.496239e+003	-2.042001e+000
8.506238e+003	-2.031596e+000
8.516249e+003	-2.041403e+000
8.526259e+003	-2.023793e+000
8.536259e+003	-2.023862e+000
8.546268e+003	-2.026458e+000
8.556269e+003	-2.029092e+000
8.566278e+003	-2.056492e+000
8.576289e+003	-2.038057e+000
8.586288e+003	-2.045376e+000
8.596298e+003	-2.042000e+000
8.606309e+003	-2.047549e+000
8.616308e+003	-2.048853e+000
8.626319e+003	-2.041222e+000
8.636328e+003	-2.031545e+000
8.646328e+003	-2.045191e+000
8.656338e+003	-2.029738e+000
8.666349e+003	-2.061067e+000
8.676348e+003	-2.036641e+000
8.686378e+003	-2.037660e+000
8.696388e+003	-2.050186e+000
8.706389e+003	-2.050008e+000
8.716398e+003	-2.043436e+000
8.726409e+003	-2.035582e+000
8.736409e+003	-2.053746e+000
8.746418e+003	-2.036470e+000
8.756418e+003	-2.043448e+000
8.766429e+003	-2.035551e+000
8.776439e+003	-2.036001e+000
8.786439e+003	-2.033427e+000
8.796449e+003	-2.052194e+000
8.806458e+003	-2.057157e+000
8.816459e+003	-2.043328e+000
8.826469e+003	-2.065771e+000
8.836480e+003	-2.037965e+000
8.846479e+003	-2.071777e+000
8.856508e+003	-2.040859e+000
8.866519e+003	-2.044797e+000
8.876520e+003	-2.029869e+000
8.886528e+003	-2.041978e+000
8.896539e+003	-2.044752e+000
8.906538e+003	-2.051739e+000
8.916548e+003	-2.047934e+000
8.926558e+003	-2.063817e+000
8.936558e+003	-2.047642e+000
8.946569e+003	-2.064191e+000
8.956567e+003	-2.050274e+000
8.966578e+003	-2.063752e+000
8.976589e+003	-2.059713e+000
8.986588e+003	-2.057224e+000
8.996598e+003	-2.061562e+000
9.006608e+003	-2.048036e+000
9.016609e+003	-2.059891e+000
9.026619e+003	-2.060922e+000
9.036628e+003	-2.051765e+000
9.046628e+003	-2.057570e+000
9.056638e+003	-2.055682e+000
9.066649e+003	-2.046409e+000
9.076648e+003	-2.047867e+000
9.086678e+003	-2.045311e+000
9.096688e+003	-2.051993e+000
9.106688e+003	-2.057526e+000
9.116698e+003	-2.052580e+000
9.126708e+003	-2.069854e+000
9.136709e+003	-2.062364e+000
9.146718e+003	-2.056167e+000
9.156729e+003	-2.070595e+000
9.166729e+003	-2.043022e+000
9.176740e+003	-2.058108e+000
9.186738e+003	-2.060957e+000
9.196748e+003	-2.060302e+000
9.206759e+003	-2.058993e+000
9.216759e+003	-2.060247e+000
9.226769e+003	-2.052227e+000
9.236778e+003	-2.068056e+000
9.246779e+003	-2.056038e+000
9.256789e+003	-2.077387e+000
9.266799e+003	-2.050203e+000
9.276799e+003	-2.050465e+000
9.286829e+003	-2.046506e+000
9.296838e+003	-2.062014e+000
9.306838e+003	-2.080929e+000
9.316848e+003	-2.059661e+000
9.326858e+003	-2.068592e+000
9.336858e+003	-2.068322e+000
9.346868e+003	-2.059506e+000
9.356869e+003	-2.057193e+000
9.366878e+003	-2.051433e+000
9.376888e+003	-2.059686e+000
9.386888e+003	-2.069754e+000
9.396898e+003	-2.065502e+000
9.406909e+003	-2.061430e+000
9.416908e+003	-2.066747e+000
9.426918e+003	-2.068918e+000
9.436928e+003	-2.068218e+000
9.446928e+003	-2.047528e+000
9.456938e+003	-2.061536e+000
9.466949e+003	-2.055954e+000
9.476948e+003	-2.056202e+000
9.486978e+003	-2.064073e+000
9.496988e+003	-2.068963e+000
9.506989e+003	-2.057108e+000
9.516999e+003	-2.043463e+000
9.527008e+003	-2.056124e+000
9.537009e+003	-2.045770e+000
9.547018e+003	-2.066502e+000
9.557028e+003	-2.053409e+000
9.567028e+003	-2.047205e+000
9.577038e+003	-2.068158e+000
9.587040e+003	-2.056669e+000
9.597049e+003	-2.071938e+000
9.607058e+003	-2.068468e+000
9.617059e+003	-2.066905e+000
9.627068e+003	-2.065066e+000
9.637079e+003	-2.057560e+000
9.647079e+003	-2.062608e+000
9.657089e+003	-2.070362e+000
9.667099e+003	-2.071628e+000
9.677100e+003	-2.065122e+000
9.687109e+003	-2.050925e+000
9.697119e+003	-2.077388e+000
9.707119e+003	-2.051724e+000
9.717149e+003	-2.067414e+000
9.727158e+003	-2.066865e+000
9.737158e+003	-2.079474e+000
9.747168e+003	-2.062342e+000
9.757179e+003	-2.071673e+000
9.767178e+003	-2.081292e+000
9.777189e+003	-2.058246e+000
9.787189e+003	-2.076520e+000
9.797198e+003	-2.070883e+000
9.807209e+003	-2.068012e+000
9.817208e+003	-2.076176e+000
9.827219e+003	-2.076901e+000
9.837229e+003	-2.075070e+000
9.847228e+003	-2.083910e+000
9.857239e+003	-2.067227e+000
9.867249e+003	-2.073533e+000
9.877248e+003	-2.070419e+000
9.887259e+003	-2.083897e+000
9.897269e+003	-2.064448e+000
9.907268e+003	-2.072794e+000
9.917298e+003	-2.074968e+000
9.927308e+003	-2.075836e+000
9.937309e+003	-2.071294e+000
9.947318e+003	-2.068837e+000
9.957329e+003	-2.084343e+000
9.967329e+003	-2.064459e+000
9.977338e+003	-2.093041e+000
9.987338e+003	-2.063489e+000
9.997349e+003	-2.078255e+000
1.000736e+004	-2.057188e+000
1.001736e+004	-2.048378e+000
1.002737e+004	-2.077932e+000
1.003738e+004	-2.074698e+000
1.004738e+004	-2.077428e+000
1.005739e+004	-2.083849e+000
1.006740e+004	-2.073742e+000
1.007740e+004	-2.082277e+000
1.008741e+004	-2.078255e+000
1.009742e+004	-2.075282e+000
1.010742e+004	-2.032715e+000
1.011745e+004	-2.088170e+000
1.012746e+004	-2.052285e+000
1.013746e+004	-2.076391e+000
1.014747e+004	-2.079105e+000
1.015748e+004	-2.076510e+000
1.016748e+004	-2.074563e+000
1.017749e+004	-2.077723e+000
1.018750e+004	-2.076714e+000
1.019750e+004	-2.059648e+000
1.020751e+004	-2.062167e+000
1.021751e+004	-2.072672e+000
1.022752e+004	-2.067520e+000
1.023753e+004	-2.069950e+000
1.024753e+004	-2.076598e+000
1.025754e+004	-2.083040e+000
1.026755e+004	-2.080854e+000
1.027755e+004	-2.056484e+000
1.028756e+004	-2.077267e+000
1.029757e+004	-2.050115e+000
1.030757e+004	-2.060956e+000
1.031760e+004	-2.062208e+000
1.032761e+004	-2.075601e+000
1.033761e+004	-2.064350e+000
1.034762e+004	-2.043567e+000
1.035763e+004	-2.072240e+000
1.036763e+004	-2.081521e+000
1.037764e+004	-2.068512e+000
1.038765e+004	-2.071870e+000
1.039765e+004	-2.062369e+000
1.040766e+004	-2.064813e+000
1.041766e+004	-2.050478e+000
1.042767e+004	-2.077344e+000
1.043768e+004	-2.062812e+000
1.044768e+004	-2.048614e+000
1.045769e+004	-2.072689e+000
1.046770e+004	-2.062734e+000
1.047770e+004	-2.069548e+000
1.048771e+004	-2.061715e+000
1.049772e+004	-2.050980e+000
1.050772e+004	-2.067935e+000
1.051773e+004	-2.074003e+000
1.052774e+004	-2.066827e+000
1.053774e+004	-2.060601e+000
1.054777e+004	-2.065091e+000
1.055778e+004	-2.063341e+000
1.056778e+004	-2.076709e+000
1.057779e+004	-2.068839e+000
1.058780e+004	-2.066909e+000
1.059780e+004	-2.060634e+000
1.060781e+004	-2.075044e+000
1.061781e+004	-2.062560e+000
1.062782e+004	-2.067934e+000
1.063783e+004	-2.059971e+000
1.064783e+004	-2.058557e+000
1.065784e+004	-2.052144e+000
1.066785e+004	-2.081578e+000
1.067785e+004	-2.070089e+000
1.068786e+004	-2.077511e+000
1.069787e+004	-2.072548e+000
1.070787e+004	-2.079133e+000
1.071788e+004	-2.086767e+000
1.072789e+004	-2.073262e+000
1.073789e+004	-2.067481e+000
1.074792e+004	-2.060925e+000
1.075793e+004	-2.062397e+000
1.076793e+004	-2.073342e+000
1.077794e+004	-2.049784e+000
1.078795e+004	-2.077885e+000
1.079795e+004	-2.076544e+000
1.080796e+004	-2.085088e+000
1.081796e+004	-2.070820e+000
1.082797e+004	-2.091674e+000
1.083798e+004	-2.083906e+000
1.084798e+004	-2.052134e+000
1.085799e+004	-2.057239e+000
1.086800e+004	-2.062121e+000
1.087800e+004	-2.069957e+000
1.088801e+004	-2.065978e+000
1.089802e+004	-2.075561e+000
1.090802e+004	-2.053319e+000
1.091803e+004	-2.076528e+000
1.092804e+004	-2.060710e+000
1.093804e+004	-2.087712e+000
1.094807e+004	-2.068465e+000
1.095808e+004	-2.042180e+000
1.096808e+004	-2.060089e+000
1.097809e+004	-2.066445e+000
1.098810e+004	-2.067666e+000
1.099810e+004	-2.062182e+000
1.100811e+004	-2.071240e+000
1.101812e+004	-2.074102e+000
1.102812e+004	-2.073724e+000
1.103813e+004	-2.062994e+000
1.104813e+004	-2.065735e+000
1.105814e+004	-2.064607e+000
1.106815e+004	-2.053483e+000
1.107815e+004	-2.042629e+000
1.108816e+004	-2.083908e+000
1.109817e+004	-2.079195e+000
1.110817e+004	-2.065558e+000
1.111818e+004	-2.070960e+000
1.112819e+004	-2.083741e+000
1.113819e+004	-2.068343e+000
1.114822e+004	-2.045855e+000
1.115823e+004	-2.079599e+000
1.116823e+004	-2.075208e+000
1.117824e+004	-2.043486e+000
1.118825e+004	-2.036823e+000
1.119825e+004	-2.053138e+000
1.120826e+004	-2.032953e+000
1.121827e+004	-2.015728e+000
1.122827e+004	-2.025458e+000
1.123828e+004	-1.997178e+000
1.124828e+004	-1.989982e+000
1.125829e+004	-1.975220e+000
1.126830e+004	-1.965841e+000
1.127830e+004	-1.963669e+000
1.128831e+004	-1.944038e+000
1.129832e+004	-1.930826e+000
1.130831e+004	-1.933674e+000
1.131831e+004	-1.958524e+000
1.132832e+004	-1.931928e+000
1.133833e+004	-1.910803e+000
1.134833e+004	-1.897706e+000
1.135834e+004	-1.879841e+000
1.136835e+004	-1.877620e+000
1.137834e+004	-1.868240e+000
1.138834e+004	-1.862826e+000
1.139835e+004	-1.859889e+000
1.140836e+004	-1.844898e+000
1.141836e+004	-1.845079e+000
1.142837e+004	-1.830412e+000
1.143838e+004	-1.798283e+000
1.144838e+004	-1.803502e+000
1.145839e+004	-1.798700e+000
1.146840e+004	-1.795263e+000
1.147840e+004	-1.780867e+000
1.148841e+004	-1.763339e+000
1.149842e+004	-1.771696e+000
1.150842e+004	-1.744309e+000
1.151843e+004	-1.741204e+000
1.152843e+004	-1.722547e+000
1.153844e+004	-1.711800e+000
1.154845e+004	-1.709900e+000
1.155845e+004	-1.693777e+000
1.156846e+004	-1.665404e+000
1.157847e+004	-1.676213e+000
1.158847e+004	-1.677821e+000
1.159848e+004	-1.652215e+000
1.160849e+004	-1.646392e+000
1.161849e+004	-1.634461e+000
1.162852e+004	-1.632285e+000
1.163853e+004	-1.616663e+000
1.164853e+004	-1.602986e+000
1.165854e+004	-1.609023e+000
1.166855e+004	-1.568480e+000
1.167855e+004	-1.566327e+000
1.168856e+004	-1.566757e+000
1.169857e+004	-1.551763e+000
1.170857e+004	-1.557956e+000
1.171858e+004	-1.534105e+000
1.172858e+004	-1.522855e+000
1.173859e+004	-1.525415e+000
1.174860e+004	-1.502945e+000
1.175860e+004	-1.490222e+000
1.176861e+004	-1.489820e+000
1.177862e+004	-1.474958e+000
1.178862e+004	-1.459749e+000
1.179863e+004	-1.461434e+000
1.180864e+004	-1.457669e+000
1.181864e+004	-1.457187e+000
1.182865e+004	-1.427728e+000
1.183866e+004	-1.437965e+000
1.184866e+004	-1.413198e+000
1.185869e+004	-1.406410e+000
1.186870e+004	-1.406321e+000
1.187870e+004	-1.388959e+000
1.188871e+004	-1.388542e+000
1.189872e+004	-1.372531e+000
1.190872e+004	-1.381087e+000
1.191873e+004	-1.383732e+000
1.192873e+004	-1.358831e+000
1.193874e+004	-1.349755e+000
1.194875e+004	-1.350386e+000
1.195875e+004	-1.360972e+000
1.196876e+004	-1.349699e+000
1.197877e+004	-1.331304e+000
1.198877e+004	-1.322756e+000
1.199878e+004	-1.318412e+000
1.200879e+004	-1.330580e+000
1.201879e+004	-1.318575e+000
1.202880e+004	-1.304033e+000
1.203881e+004	-1.308673e+000
1.204881e+004	-1.301875e+000
1.205884e+004	-1.288232e+000
1.206885e+004	-1.288339e+000
1.207885e+004	-1.273275e+000
1.208886e+004	-1.272930e+000
1.209887e+004	-1.257568e+000
1.210887e+004	-1.255662e+000
1.211888e+004	-1.254537e+000
1.212889e+004	-1.249203e+000
1.213889e+004	-1.243909e+000
1.214890e+004	-1.238285e+000
1.215890e+004	-1.249772e+000
1.216891e+004	-1.240461e+000
1.217892e+004	-1.223833e+000
1.218892e+004	-1.239131e+000
1.219893e+004	-1.215750e+000
1.220894e+004	-1.195100e+000
1.221894e+004	-1.211537e+000
1.222895e+004	-1.207696e+000
1.223896e+004	-1.213148e+000
1.224896e+004	-1.184531e+000
1.225897e+004	-1.198785e+000
1.226898e+004	-1.199779e+000
1.227898e+004	-1.181805e+000
1.228901e+004	-1.196256e+000
1.229902e+004	-1.181709e+000
1.230902e+004	-1.171380e+000
1.231903e+004	-1.153045e+000
1.232904e+004	-1.155480e+000
1.233904e+004	-1.157337e+000
1.234905e+004	-1.166591e+000
1.235905e+004	-1.150095e+000
1.236906e+004	-1.137044e+000
1.237907e+004	-1.137986e+000
1.238907e+004	-1.154806e+000
1.239908e+004	-1.139021e+000
1.240909e+004	-1.157479e+000
1.241909e+004	-1.141042e+000
1.242910e+004	-1.133821e+000
1.243911e+004	-1.126243e+000
1.244911e+004	-1.120100e+000
1.245912e+004	-1.124934e+000
1.246913e+004	-1.122302e+000
1.247913e+004	-1.122464e+000
1.248916e+004	-1.109080e+000
1.249917e+004	-1.106274e+000
1.250917e+004	-1.119237e+000
1.251918e+004	-1.120451e+000
1.252919e+004	-1.121220e+000
1.253919e+004	-1.094912e+000
1.254920e+004	-1.104615e+000
1.255920e+004	-1.115832e+000
1.256921e+004	-1.099228e+000
1.257922e+004	-1.093584e+000
1.258922e+004	-1.093787e+000
1.259923e+004	-1.080710e+000
1.260924e+004	-1.061537e+000
1.261924e+004	-1.055588e+000
1.262925e+004	-1.058196e+000
1.263926e+004	-1.050462e+000
1.264926e+004	-1.041903e+000
1.265927e+004	-1.026058e+000
1.266928e+004	-1.043340e+000
1.267928e+004	-1.028555e+000
1.268931e+004	-1.034929e+000
1.269932e+004	-1.028910e+000
1.270932e+004	-1.022539e+000
1.271933e+004	-1.007356e+000
1.272934e+004	-1.039097e+000
1.273934e+004	-1.006138e+000
1.274935e+004	-9.944423e-001
1.275936e+004	-9.969570e-001
1.276936e+004	-9.832609e-001
1.277937e+004	-1.001055e+000
1.278937e+004	-9.814852e-001
1.279938e+004	-9.719686e-001
1.280939e+004	-9.692575e-001
1.281939e+004	-9.825806e-001
1.282940e+004	-9.594837e-001
1.283941e+004	-9.720431e-001
1.284941e+004	-9.422193e-001
1.285942e+004	-9.474806e-001
1.286943e+004	-9.489730e-001
1.287943e+004	-9.427296e-001
1.288946e+004	-9.383970e-001
1.289947e+004	-9.401093e-001
1.290947e+004	-9.325365e-001
1.291948e+004	-9.226204e-001
1.292949e+004	-9.388582e-001
1.293949e+004	-9.239680e-001
1.294950e+004	-9.281971e-001
1.295951e+004	-9.194000e-001
1.296951e+004	-9.092773e-001
1.297952e+004	-9.115994e-001
1.298952e+004	-9.161304e-001
1.299953e+004	-9.180031e-001
1.300954e+004	-9.134726e-001
1.301954e+004	-9.256424e-001
1.302955e+004	-8.915799e-001
1.303956e+004	-9.051174e-001
1.304956e+004	-9.124595e-001
1.305957e+004	-9.125903e-001
1.306958e+004	-8.993571e-001
1.307958e+004	-9.057658e-001
1.308959e+004	-8.805112e-001
1.309960e+004	-8.889653e-001
1.310960e+004	-8.778081e-001
1.311963e+004	-8.804382e-001
1.312964e+004	-8.903124e-001
1.313964e+004	-8.918971e-001
1.314965e+004	-8.795101e-001
1.315966e+004	-8.742942e-001
1.316966e+004	-8.689335e-001
1.317967e+004	-8.833053e-001
1.318967e+004	-8.426906e-001
1.319968e+004	-8.499875e-001
1.320969e+004	-8.621408e-001
1.321969e+004	-8.454536e-001
1.322970e+004	-8.276066e-001
1.323971e+004	-8.365820e-001
1.324971e+004	-8.413784e-001
1.325972e+004	-8.467900e-001
1.326973e+004	-8.339621e-001
1.327973e+004	-8.348215e-001
1.328974e+004	-8.348972e-001
1.329975e+004	-8.348336e-001
1.330975e+004	-8.315718e-001
1.331978e+004	-8.136296e-001
1.332979e+004	-8.388053e-001
1.333979e+004	-8.262115e-001
1.334980e+004	-8.190611e-001
1.335981e+004	-8.175394e-001
1.336981e+004	-8.182786e-001
1.337982e+004	-7.958187e-001
1.338983e+004	-8.030939e-001
1.339983e+004	-7.997725e-001
1.340984e+004	-7.873000e-001
1.341984e+004	-7.842647e-001
1.342985e+004	-7.783767e-001
1.343986e+004	-7.713291e-001
1.344986e+004	-7.925225e-001
1.345987e+004	-7.903061e-001
1.346988e+004	-7.729501e-001
1.347988e+004	-7.571405e-001
1.348989e+004	-7.637423e-001
1.349990e+004	-7.474847e-001
1.350990e+004	-7.447779e-001
1.351991e+004	-7.680014e-001
1.352992e+004	-7.577858e-001
1.353992e+004	-7.418938e-001
1.354995e+004	-7.595710e-001
1.355996e+004	-7.732205e-001
1.356996e+004	-7.719738e-001
1.357997e+004	-7.500140e-001
1.358998e+004	-7.677426e-001
1.359998e+004	-7.611578e-001
1.360999e+004	-7.571669e-001
1.361999e+004	-7.297610e-001
1.363000e+004	-7.387924e-001
1.364001e+004	-7.328908e-001
1.365001e+004	-7.315221e-001
1.366002e+004	-7.344017e-001
1.367001e+004	-7.202831e-001
1.368002e+004	-7.245896e-001
1.369002e+004	-7.132223e-001
1.370003e+004	-7.082054e-001
1.371004e+004	-6.982303e-001
1.372004e+004	-7.073772e-001
1.373005e+004	-7.006814e-001
1.374006e+004	-6.964873e-001
1.375005e+004	-6.836696e-001
1.376005e+004	-6.915312e-001
1.377006e+004	-6.791667e-001
1.378007e+004	-6.941904e-001
1.379007e+004	-6.714054e-001
1.380008e+004	-6.892883e-001
1.381009e+004	-6.786243e-001
1.382009e+004	-6.841694e-001
1.383010e+004	-6.552190e-001
1.384011e+004	-6.522393e-001
1.385011e+004	-6.586655e-001
1.386012e+004	-6.683196e-001
1.387012e+004	-6.477350e-001
1.388013e+004	-6.539571e-001
1.389014e+004	-6.434469e-001
1.390014e+004	-6.479899e-001
1.391015e+004	-6.388725e-001
1.392016e+004	-6.503306e-001
1.393016e+004	-6.251201e-001
1.394017e+004	-6.333608e-001
1.395018e+004	-6.384048e-001
1.396018e+004	-6.445725e-001
1.397019e+004	-6.305393e-001
1.398020e+004	-6.370781e-001
1.399020e+004	-6.364819e-001
1.400021e+004	-6.423035e-001
1.401022e+004	-6.188833e-001
1.402022e+004	-6.246038e-001
1.403025e+004	-6.012401e-001
1.404026e+004	-6.164504e-001
1.405026e+004	-6.116379e-001
1.406027e+004	-6.088972e-001
1.407028e+004	-5.893719e-001
1.408028e+004	-5.937282e-001
1.409029e+004	-6.061215e-001
1.410029e+004	-6.122940e-001
1.411030e+004	-5.861825e-001
1.412031e+004	-6.100004e-001
1.413031e+004	-5.657344e-001
1.414032e+004	-5.908937e-001
1.415033e+004	-5.913458e-001
1.416033e+004	-5.711307e-001
1.417034e+004	-5.668897e-001
1.418035e+004	-5.719531e-001
1.419035e+004	-5.520934e-001
1.420036e+004	-5.589191e-001
1.421037e+004	-5.566845e-001
1.422037e+004	-5.554646e-001
1.423040e+004	-5.577001e-001
1.424041e+004	-5.505406e-001
1.425041e+004	-5.488970e-001
1.426042e+004	-5.372073e-001
1.427043e+004	-5.406977e-001
1.428043e+004	-5.541440e-001
1.429044e+004	-5.239603e-001
1.430044e+004	-5.134265e-001
1.431045e+004	-5.464121e-001
1.432046e+004	-5.215086e-001
1.433046e+004	-5.308289e-001
1.434047e+004	-5.144458e-001
1.435048e+004	-5.068443e-001
1.436048e+004	-5.144101e-001
1.437049e+004	-5.262531e-001
1.438050e+004	-5.206236e-001
1.439050e+004	-5.133335e-001
1.440051e+004	-5.206182e-001
1.441052e+004	-5.222000e-001
1.442052e+004	-5.045309e-001
1.443055e+004	-5.069796e-001
1.444056e+004	-5.102481e-001
1.445056e+004	-5.085942e-001
1.446057e+004	-5.173615e-001
1.447058e+004	-5.081562e-001
1.448058e+004	-4.911728e-001
1.449059e+004	-5.136219e-001
1.450060e+004	-5.090672e-001
1.451060e+004	-5.047956e-001
1.452061e+004	-4.990190e-001
1.453061e+004	-4.993308e-001
1.454062e+004	-4.837702e-001
1.455063e+004	-4.849781e-001
1.456063e+004	-4.756052e-001
1.457064e+004	-4.871493e-001
1.458065e+004	-4.792375e-001
1.459065e+004	-4.860152e-001
1.460066e+004	-4.657995e-001
1.461065e+004	-5.026098e-001
1.462066e+004	-4.724988e-001
1.463065e+004	-4.718439e-001
1.464065e+004	-4.345191e-001
1.465066e+004	-4.710827e-001
1.466067e+004	-4.482136e-001
1.467067e+004	-4.468935e-001
1.468068e+004	-4.458655e-001
1.469069e+004	-4.307133e-001
1.470069e+004	-4.284152e-001
1.471070e+004	-4.387203e-001
1.472071e+004	-4.363119e-001
1.473071e+004	-4.147133e-001
1.474072e+004	-4.213349e-001
1.475073e+004	-4.175910e-001
1.476073e+004	-4.190220e-001
1.477074e+004	-4.226558e-001
1.478074e+004	-4.151739e-001
1.479075e+004	-3.882372e-001
1.480076e+004	-4.182715e-001
1.481076e+004	-4.027720e-001
1.482077e+004	-4.004782e-001
1.483078e+004	-4.084811e-001
1.484078e+004	-4.032367e-001
1.485079e+004	-4.118058e-001
1.486080e+004	-4.182338e-001
1.487080e+004	-4.141508e-001
1.488081e+004	-4.178459e-001
1.489082e+004	-4.096690e-001
1.490082e+004	-4.348711e-001
1.491085e+004	-4.226785e-001
1.492086e+004	-4.094488e-001
1.493086e+004	-4.302025e-001
1.494087e+004	-4.096318e-001
1.495088e+004	-3.996890e-001
1.496088e+004	-4.141315e-001
1.497089e+004	-4.311999e-001
1.498090e+004	-4.035676e-001
1.499090e+004	-4.181826e-001
1.500091e+004	-4.066803e-001
1.501091e+004	-3.909421e-001
1.502092e+004	-3.780985e-001
1.503093e+004	-4.064619e-001
1.504093e+004	-3.950355e-001
1.505094e+004	-3.937517e-001
1.506095e+004	-3.994468e-001
1.507095e+004	-4.057263e-001
1.508096e+004	-3.916738e-001
1.509097e+004	-3.762241e-001
1.510097e+004	-3.933717e-001
1.511100e+004	-3.930509e-001
1.512101e+004	-3.881198e-001
1.513101e+004	-3.641073e-001
1.514102e+004	-3.777395e-001
1.515103e+004	-3.712198e-001
1.516103e+004	-3.662424e-001
1.517104e+004	-3.751864e-001
1.518105e+004	-3.904086e-001
1.519105e+004	-3.582442e-001
1.520106e+004	-3.476522e-001
1.521106e+004	-3.667212e-001
1.522107e+004	-3.648477e-001
1.523108e+004	-3.431630e-001
1.524108e+004	-3.434365e-001
1.525109e+004	-3.451166e-001
1.526110e+004	-3.626322e-001
1.527110e+004	-3.653708e-001
1.528111e+004	-3.587275e-001
1.529112e+004	-3.786866e-001
1.530112e+004	-3.518617e-001
1.531113e+004	-3.643109e-001
1.532114e+004	-3.681726e-001
1.533114e+004	-3.558050e-001
1.534117e+004	-3.742871e-001
1.535118e+004	-3.687831e-001
1.536118e+004	-3.663565e-001
1.537119e+004	-3.821604e-001
1.538120e+004	-3.791479e-001
1.539120e+004	-3.855142e-001
1.540121e+004	-3.808193e-001
1.541125e+004	-3.759954e-001
