0.000000e+000	-2.989119e-002
9.975000e+000	-1.551243e-002
1.998500e+001	-2.661278e-002
3.000700e+001	-3.267783e-002
4.000700e+001	-1.655841e-002
5.001900e+001	-3.675156e-002
6.002900e+001	-1.838836e-002
7.001900e+001	-2.376756e-002
8.001900e+001	-2.931366e-002
9.002900e+001	-3.547618e-002
1.000390e+002	-3.135524e-002
1.100390e+002	-2.679756e-002
1.200490e+002	-3.360080e-002
1.300500e+002	-3.552591e-002
1.400820e+002	-3.552271e-002
1.500820e+002	-3.368189e-002
1.600920e+002	-2.812563e-002
1.701020e+002	-3.468982e-002
1.801040e+002	-4.124800e-002
1.901140e+002	-3.290479e-002
2.001030e+002	-4.077182e-002
2.101040e+002	-2.845072e-002
2.201460e+002	-3.078632e-002
2.301240e+002	-2.523476e-002
2.401750e+002	-2.781690e-002
2.501540e+002	-2.992364e-002
2.601550e+002	-2.096993e-002
2.701650e+002	-3.515354e-002
2.801660e+002	-2.171572e-002
2.901960e+002	-3.727210e-002
3.002060e+002	-3.991246e-002
3.102060e+002	-3.645775e-002
3.202170e+002	-1.397705e-002
3.302170e+002	-8.364379e-003
3.402470e+002	-2.667162e-002
3.502470e+002	-3.989018e-002
3.602570e+002	-2.695597e-002
3.702670e+002	-3.388146e-002
3.802680e+002	-2.847030e-002
3.902780e+002	-3.695935e-002
4.002990e+002	-3.742742e-002
4.103090e+002	-3.121120e-002
4.203110e+002	-4.338343e-002
4.303210e+002	-3.957795e-002
4.403560e+002	-2.867557e-002
4.503320e+002	-3.793546e-002
4.603420e+002	-2.792621e-002
4.703520e+002	-2.808245e-002
4.803520e+002	-3.131421e-002
4.903630e+002	-3.686108e-002
5.003730e+002	-4.509967e-002
5.103730e+002	-2.466780e-002
5.203830e+002	-4.107062e-002
5.304180e+002	-3.584732e-002
5.403830e+002	-2.888294e-002
5.503840e+002	-4.099817e-002
5.603940e+002	-2.927951e-002
5.703940e+002	-3.643929e-002
5.804060e+002	-4.682281e-002
5.904150e+002	-4.247050e-002
6.004150e+002	-3.438398e-002
6.104250e+002	-3.926105e-002
6.204350e+002	-4.756862e-002
6.304350e+002	-3.519498e-002
6.404450e+002	-4.294675e-002
6.504550e+002	-2.779152e-002
6.604760e+002	-3.860461e-002
6.704860e+002	-3.996512e-002
6.804860e+002	-3.854985e-002
6.904770e+002	-3.787978e-002
7.004880e+002	-3.158724e-002
7.104880e+002	-3.828560e-002
7.204790e+002	-2.884198e-002
7.304890e+002	-4.047418e-002
7.404790e+002	-3.181276e-002
7.504800e+002	-2.791575e-002
7.604900e+002	-1.775252e-002
7.704900e+002	-5.040149e-002
7.805520e+002	-1.572413e-002
7.905300e+002	-2.779994e-002
8.005300e+002	-3.440742e-002
8.105400e+002	-3.196173e-002
8.205500e+002	-2.206660e-002
8.305500e+002	-2.984517e-002
8.405600e+002	-4.917124e-002
8.505700e+002	-2.379320e-002
8.605700e+002	-2.017105e-002
8.705800e+002	-2.958819e-002
8.805800e+002	-3.497114e-002
8.905910e+002	-1.833561e-002
9.006010e+002	-2.963271e-002
9.106010e+002	-1.409979e-002
9.206320e+002	-2.145126e-002
9.306320e+002	-4.051552e-002
9.406420e+002	-3.811353e-002
9.506520e+002	-2.589866e-002
9.606530e+002	-4.214173e-002
9.706640e+002	-2.635368e-002
9.806650e+002	-3.524196e-002
9.906750e+002	-2.199478e-002
1.000685e+003	-3.599349e-002
1.010686e+003	-2.843751e-002
1.020696e+003	-3.377349e-002
1.030716e+003	-3.553443e-002
1.040727e+003	-3.282279e-002
1.050736e+003	-3.471536e-002
1.060736e+003	-2.450676e-002
1.070747e+003	-3.006821e-002
1.080756e+003	-3.437292e-002
1.090746e+003	-3.958497e-002
1.100746e+003	-2.692116e-002
1.110755e+003	-2.835000e-002
1.120766e+003	-2.084284e-002
1.130765e+003	-3.180466e-002
1.140776e+003	-3.576268e-002
1.150777e+003	-3.777883e-002
1.160815e+003	-2.923375e-002
1.170817e+003	-2.484834e-002
1.180838e+003	-4.360463e-002
1.190839e+003	-4.569210e-002
1.200894e+003	-4.173428e-002
1.210861e+003	-4.890114e-002
1.220910e+003	-2.044510e-002
1.230892e+003	-4.009996e-002
1.240892e+003	-3.713663e-002
1.250902e+003	-3.634301e-002
1.260912e+003	-3.353355e-002
1.270933e+003	-3.956404e-002
1.280943e+003	-3.877849e-002
1.290964e+003	-3.267308e-002
1.300974e+003	-3.537220e-002
1.310975e+003	-4.920744e-002
1.320985e+003	-3.083667e-002
1.330986e+003	-3.399615e-002
1.341016e+003	-2.641440e-002
1.351015e+003	-3.414230e-002
1.361026e+003	-4.175619e-002
1.371036e+003	-3.565519e-002
1.381036e+003	-2.575362e-002
1.391046e+003	-2.281513e-002
1.401056e+003	-3.214628e-002
1.411056e+003	-2.992487e-002
1.421065e+003	-5.076994e-002
1.431075e+003	-1.816057e-002
1.441075e+003	-3.519061e-002
1.451086e+003	-3.644167e-002
1.461096e+003	-3.585889e-002
1.471086e+003	-3.625626e-002
1.481086e+003	-4.060096e-002
1.491096e+003	-2.875190e-002
1.501098e+003	-4.394988e-002
1.511108e+003	-3.374980e-002
1.521118e+003	-3.243934e-002
1.531100e+003	-4.498839e-002
1.541110e+003	-3.248570e-002
1.551165e+003	-2.676408e-002
1.561141e+003	-4.195660e-002
1.571152e+003	-3.605388e-002
1.581152e+003	-2.613542e-002
1.591143e+003	-2.240634e-002
1.601153e+003	-2.724705e-002
1.611134e+003	-3.979811e-002
1.621189e+003	-2.459967e-002
1.631165e+003	-3.453091e-002
1.641175e+003	-4.069554e-002
1.651185e+003	-2.859767e-002
1.661186e+003	-2.728046e-002
1.671196e+003	-3.529325e-002
1.681206e+003	-4.175948e-002
1.691206e+003	-3.192211e-002
1.701217e+003	-2.752434e-002
1.711237e+003	-2.646146e-002
1.721247e+003	-3.049971e-002
1.731257e+003	-3.616841e-002
1.741247e+003	-4.117586e-002
1.751248e+003	-3.806253e-002
1.761239e+003	-3.169894e-002
1.771248e+003	-4.290065e-002
1.781239e+003	-3.966021e-002
1.791238e+003	-3.516441e-002
1.801250e+003	-3.345012e-002
1.811250e+003	-4.085684e-002
1.821260e+003	-3.355037e-002
1.831251e+003	-3.878893e-002
1.841270e+003	-1.789683e-002
1.851282e+003	-5.843595e-002
1.861292e+003	-2.106489e-002
1.871292e+003	-4.942097e-002
1.881301e+003	-4.185120e-002
1.891311e+003	-3.647045e-002
1.901312e+003	-5.697936e-002
1.911322e+003	-3.974361e-002
1.921322e+003	-3.400653e-002
1.931333e+003	-4.497038e-002
1.941368e+003	-2.964035e-002
1.951333e+003	-2.919874e-002
1.961334e+003	-2.875212e-002
1.971344e+003	-5.074169e-002
1.981335e+003	-3.535504e-002
1.991336e+003	-3.286473e-002
2.001326e+003	-2.746909e-002
2.011336e+003	-4.068545e-002
2.021336e+003	-4.009455e-002
2.031346e+003	-2.533113e-002
2.041357e+003	-3.948999e-002
2.051357e+003	-2.581929e-002
2.061367e+003	-3.263236e-002
2.071377e+003	-2.945806e-002
2.081378e+003	-3.416781e-002
2.091370e+003	-3.244940e-002
2.101371e+003	-4.054897e-002
2.111427e+003	-2.946401e-002
2.121401e+003	-4.462888e-002
2.131412e+003	-2.511258e-002
2.141421e+003	-4.604069e-002
2.151421e+003	-4.141588e-002
2.161431e+003	-5.472093e-002
2.171422e+003	-4.713138e-002
2.181432e+003	-2.562842e-002
2.191422e+003	-2.957543e-002
2.201422e+003	-3.548134e-002
2.211433e+003	-3.768728e-002
2.221434e+003	-3.443356e-002
2.231444e+003	-2.473918e-002
2.241454e+003	-3.262522e-002
2.251443e+003	-4.414565e-002
2.261444e+003	-3.037388e-002
2.271435e+003	-2.107478e-002
2.281453e+003	-3.840669e-002
2.291464e+003	-2.190648e-002
2.301474e+003	-4.943657e-002
2.311474e+003	-3.177795e-002
2.321504e+003	-1.747650e-002
2.331505e+003	-3.758715e-002
2.341516e+003	-4.392558e-002
2.351526e+003	-3.998891e-002
2.361516e+003	-3.702907e-002
2.371537e+003	-3.622631e-002
2.381547e+003	-4.661261e-002
2.391546e+003	-5.092135e-002
2.401538e+003	-1.616832e-002
2.411548e+003	-3.598218e-002
2.421538e+003	-4.494569e-002
2.431538e+003	-3.517463e-002
2.441548e+003	-3.495242e-002
2.451549e+003	-3.732887e-002
2.461599e+003	-2.753609e-002
2.471589e+003	-4.010916e-002
2.481589e+003	-3.365185e-002
2.491581e+003	-3.997146e-002
2.501591e+003	-5.522663e-002
2.511591e+003	-3.223403e-002
2.521582e+003	-3.515380e-002
2.531593e+003	-3.158012e-002
2.541593e+003	-4.026476e-002
2.551584e+003	-3.946453e-002
2.561628e+003	-4.735709e-002
2.571615e+003	-3.729863e-002
2.581626e+003	-5.037842e-002
2.591616e+003	-4.390228e-002
2.601616e+003	-4.940541e-002
2.611626e+003	-3.825793e-002
2.621627e+003	-4.259536e-002
2.631637e+003	-4.716132e-002
2.641647e+003	-2.828189e-002
2.651648e+003	-4.744937e-002
2.661658e+003	-4.422911e-002
2.671667e+003	-2.757372e-002
2.681657e+003	-4.323310e-002
2.691657e+003	-3.096442e-002
2.701667e+003	-3.939618e-002
2.711668e+003	-4.135460e-002
2.721678e+003	-3.418007e-002
2.731688e+003	-3.627083e-002
2.741688e+003	-4.255328e-002
2.751718e+003	-4.742199e-002
2.761729e+003	-2.537279e-002
2.771728e+003	-5.132612e-002
2.781737e+003	-4.968697e-002
2.791748e+003	-4.301409e-002
2.801769e+003	-3.078711e-002
2.811779e+003	-3.654706e-002
2.821779e+003	-3.355635e-002
2.831789e+003	-5.020020e-002
2.841789e+003	-4.725037e-002
2.851801e+003	-2.824244e-002
2.861821e+003	-3.243737e-002
2.871831e+003	-5.021404e-002
2.881841e+003	-5.559775e-002
2.891841e+003	-4.315633e-002
2.901851e+003	-3.440437e-002
2.911872e+003	-5.269236e-002
2.921882e+003	-4.443467e-002
2.931892e+003	-4.576004e-002
2.941873e+003	-4.673395e-002
2.951883e+003	-4.152760e-002
2.961874e+003	-3.363890e-002
2.971884e+003	-3.536358e-002
2.981884e+003	-4.590571e-002
2.991894e+003	-3.487355e-002
3.001915e+003	-4.311876e-002
3.011925e+003	-3.726244e-002
3.021935e+003	-3.780348e-002
3.031925e+003	-4.011356e-002
3.041925e+003	-5.260684e-002
3.051935e+003	-4.299391e-002
3.061945e+003	-4.400707e-002
3.071946e+003	-4.030195e-002
3.081956e+003	-3.947876e-002
3.091946e+003	-5.518294e-002
3.101947e+003	-3.819740e-002
3.111938e+003	-4.233352e-002
3.121958e+003	-3.158197e-002
3.131968e+003	-3.567701e-002
3.141978e+003	-3.094678e-002
3.151968e+003	-4.644995e-002
3.161969e+003	-5.537935e-002
3.171979e+003	-5.599720e-002
3.181979e+003	-4.700903e-002
3.191989e+003	-4.142973e-002
3.202001e+003	-4.303388e-002
3.211990e+003	-3.872963e-002
3.221991e+003	-2.911579e-002
3.232001e+003	-6.118788e-002
3.242001e+003	-3.186292e-002
3.252012e+003	-4.536603e-002
3.262022e+003	-4.660221e-002
3.272022e+003	-4.958778e-002
3.282033e+003	-5.559889e-002
3.292043e+003	-4.145895e-002
3.302043e+003	-4.936983e-002
3.312053e+003	-5.159981e-002
3.322063e+003	-4.787577e-002
3.332063e+003	-5.394397e-002
3.342073e+003	-5.338307e-002
3.352083e+003	-4.419760e-002
3.362083e+003	-3.980892e-002
3.372093e+003	-2.836790e-002
3.382103e+003	-4.441639e-002
3.392104e+003	-6.730877e-002
3.402114e+003	-3.796499e-002
3.412115e+003	-5.343232e-002
3.422126e+003	-4.868308e-002
3.432137e+003	-4.985120e-002
3.442157e+003	-3.162043e-002
3.452168e+003	-3.559287e-002
3.462168e+003	-4.201313e-002
3.472178e+003	-5.182401e-002
3.482188e+003	-3.429358e-002
3.492188e+003	-5.160243e-002
3.502180e+003	-4.365710e-002
3.512189e+003	-5.073894e-002
3.522189e+003	-4.359182e-002
3.532180e+003	-4.225375e-002
3.542233e+003	-5.155418e-002
3.552230e+003	-5.248448e-002
3.562240e+003	-4.486592e-002
3.572240e+003	-3.536478e-002
3.582231e+003	-4.462359e-002
3.592251e+003	-3.136528e-002
3.602314e+003	-3.760833e-002
3.612281e+003	-2.233913e-002
3.622312e+003	-4.874931e-002
3.632312e+003	-4.716974e-002
3.642322e+003	-5.041669e-002
3.652332e+003	-5.655100e-002
3.662332e+003	-4.652253e-002
3.672342e+003	-5.558562e-002
3.682385e+003	-6.080046e-002
3.692353e+003	-4.433475e-002
3.702419e+003	-6.019902e-002
3.712392e+003	-4.173460e-002
3.722392e+003	-4.030278e-002
3.732402e+003	-5.040935e-002
3.742412e+003	-4.189377e-002
3.752412e+003	-4.301228e-002
3.762422e+003	-4.595434e-002
3.772432e+003	-3.253799e-002
3.782432e+003	-5.037497e-002
3.792442e+003	-4.031195e-002
3.802442e+003	-4.103040e-002
3.812488e+003	-3.368079e-002
3.822474e+003	-4.756675e-002
3.832505e+003	-5.563127e-002
3.842497e+003	-3.321740e-002
3.852497e+003	-3.424104e-002
3.862507e+003	-3.605056e-002
3.872508e+003	-5.182304e-002
3.882569e+003	-5.058457e-002
3.892539e+003	-5.192871e-002
3.902599e+003	-4.684483e-002
3.912569e+003	-4.105250e-002
3.922626e+003	-4.093241e-002
3.932600e+003	-4.959365e-002
3.942611e+003	-3.710789e-002
3.952620e+003	-5.458230e-002
3.962620e+003	-4.210760e-002
3.972630e+003	-5.111058e-002
3.982640e+003	-4.134882e-002
3.992630e+003	-4.470920e-002
4.002630e+003	-4.822954e-002
4.012621e+003	-5.154791e-002
4.022643e+003	-4.439955e-002
4.032652e+003	-4.538033e-002
4.042673e+003	-3.884159e-002
4.052683e+003	-5.090972e-002
4.062693e+003	-3.856327e-002
4.072683e+003	-4.462844e-002
4.082664e+003	-4.208482e-002
4.092674e+003	-5.063777e-002
4.102684e+003	-4.387908e-002
4.112665e+003	-4.371401e-002
4.122675e+003	-3.967918e-002
4.132685e+003	-6.534177e-002
4.142685e+003	-3.560643e-002
4.152731e+003	-6.290645e-002
4.162686e+003	-4.911680e-002
4.172706e+003	-4.579369e-002
4.182716e+003	-5.702658e-002
4.192728e+003	-4.442274e-002
4.202728e+003	-4.439559e-002
4.212737e+003	-3.918114e-002
4.222747e+003	-4.188445e-002
4.232747e+003	-4.760551e-002
4.242739e+003	-5.001495e-002
4.252748e+003	-5.885061e-002
4.262730e+003	-4.435682e-002
4.272740e+003	-3.643712e-002
4.282750e+003	-4.580233e-002
4.292750e+003	-5.737679e-002
4.302760e+003	-3.392661e-002
4.312751e+003	-4.774655e-002
4.322752e+003	-6.527854e-002
4.332762e+003	-4.903644e-002
4.342772e+003	-5.712505e-002
4.352772e+003	-4.837937e-002
4.362782e+003	-5.189492e-002
4.372792e+003	-3.514004e-002
4.382791e+003	-5.406786e-002
4.392846e+003	-5.405653e-002
4.402831e+003	-5.152461e-002
4.412831e+003	-4.904375e-002
4.422822e+003	-3.969528e-002
4.432832e+003	-4.779751e-002
4.442822e+003	-4.900754e-002
4.452822e+003	-5.948401e-002
4.462858e+003	-4.540903e-002
4.472824e+003	-3.092785e-002
4.482826e+003	-4.780537e-002
4.492836e+003	-5.806244e-002
4.502817e+003	-3.937595e-002
4.512827e+003	-4.049188e-002
4.522818e+003	-3.514608e-002
4.532855e+003	-3.371831e-002
4.542848e+003	-4.264493e-002
4.552858e+003	-4.287875e-002
4.562839e+003	-6.145817e-002
4.572849e+003	-4.199679e-002
4.582859e+003	-4.578063e-002
4.592859e+003	-4.583371e-002
4.602868e+003	-2.870948e-002
4.612879e+003	-2.902063e-002
4.622880e+003	-2.229575e-002
4.632889e+003	-2.254467e-003
4.642899e+003	-1.586078e-002
4.652900e+003	-1.445444e-002
4.662911e+003	-8.392270e-004
4.672921e+003	-2.619722e-002
4.682903e+003	-1.856683e-002
4.692913e+003	-3.206161e-002
4.702934e+003	-2.701242e-002
4.712945e+003	-2.910084e-002
4.722955e+003	-4.115691e-002
4.732955e+003	-6.909021e-003
4.742947e+003	-2.770023e-002
4.752948e+003	-3.308652e-002
4.762979e+003	-2.801982e-002
4.772979e+003	-2.642605e-002
4.782988e+003	-3.682600e-002
4.792998e+003	-3.914803e-002
4.802998e+003	-4.442776e-002
4.813009e+003	-2.409153e-002
4.823019e+003	-2.366760e-002
4.833019e+003	-3.875681e-002
4.843029e+003	-1.368309e-002
4.853039e+003	-2.999854e-003
4.863029e+003	-1.088445e-002
4.873029e+003	-1.492328e-002
4.883039e+003	8.499987e-004
4.893049e+003	-2.216521e-003
4.903050e+003	-1.437201e-002
4.913060e+003	1.097862e-002
4.923061e+003	2.170873e-002
4.933072e+003	1.521098e-002
4.943092e+003	1.519974e-003
4.953102e+003	1.118088e-002
4.963112e+003	1.648496e-002
4.973103e+003	2.028900e-002
4.983103e+003	1.346329e-002
4.993094e+003	9.428745e-003
5.003096e+003	1.049334e-002
5.013107e+003	8.971332e-003
5.023127e+003	6.074971e-003
5.033137e+003	2.454618e-002
5.043147e+003	2.213069e-002
5.053147e+003	2.597961e-002
5.063158e+003	1.672232e-002
5.073178e+003	1.847503e-002
5.083189e+003	1.559859e-002
5.093199e+003	1.981077e-002
5.103189e+003	6.658767e-003
5.113189e+003	1.510764e-002
5.123181e+003	4.913527e-003
5.133201e+003	-9.604486e-004
5.143211e+003	-3.351855e-003
5.153232e+003	1.180009e-002
5.163244e+003	-2.782303e-003
5.173244e+003	2.672556e-003
5.183254e+003	-5.845799e-003
5.193263e+003	-6.757550e-003
5.203263e+003	-6.218327e-003
5.213274e+003	-1.459115e-002
5.223284e+003	-6.257524e-003
5.233274e+003	-9.735472e-003
5.243274e+003	-9.222717e-003
5.253284e+003	-1.488552e-002
5.263285e+003	-3.178006e-002
5.273295e+003	-1.810481e-002
5.283305e+003	-2.315414e-002
5.293305e+003	-2.944638e-002
5.303360e+003	-2.193298e-002
5.313327e+003	-2.493585e-002
5.323327e+003	-1.405657e-002
5.333337e+003	-4.021134e-002
5.343347e+003	-3.139831e-002
5.353348e+003	-1.984960e-002
5.363360e+003	-2.382199e-002
5.373360e+003	-3.988948e-002
5.383370e+003	-2.493664e-002
5.393380e+003	-2.500185e-002
5.403380e+003	-3.427834e-002
5.413390e+003	-2.693094e-002
5.423391e+003	-3.099538e-002
5.433421e+003	-1.919994e-002
5.443431e+003	-3.483725e-002
5.453431e+003	-3.028051e-002
5.463442e+003	-3.820376e-002
5.473442e+003	-2.622967e-002
5.483496e+003	-3.398713e-002
5.493483e+003	-3.210822e-002
5.503503e+003	-3.692152e-002
5.513514e+003	-3.164624e-002
5.523570e+003	-2.710352e-002
5.533536e+003	-4.417408e-002
5.543549e+003	-3.314303e-002
5.553558e+003	-3.991888e-002
5.563558e+003	-3.233108e-002
5.573567e+003	-6.110468e-002
5.583578e+003	-3.232566e-002
5.593615e+003	-2.553718e-002
5.603608e+003	-4.135563e-002
5.613608e+003	-3.829522e-002
5.623600e+003	-5.374337e-002
5.633610e+003	-3.531750e-002
5.643610e+003	-3.860334e-002
5.653620e+003	-3.436334e-002
5.663630e+003	-2.636450e-002
5.673630e+003	-4.136228e-002
5.683621e+003	-4.089708e-002
5.693641e+003	-4.636570e-002
5.703652e+003	-3.239831e-002
5.713663e+003	-2.734054e-002
5.723663e+003	-2.131191e-002
5.733654e+003	-4.233172e-002
5.743665e+003	-3.697815e-002
5.753665e+003	-2.666562e-002
5.763675e+003	-2.528641e-002
5.773685e+003	-3.678271e-002
5.783685e+003	-5.152610e-002
5.793676e+003	-3.674560e-002
5.803696e+003	-3.832024e-002
5.813707e+003	-4.518020e-002
5.823728e+003	-4.124951e-002
5.833779e+003	-3.878700e-002
5.843757e+003	-6.619299e-002
5.853767e+003	-4.224798e-002
5.863777e+003	-4.271941e-002
5.873777e+003	-5.829492e-002
5.883787e+003	-4.857002e-002
5.893779e+003	-4.869931e-002
5.903831e+003	-5.625363e-002
5.913810e+003	-4.495229e-002
5.923829e+003	-5.575405e-002
5.933840e+003	-6.063951e-002
5.943842e+003	-6.664260e-002
5.953852e+003	-5.208711e-002
5.963862e+003	-6.877806e-002
5.973862e+003	-5.091660e-002
5.983872e+003	-6.624181e-002
5.993882e+003	-8.645535e-002
6.003883e+003	-6.391108e-002
6.013892e+003	-6.436843e-002
6.023902e+003	-6.086392e-002
6.033892e+003	-7.074983e-002
6.043892e+003	-6.410125e-002
6.053902e+003	-6.198315e-002
6.063912e+003	-7.959431e-002
6.073912e+003	-7.247172e-002
6.083922e+003	-6.655061e-002
6.093931e+003	-7.299619e-002
6.103932e+003	-7.601247e-002
6.113942e+003	-6.101600e-002
6.123952e+003	-7.538150e-002
6.133952e+003	-8.613289e-002
6.143942e+003	-6.208786e-002
6.153953e+003	-6.625220e-002
6.163943e+003	-7.763021e-002
6.173943e+003	-6.961896e-002
6.183953e+003	-7.543887e-002
6.193963e+003	-9.126434e-002
6.203984e+003	-7.964787e-002
6.213994e+003	-8.098033e-002
6.223994e+003	-9.714508e-002
6.233985e+003	-7.450140e-002
6.244005e+003	-7.937544e-002
6.254035e+003	-9.496779e-002
6.264035e+003	-7.788315e-002
6.274045e+003	-9.275519e-002
6.284055e+003	-9.835209e-002
6.294047e+003	-9.113235e-002
6.304047e+003	-9.366019e-002
6.314058e+003	-7.385542e-002
6.324057e+003	-9.735345e-002
6.334106e+003	-1.026966e-001
6.344090e+003	-8.839316e-002
6.354153e+003	-1.003461e-001
6.364120e+003	-1.153864e-001
6.374168e+003	-1.024572e-001
6.384152e+003	-1.139855e-001
6.394162e+003	-1.222653e-001
6.404183e+003	-1.101389e-001
6.414193e+003	-1.125856e-001
6.424203e+003	-1.058855e-001
6.434203e+003	-1.018364e-001
6.444212e+003	-1.068341e-001
6.454222e+003	-1.223560e-001
6.464203e+003	-1.045810e-001
6.474213e+003	-1.001584e-001
6.484204e+003	-1.046008e-001
6.494241e+003	-1.181460e-001
6.504234e+003	-1.135812e-001
6.514244e+003	-1.254895e-001
6.524234e+003	-1.225829e-001
6.534234e+003	-1.328393e-001
6.544244e+003	-1.325333e-001
6.554245e+003	-1.171297e-001
6.564255e+003	-1.193394e-001
6.574265e+003	-1.280302e-001
6.584265e+003	-1.285904e-001
6.594277e+003	-1.067103e-001
6.604287e+003	-1.176456e-001
6.614287e+003	-9.499022e-002
6.624278e+003	-1.128832e-001
6.634331e+003	-1.127968e-001
6.644309e+003	-1.286583e-001
6.654319e+003	-1.123209e-001
6.664300e+003	-1.211131e-001
6.674310e+003	-1.115365e-001
6.684301e+003	-1.211607e-001
6.694321e+003	-1.309890e-001
6.704331e+003	-1.191786e-001
6.714341e+003	-1.426139e-001
6.724341e+003	-1.120400e-001
6.734351e+003	-1.202517e-001
6.744363e+003	-1.286833e-001
6.754362e+003	-1.375727e-001
6.764373e+003	-1.282643e-001
6.774374e+003	-1.338603e-001
6.784384e+003	-1.240484e-001
6.794394e+003	-1.150134e-001
6.804394e+003	-1.360789e-001
6.814424e+003	-1.344248e-001
6.824425e+003	-1.311360e-001
6.834455e+003	-1.261419e-001
6.844465e+003	-1.287696e-001
6.854486e+003	-1.392798e-001
6.864530e+003	-1.319681e-001
6.874516e+003	-1.410902e-001
6.884526e+003	-1.465393e-001
6.894526e+003	-1.454747e-001
6.904536e+003	-1.459987e-001
6.914537e+003	-1.332971e-001
6.924602e+003	-1.593773e-001
6.934567e+003	-1.396401e-001
6.944599e+003	-1.444711e-001
6.954599e+003	-1.608021e-001
6.964608e+003	-1.567977e-001
6.974618e+003	-1.397831e-001
6.984618e+003	-1.477224e-001
6.994628e+003	-1.626772e-001
7.004639e+003	-1.488208e-001
7.014639e+003	-1.610212e-001
7.024649e+003	-1.582449e-001
7.034659e+003	-1.689911e-001
7.044640e+003	-1.458282e-001
7.054650e+003	-1.699275e-001
7.064660e+003	-1.592725e-001
7.074661e+003	-1.563830e-001
7.084690e+003	-1.460262e-001
7.094700e+003	-1.730665e-001
7.104701e+003	-1.725667e-001
7.114710e+003	-1.683230e-001
7.124720e+003	-1.804726e-001
7.134723e+003	-1.564229e-001
7.144724e+003	-1.561833e-001
7.154780e+003	-1.468913e-001
7.164764e+003	-1.490397e-001
7.174764e+003	-1.517356e-001
7.184775e+003	-1.698150e-001
7.194776e+003	-1.677211e-001
7.204826e+003	-1.672010e-001
7.214816e+003	-1.629789e-001
7.224816e+003	-1.583540e-001
7.234826e+003	-1.625942e-001
7.244836e+003	-1.536668e-001
7.254836e+003	-1.652324e-001
7.264846e+003	-1.509599e-001
7.274847e+003	-1.550578e-001
7.284877e+003	-1.407313e-001
7.294877e+003	-1.615979e-001
7.304886e+003	-1.534666e-001
7.314896e+003	-1.561836e-001
7.324896e+003	-1.522988e-001
7.334906e+003	-1.489037e-001
7.344897e+003	-1.672668e-001
7.354917e+003	-1.481023e-001
7.364927e+003	-1.409650e-001
7.374948e+003	-1.484195e-001
7.384958e+003	-1.548316e-001
7.394968e+003	-1.622263e-001
7.404958e+003	-1.432993e-001
7.414958e+003	-1.711253e-001
7.424968e+003	-1.567367e-001
7.434978e+003	-1.656101e-001
7.444978e+003	-1.475428e-001
7.454989e+003	-1.669900e-001
7.464998e+003	-1.680424e-001
7.474998e+003	-1.628189e-001
7.485008e+003	-1.482793e-001
7.495018e+003	-1.661307e-001
7.505018e+003	-1.751721e-001
7.515028e+003	-1.865502e-001
7.525064e+003	-1.672924e-001
7.535038e+003	-1.860546e-001
7.545048e+003	-1.714622e-001
7.555048e+003	-1.819275e-001
7.565058e+003	-1.614228e-001
7.575068e+003	-1.828856e-001
7.585068e+003	-1.825984e-001
7.595099e+003	-1.679074e-001
7.605100e+003	-1.786357e-001
7.615109e+003	-1.735068e-001
7.625101e+003	-1.922464e-001
7.635121e+003	-1.710416e-001
7.645131e+003	-1.745388e-001
7.655141e+003	-1.777731e-001
7.665141e+003	-1.805973e-001
7.675151e+003	-1.737666e-001
7.685162e+003	-1.826766e-001
7.695163e+003	-1.894214e-001
7.705155e+003	-1.866298e-001
7.715154e+003	-1.920316e-001
7.725186e+003	-1.826476e-001
7.735185e+003	-1.869887e-001
7.745195e+003	-1.857115e-001
7.755186e+003	-1.862142e-001
7.765206e+003	-1.962576e-001
7.775216e+003	-1.829733e-001
7.785226e+003	-1.810913e-001
7.795227e+003	-1.916713e-001
7.805236e+003	-1.893172e-001
7.815246e+003	-2.033235e-001
7.825236e+003	-1.810966e-001
7.835236e+003	-1.988066e-001
7.845246e+003	-1.913124e-001
7.855256e+003	-1.959547e-001
7.865256e+003	-1.960354e-001
7.875266e+003	-2.060643e-001
7.885276e+003	-2.008463e-001
7.895297e+003	-1.944998e-001
7.905307e+003	-2.035607e-001
7.915307e+003	-2.151396e-001
7.925298e+003	-1.953726e-001
7.935308e+003	-2.225076e-001
7.945298e+003	-2.102840e-001
7.955298e+003	-2.045126e-001
7.965308e+003	-2.073644e-001
7.975319e+003	-2.149194e-001
7.985318e+003	-2.110354e-001
7.995329e+003	-2.000033e-001
8.005329e+003	-2.076361e-001
8.015393e+003	-2.050656e-001
8.025369e+003	-1.955167e-001
8.035369e+003	-2.046636e-001
8.045379e+003	-2.179449e-001
8.055379e+003	-1.998529e-001
8.065390e+003	-2.220912e-001
8.075380e+003	-2.051824e-001
8.085401e+003	-2.188827e-001
8.095412e+003	-2.132632e-001
8.105432e+003	-2.086286e-001
8.115442e+003	-2.213511e-001
8.125452e+003	-2.161937e-001
8.135452e+003	-2.220205e-001
8.145462e+003	-2.146601e-001
8.155464e+003	-2.216290e-001
8.165474e+003	-2.206193e-001
8.175465e+003	-2.085818e-001
8.185484e+003	-2.006464e-001
8.195494e+003	-2.044018e-001
8.205515e+003	-2.348952e-001
8.215555e+003	-2.156219e-001
8.225535e+003	-2.287546e-001
8.235535e+003	-2.178649e-001
8.245547e+003	-2.207672e-001
8.255556e+003	-2.190387e-001
8.265556e+003	-2.250269e-001
8.275566e+003	-2.183089e-001
8.285576e+003	-2.207221e-001
8.295576e+003	-2.242628e-001
8.305567e+003	-2.253419e-001
8.315577e+003	-2.257282e-001
8.325567e+003	-2.485466e-001
8.335567e+003	-2.243297e-001
8.345577e+003	-2.341964e-001
8.355587e+003	-2.347003e-001
8.365587e+003	-2.576467e-001
8.375600e+003	-2.374017e-001
8.385600e+003	-2.483419e-001
8.395610e+003	-2.431186e-001
8.405620e+003	-2.373718e-001
8.415620e+003	-2.516888e-001
8.425611e+003	-2.471729e-001
8.435621e+003	-2.266411e-001
8.445611e+003	-2.391957e-001
8.455612e+003	-2.404627e-001
8.465622e+003	-2.402118e-001
8.475622e+003	-2.559985e-001
8.485632e+003	-2.515888e-001
8.495624e+003	-2.320412e-001
8.505625e+003	-2.360303e-001
8.515656e+003	-2.586172e-001
8.525656e+003	-2.444634e-001
8.535667e+003	-2.525764e-001
8.545677e+003	-2.675846e-001
8.555658e+003	-2.737135e-001
8.565667e+003	-2.493342e-001
8.575659e+003	-2.493725e-001
8.585670e+003	-2.500563e-001
8.595670e+003	-2.491506e-001
8.605661e+003	-2.618015e-001
8.615671e+003	-2.563057e-001
8.625671e+003	-2.534740e-001
8.635681e+003	-2.649597e-001
8.645682e+003	-2.710163e-001
8.655693e+003	-2.795066e-001
8.665727e+003	-2.622264e-001
8.675704e+003	-2.768168e-001
8.685696e+003	-2.585340e-001
8.695697e+003	-2.592225e-001
8.705707e+003	-2.757131e-001
8.715717e+003	-2.592845e-001
8.725717e+003	-2.606992e-001
8.735747e+003	-2.551792e-001
8.745739e+003	-2.601028e-001
8.755739e+003	-2.566155e-001
8.765749e+003	-2.675092e-001
8.775758e+003	-2.760349e-001
8.785759e+003	-2.733820e-001
8.795750e+003	-2.692117e-001
8.805760e+003	-2.566686e-001
8.815750e+003	-2.754420e-001
8.825750e+003	-2.856691e-001
8.835761e+003	-2.696110e-001
8.845770e+003	-2.917331e-001
8.855770e+003	-2.993497e-001
8.865780e+003	-2.853391e-001
8.875781e+003	-2.847416e-001
8.885811e+003	-3.036358e-001
8.895822e+003	-2.944375e-001
8.905842e+003	-2.909299e-001
8.915852e+003	-2.726187e-001
8.925853e+003	-2.926985e-001
8.935863e+003	-2.836274e-001
8.945864e+003	-2.758507e-001
8.955875e+003	-2.961375e-001
8.965895e+003	-3.122742e-001
8.975906e+003	-2.733464e-001
8.985925e+003	-2.851974e-001
8.995956e+003	-2.968886e-001
9.005957e+003	-2.858591e-001
9.015987e+003	-2.968349e-001
9.025987e+003	-3.049097e-001
9.035998e+003	-2.781163e-001
9.046007e+003	-2.951965e-001
9.056006e+003	-3.020760e-001
9.066018e+003	-2.982610e-001
9.076037e+003	-2.851774e-001
9.086048e+003	-3.050434e-001
9.096057e+003	-2.927967e-001
9.106040e+003	-2.964440e-001
9.116049e+003	-2.986737e-001
9.126052e+003	-2.953543e-001
9.136062e+003	-2.896865e-001
9.146072e+003	-3.009122e-001
9.156073e+003	-2.946812e-001
9.166083e+003	-2.849782e-001
9.176093e+003	-3.181404e-001
9.186074e+003	-3.004108e-001
9.196084e+003	-2.962931e-001
9.206093e+003	-2.890115e-001
9.216094e+003	-3.035671e-001
9.226104e+003	-3.270110e-001
9.236114e+003	-3.213863e-001
9.246114e+003	-3.123300e-001
9.256124e+003	-3.113616e-001
9.266134e+003	-3.042949e-001
9.276134e+003	-3.115624e-001
9.286145e+003	-3.035150e-001
9.296155e+003	-3.232855e-001
9.306145e+003	-3.227747e-001
9.316145e+003	-3.203546e-001
9.326155e+003	-3.230892e-001
9.336157e+003	-3.278220e-001
9.346186e+003	-3.161146e-001
9.356196e+003	-3.419594e-001
9.366197e+003	-3.229778e-001
9.376189e+003	-3.254632e-001
9.386199e+003	-3.315141e-001
9.396199e+003	-3.261558e-001
9.406210e+003	-3.266310e-001
9.416210e+003	-3.269809e-001
9.426221e+003	-3.381589e-001
9.436231e+003	-3.337954e-001
9.446221e+003	-3.276070e-001
9.456222e+003	-3.306133e-001
9.466232e+003	-3.337558e-001
9.476231e+003	-3.452258e-001
9.486242e+003	-3.388099e-001
9.496252e+003	-3.358078e-001
9.506242e+003	-3.366774e-001
9.516242e+003	-3.268988e-001
9.526233e+003	-3.252355e-001
9.536243e+003	-3.427117e-001
9.546243e+003	-3.418659e-001
9.556253e+003	-3.391484e-001
9.566264e+003	-3.486898e-001
9.576266e+003	-3.365695e-001
9.586276e+003	-3.388512e-001
9.596276e+003	-3.444054e-001
9.606286e+003	-3.474485e-001
9.616296e+003	-3.421055e-001
9.626286e+003	-3.524624e-001
9.636286e+003	-3.411940e-001
9.646296e+003	-3.634015e-001
9.656306e+003	-3.513586e-001
9.666306e+003	-3.367467e-001
9.676351e+003	-3.439252e-001
9.686326e+003	-3.383921e-001
9.696383e+003	-3.449875e-001
9.706357e+003	-3.643498e-001
9.716359e+003	-3.527753e-001
9.726369e+003	-3.647989e-001
9.736359e+003	-3.452643e-001
9.746360e+003	-3.631684e-001
9.756370e+003	-3.582253e-001
9.766370e+003	-3.602626e-001
9.776407e+003	-3.703102e-001
9.786402e+003	-3.771160e-001
9.796454e+003	-3.713084e-001
9.806442e+003	-3.743435e-001
9.816445e+003	-3.869065e-001
9.826446e+003	-3.709669e-001
9.836487e+003	-3.776526e-001
9.846466e+003	-3.758385e-001
9.856457e+003	-3.787570e-001
9.866458e+003	-3.746603e-001
9.876449e+003	-3.680467e-001
9.886452e+003	-3.521464e-001
9.896462e+003	-3.745871e-001
9.906482e+003	-3.785479e-001
9.916511e+003	-3.810704e-001
9.926493e+003	-3.788359e-001
9.936543e+003	-3.913245e-001
9.946524e+003	-3.830745e-001
9.956534e+003	-3.740118e-001
9.966544e+003	-3.767267e-001
9.976544e+003	-3.874315e-001
9.986554e+003	-3.868323e-001
9.996564e+003	-3.891260e-001
1.000656e+004	-4.015314e-001
1.001657e+004	-3.828255e-001
1.002658e+004	-3.935603e-001
1.003658e+004	-4.034528e-001
1.004665e+004	-3.997234e-001
1.005662e+004	-4.079396e-001
1.006662e+004	-4.044135e-001
1.007663e+004	-4.113482e-001
1.008664e+004	-4.086186e-001
1.009664e+004	-4.169031e-001
1.010665e+004	-4.095488e-001
1.011665e+004	-4.088061e-001
1.012665e+004	-4.141084e-001
1.013666e+004	-4.177531e-001
1.014667e+004	-4.085969e-001
1.015667e+004	-4.236216e-001
1.016668e+004	-4.115690e-001
1.017668e+004	-4.204755e-001
1.018671e+004	-4.211339e-001
1.019672e+004	-4.321111e-001
1.020672e+004	-4.069140e-001
1.021671e+004	-4.181009e-001
1.022672e+004	-4.364012e-001
1.023674e+004	-4.314909e-001
1.024675e+004	-4.196828e-001
1.025675e+004	-4.343353e-001
1.026674e+004	-4.212226e-001
1.027676e+004	-4.332835e-001
1.028677e+004	-4.349173e-001
1.029679e+004	-4.393346e-001
1.030683e+004	-4.369174e-001
1.031682e+004	-4.370009e-001
1.032686e+004	-4.388708e-001
1.033685e+004	-4.372738e-001
1.034687e+004	-4.455995e-001
1.035689e+004	-4.363637e-001
1.036690e+004	-4.490829e-001
1.037691e+004	-4.349740e-001
1.038689e+004	-4.431430e-001
1.039690e+004	-4.464958e-001
1.040692e+004	-4.290465e-001
1.041693e+004	-4.340849e-001
1.042693e+004	-4.554573e-001
1.043698e+004	-4.426051e-001
1.044696e+004	-4.542758e-001
1.045697e+004	-4.802363e-001
1.046698e+004	-4.531526e-001
1.047698e+004	-4.417245e-001
1.048699e+004	-4.467531e-001
1.049698e+004	-4.441445e-001
1.050700e+004	-4.535431e-001
1.051701e+004	-4.465271e-001
1.052703e+004	-4.386907e-001
1.053704e+004	-4.575712e-001
1.054705e+004	-4.520766e-001
1.055706e+004	-4.600926e-001
1.056705e+004	-4.450003e-001
1.057707e+004	-4.570890e-001
1.058708e+004	-4.547554e-001
1.059709e+004	-4.587371e-001
1.060709e+004	-4.481120e-001
1.061710e+004	-4.621968e-001
1.062711e+004	-4.682149e-001
1.063710e+004	-4.764296e-001
1.064710e+004	-4.595969e-001
1.065711e+004	-4.572086e-001
1.066712e+004	-4.662452e-001
1.067712e+004	-4.758109e-001
1.068713e+004	-4.761473e-001
1.069711e+004	-4.561639e-001
1.070712e+004	-4.664930e-001
1.071713e+004	-4.705512e-001
1.072713e+004	-4.703354e-001
1.073714e+004	-4.641906e-001
1.074714e+004	-4.621478e-001
1.075715e+004	-4.624897e-001
1.076716e+004	-4.757221e-001
1.077716e+004	-4.806589e-001
1.078717e+004	-4.818245e-001
1.079718e+004	-4.723452e-001
1.080718e+004	-4.651802e-001
1.081719e+004	-4.718347e-001
1.082720e+004	-4.700991e-001
1.083719e+004	-4.822189e-001
1.084719e+004	-4.785429e-001
1.085720e+004	-4.816502e-001
1.086721e+004	-4.698949e-001
1.087721e+004	-4.687455e-001
1.088722e+004	-4.903363e-001
1.089726e+004	-4.755004e-001
1.090723e+004	-4.871417e-001
1.091723e+004	-4.734923e-001
1.092723e+004	-4.739891e-001
1.093723e+004	-4.676299e-001
1.094723e+004	-4.888240e-001
1.095724e+004	-4.978313e-001
1.096724e+004	-4.813082e-001
1.097729e+004	-4.794973e-001
1.098727e+004	-4.932423e-001
1.099733e+004	-4.972259e-001
1.100731e+004	-4.781335e-001
1.101733e+004	-5.008954e-001
1.102734e+004	-5.035822e-001
1.103734e+004	-4.817613e-001
1.104735e+004	-4.849875e-001
1.105735e+004	-4.884634e-001
1.106738e+004	-4.916063e-001
1.107738e+004	-4.880089e-001
1.108739e+004	-4.958222e-001
1.109744e+004	-4.975831e-001
1.110742e+004	-4.958016e-001
1.111747e+004	-4.775968e-001
1.112745e+004	-5.006453e-001
1.113750e+004	-4.958495e-001
1.114748e+004	-4.838602e-001
1.115754e+004	-5.009327e-001
1.116751e+004	-4.887093e-001
1.117752e+004	-4.954283e-001
1.118758e+004	-5.021116e-001
1.119755e+004	-4.978326e-001
1.120756e+004	-4.850244e-001
1.121757e+004	-5.136055e-001
1.122757e+004	-5.078904e-001
1.123758e+004	-4.837468e-001
1.124759e+004	-5.036026e-001
1.125759e+004	-5.087216e-001
1.126763e+004	-5.019403e-001
1.127761e+004	-5.015072e-001
1.128760e+004	-4.870773e-001
1.129760e+004	-4.928858e-001
1.130761e+004	-4.958942e-001
1.131762e+004	-4.997735e-001
1.132762e+004	-5.002010e-001
1.133761e+004	-4.915326e-001
1.134762e+004	-5.171083e-001
1.135762e+004	-5.236304e-001
1.136763e+004	-4.929546e-001
1.137764e+004	-5.157716e-001
1.138764e+004	-5.040818e-001
1.139765e+004	-5.088893e-001
1.140765e+004	-5.128538e-001
1.141766e+004	-5.122012e-001
1.142767e+004	-4.853031e-001
1.143765e+004	-5.092246e-001
1.144766e+004	-4.860757e-001
1.145767e+004	-5.109960e-001
1.146767e+004	-5.041556e-001
1.147773e+004	-5.093371e-001
1.148768e+004	-5.115050e-001
1.149770e+004	-5.162834e-001
1.150769e+004	-5.073868e-001
1.151769e+004	-5.201989e-001
1.152770e+004	-5.084572e-001
1.153771e+004	-5.186960e-001
1.154771e+004	-5.108170e-001
1.155772e+004	-5.122053e-001
1.156774e+004	-5.000291e-001
1.157775e+004	-5.100409e-001
1.158777e+004	-5.131731e-001
1.159778e+004	-5.069032e-001
1.160783e+004	-5.048766e-001
1.161781e+004	-5.119578e-001
1.162782e+004	-5.106422e-001
1.163781e+004	-5.246001e-001
1.164781e+004	-5.118340e-001
1.165780e+004	-5.206398e-001
1.166782e+004	-5.167881e-001
1.167783e+004	-5.020804e-001
1.168784e+004	-5.154438e-001
1.169784e+004	-5.085032e-001
1.170783e+004	-4.960753e-001
1.171784e+004	-5.117601e-001
1.172783e+004	-5.077531e-001
1.173789e+004	-4.983996e-001
1.174786e+004	-4.997293e-001
1.175787e+004	-5.115512e-001
1.176792e+004	-5.318970e-001
1.177790e+004	-5.019016e-001
1.178792e+004	-5.118092e-001
1.179796e+004	-5.031354e-001
1.180795e+004	-5.123282e-001
1.181796e+004	-5.202007e-001
1.182797e+004	-5.207087e-001
1.183795e+004	-5.181911e-001
1.184796e+004	-5.095278e-001
1.185798e+004	-5.108059e-001
1.186799e+004	-5.258622e-001
1.187800e+004	-5.142615e-001
1.188800e+004	-5.112503e-001
1.189801e+004	-5.263719e-001
1.190802e+004	-5.121949e-001
1.191800e+004	-5.139116e-001
1.192801e+004	-4.982339e-001
1.193800e+004	-5.087347e-001
1.194803e+004	-5.163995e-001
1.195804e+004	-5.062091e-001
1.196806e+004	-5.055137e-001
1.197809e+004	-4.999541e-001
1.198809e+004	-5.094308e-001
1.199810e+004	-5.077177e-001
1.200811e+004	-5.000354e-001
1.201811e+004	-4.985632e-001
1.202810e+004	-5.224585e-001
1.203812e+004	-5.148976e-001
1.204816e+004	-5.067405e-001
1.205814e+004	-5.078982e-001
1.206812e+004	-5.160458e-001
1.207813e+004	-5.242522e-001
1.208814e+004	-5.001906e-001
1.209814e+004	-5.217013e-001
1.210815e+004	-5.023250e-001
1.211814e+004	-5.169874e-001
1.212815e+004	-5.106660e-001
1.213815e+004	-5.224311e-001
1.214816e+004	-5.140103e-001
1.215817e+004	-5.002657e-001
1.216818e+004	-4.914162e-001
1.217818e+004	-5.144840e-001
1.218819e+004	-5.008061e-001
1.219820e+004	-5.042425e-001
1.220820e+004	-5.116623e-001
1.221821e+004	-5.007864e-001
1.222823e+004	-5.156374e-001
1.223824e+004	-5.035359e-001
1.224825e+004	-5.022584e-001
1.225824e+004	-5.288510e-001
1.226824e+004	-5.069160e-001
1.227825e+004	-4.878118e-001
1.228825e+004	-4.975557e-001
1.229826e+004	-5.021640e-001
1.230827e+004	-5.002140e-001
1.231827e+004	-4.956342e-001
1.232828e+004	-5.138213e-001
1.233829e+004	-5.227957e-001
1.234829e+004	-5.016007e-001
1.235830e+004	-5.149002e-001
1.236830e+004	-5.048322e-001
1.237831e+004	-5.050065e-001
1.238832e+004	-5.004887e-001
1.239832e+004	-5.068332e-001
1.240832e+004	-5.031064e-001
1.241831e+004	-5.017711e-001
1.242833e+004	-5.100616e-001
1.243834e+004	-5.138350e-001
1.244835e+004	-5.025891e-001
1.245835e+004	-5.171144e-001
1.246836e+004	-5.156861e-001
1.247836e+004	-4.988847e-001
1.248837e+004	-5.098811e-001
1.249838e+004	-5.246152e-001
1.250836e+004	-5.237507e-001
1.251837e+004	-5.062138e-001
1.252838e+004	-5.114775e-001
1.253838e+004	-5.005371e-001
1.254839e+004	-5.071287e-001
1.255840e+004	-5.038322e-001
1.256838e+004	-5.131081e-001
1.257839e+004	-5.067621e-001
1.258840e+004	-5.079091e-001
1.259840e+004	-5.252534e-001
1.260841e+004	-5.190408e-001
1.261842e+004	-5.126541e-001
1.262842e+004	-5.076338e-001
1.263843e+004	-4.952487e-001
1.264845e+004	-5.244039e-001
1.265846e+004	-5.032909e-001
1.266849e+004	-5.226231e-001
1.267850e+004	-5.172651e-001
1.268850e+004	-5.052664e-001
1.269850e+004	-5.156525e-001
1.270849e+004	-4.973590e-001
1.271850e+004	-5.091223e-001
1.272851e+004	-4.972973e-001
1.273852e+004	-4.950756e-001
1.274853e+004	-5.124757e-001
1.275852e+004	-5.111588e-001
1.276852e+004	-5.115788e-001
1.277853e+004	-5.105283e-001
1.278853e+004	-4.875404e-001
1.279857e+004	-5.058190e-001
1.280855e+004	-5.013334e-001
1.281855e+004	-5.045898e-001
1.282856e+004	-5.189346e-001
1.283857e+004	-5.041918e-001
1.284857e+004	-5.229162e-001
1.285858e+004	-5.139525e-001
1.286858e+004	-4.989162e-001
1.287859e+004	-5.044076e-001
1.288863e+004	-5.102324e-001
1.289861e+004	-4.983676e-001
1.290861e+004	-5.065990e-001
1.291862e+004	-5.153427e-001
1.292863e+004	-5.035768e-001
1.293865e+004	-5.035936e-001
1.294866e+004	-5.148360e-001
1.295867e+004	-4.931902e-001
1.296865e+004	-5.053997e-001
1.297866e+004	-5.247040e-001
1.298867e+004	-5.080251e-001
1.299867e+004	-5.054371e-001
1.300868e+004	-4.934938e-001
1.301869e+004	-4.966732e-001
1.302869e+004	-4.992442e-001
1.303870e+004	-4.976854e-001
1.304870e+004	-4.997463e-001
1.305871e+004	-5.161373e-001
1.306870e+004	-4.985763e-001
1.307872e+004	-5.139927e-001
1.308873e+004	-4.829859e-001
1.309874e+004	-4.863828e-001
1.310874e+004	-4.882993e-001
1.311875e+004	-4.838668e-001
1.312876e+004	-5.032781e-001
1.313876e+004	-4.953732e-001
1.314877e+004	-4.886096e-001
1.315877e+004	-5.001575e-001
1.316878e+004	-4.869645e-001
1.317880e+004	-4.970853e-001
1.318880e+004	-5.127183e-001
1.319879e+004	-4.870712e-001
1.320882e+004	-4.951466e-001
1.321882e+004	-4.969162e-001
1.322882e+004	-4.877016e-001
1.323883e+004	-4.896173e-001
1.324882e+004	-4.894232e-001
1.325884e+004	-4.932381e-001
1.326885e+004	-4.853854e-001
1.327887e+004	-4.893459e-001
1.328888e+004	-4.850022e-001
1.329890e+004	-4.935907e-001
1.330892e+004	-4.820299e-001
1.331892e+004	-4.913661e-001
1.332893e+004	-4.703108e-001
1.333893e+004	-4.894623e-001
1.334894e+004	-4.933885e-001
1.335897e+004	-4.811944e-001
1.336893e+004	-4.635073e-001
1.337896e+004	-4.801549e-001
1.338896e+004	-4.763909e-001
1.339897e+004	-4.866142e-001
1.340896e+004	-4.698379e-001
1.341898e+004	-4.688737e-001
1.342903e+004	-4.863035e-001
1.343901e+004	-4.817189e-001
1.344902e+004	-4.760008e-001
1.345901e+004	-4.868622e-001
1.346903e+004	-4.820951e-001
1.347904e+004	-4.829990e-001
1.348905e+004	-4.679688e-001
1.349905e+004	-4.716121e-001
1.350906e+004	-4.796670e-001
1.351907e+004	-4.765530e-001
1.352907e+004	-4.779240e-001
1.353908e+004	-4.807209e-001
1.354908e+004	-4.865176e-001
1.355909e+004	-4.642101e-001
1.356910e+004	-4.692135e-001
1.357911e+004	-4.972350e-001
1.358912e+004	-4.787540e-001
1.359913e+004	-4.691043e-001
1.360911e+004	-4.658469e-001
1.361912e+004	-4.575964e-001
1.362911e+004	-4.704806e-001
1.363912e+004	-4.544802e-001
1.364912e+004	-4.694757e-001
1.365913e+004	-4.676723e-001
1.366913e+004	-4.652252e-001
1.367914e+004	-4.689214e-001
1.368915e+004	-4.627007e-001
1.369915e+004	-4.581290e-001
1.370916e+004	-4.853153e-001
1.371917e+004	-4.623683e-001
1.372916e+004	-4.700853e-001
1.373916e+004	-4.697633e-001
1.374917e+004	-4.720660e-001
1.375917e+004	-4.613852e-001
1.376918e+004	-4.655306e-001
1.377917e+004	-4.724612e-001
1.378918e+004	-4.778011e-001
1.379918e+004	-4.773452e-001
1.380919e+004	-4.602133e-001
1.381919e+004	-4.657824e-001
1.382920e+004	-4.682065e-001
1.383922e+004	-4.715091e-001
1.384924e+004	-4.893620e-001
1.385924e+004	-4.648648e-001
1.386925e+004	-4.657143e-001
1.387930e+004	-4.688906e-001
1.388928e+004	-4.640759e-001
1.389930e+004	-4.626172e-001
1.390931e+004	-4.530710e-001
1.391936e+004	-4.571503e-001
1.392934e+004	-4.665951e-001
1.393934e+004	-4.624760e-001
1.394935e+004	-4.997744e-001
1.395937e+004	-4.670204e-001
1.396938e+004	-4.766875e-001
1.397939e+004	-4.773233e-001
1.398938e+004	-4.629038e-001
1.399939e+004	-4.617355e-001
1.400940e+004	-4.719222e-001
1.401939e+004	-4.510362e-001
1.402941e+004	-4.598501e-001
1.403940e+004	-4.707005e-001
1.404942e+004	-4.765006e-001
1.405943e+004	-4.692803e-001
1.406944e+004	-4.758935e-001
1.407943e+004	-4.837943e-001
1.408943e+004	-4.861562e-001
1.409945e+004	-4.691777e-001
1.410946e+004	-4.749332e-001
1.411948e+004	-4.810630e-001
1.412949e+004	-4.884223e-001
1.413950e+004	-4.733331e-001
1.414949e+004	-4.638298e-001
1.415949e+004	-4.791320e-001
1.416954e+004	-4.686892e-001
1.417952e+004	-4.730202e-001
1.418954e+004	-4.675737e-001
1.419955e+004	-4.755754e-001
1.420956e+004	-4.607063e-001
1.421955e+004	-4.817179e-001
1.422956e+004	-4.873423e-001
1.423957e+004	-4.805413e-001
1.424957e+004	-4.684393e-001
1.425958e+004	-4.713744e-001
1.426958e+004	-4.656629e-001
1.427959e+004	-4.882545e-001
1.428960e+004	-4.821690e-001
1.429961e+004	-4.696403e-001
1.430960e+004	-4.778574e-001
1.431960e+004	-4.834034e-001
1.432961e+004	-4.790346e-001
1.433962e+004	-4.803898e-001
1.434962e+004	-4.810378e-001
1.435965e+004	-4.753346e-001
1.436963e+004	-4.705701e-001
1.437969e+004	-4.742909e-001
1.438967e+004	-4.898977e-001
1.439967e+004	-4.809267e-001
1.440966e+004	-4.773336e-001
1.441967e+004	-4.911635e-001
1.442967e+004	-4.925309e-001
1.443966e+004	-4.883510e-001
1.444967e+004	-5.054869e-001
1.445967e+004	-4.945780e-001
1.446968e+004	-4.798241e-001
1.447968e+004	-4.844331e-001
1.448970e+004	-4.918381e-001
1.449970e+004	-5.087235e-001
1.450971e+004	-4.806825e-001
1.451972e+004	-4.876638e-001
1.452972e+004	-4.995984e-001
1.453973e+004	-4.892508e-001
1.454972e+004	-4.884753e-001
1.455973e+004	-4.998271e-001
1.456973e+004	-4.924666e-001
1.457972e+004	-4.908947e-001
1.458974e+004	-4.910656e-001
1.459975e+004	-4.996525e-001
1.460980e+004	-4.937868e-001
1.461978e+004	-4.937660e-001
1.462979e+004	-5.040214e-001
1.463978e+004	-4.820228e-001
1.464978e+004	-4.944226e-001
1.465979e+004	-5.197448e-001
1.466979e+004	-5.046642e-001
1.467980e+004	-4.993194e-001
1.468981e+004	-5.230898e-001
1.469981e+004	-5.156065e-001
1.470986e+004	-5.022067e-001
1.471985e+004	-5.056673e-001
1.472985e+004	-5.046492e-001
1.473986e+004	-4.990505e-001
1.474987e+004	-5.000816e-001
1.475987e+004	-5.050291e-001
1.476988e+004	-5.172528e-001
1.477988e+004	-4.998089e-001
1.478989e+004	-4.973070e-001
1.479994e+004	-5.158204e-001
1.480990e+004	-5.238274e-001
1.481989e+004	-5.137448e-001
1.482991e+004	-5.044127e-001
1.483997e+004	-5.184106e-001
1.484994e+004	-5.043607e-001
1.485998e+004	-5.047316e-001
1.486998e+004	-5.019749e-001
1.488001e+004	-5.170791e-001
1.489001e+004	-5.166751e-001
1.490002e+004	-5.266461e-001
1.491003e+004	-5.109611e-001
1.492003e+004	-5.136002e-001
1.493004e+004	-5.199931e-001
1.494003e+004	-5.085237e-001
1.495007e+004	-5.155450e-001
1.496006e+004	-5.217934e-001
1.497008e+004	-5.161604e-001
1.498009e+004	-5.129648e-001
1.499010e+004	-5.236437e-001
1.500009e+004	-5.225221e-001
1.501009e+004	-5.192223e-001
1.502008e+004	-5.243574e-001
1.503009e+004	-5.039302e-001
1.504009e+004	-5.111004e-001
1.505013e+004	-5.200577e-001
1.506011e+004	-5.022008e-001
1.507010e+004	-5.066331e-001
1.508010e+004	-5.126532e-001
1.509011e+004	-5.180872e-001
1.510012e+004	-5.081328e-001
1.511012e+004	-5.030790e-001
1.512013e+004	-4.984628e-001
1.513013e+004	-5.102547e-001
1.514019e+004	-5.065341e-001
1.515017e+004	-5.115773e-001
1.516017e+004	-5.160847e-001
1.517018e+004	-5.318344e-001
1.518019e+004	-5.045835e-001
1.519019e+004	-5.070252e-001
1.520020e+004	-5.281314e-001
1.521021e+004	-5.187879e-001
1.522021e+004	-5.117852e-001
1.523020e+004	-5.172316e-001
1.524020e+004	-5.313162e-001
1.525027e+004	-5.026769e-001
1.526024e+004	-5.054193e-001
1.527026e+004	-5.207128e-001
1.528027e+004	-5.131210e-001
1.529030e+004	-5.160508e-001
1.530030e+004	-5.096490e-001
1.531033e+004	-4.896703e-001
1.532033e+004	-4.930217e-001
1.533034e+004	-4.929286e-001
1.534033e+004	-5.228963e-001
1.535035e+004	-5.116420e-001
1.536036e+004	-5.151928e-001
1.537038e+004	-5.151661e-001
1.538039e+004	-5.192815e-001
1.539041e+004	-5.220684e-001
1.540042e+004	-4.955969e-001
1.541043e+004	-5.072455e-001
1.542041e+004	-4.990331e-001
1.543042e+004	-5.066130e-001
1.544043e+004	-5.113634e-001
1.545041e+004	-5.143633e-001
1.546044e+004	-5.010854e-001
1.547044e+004	-5.170771e-001
1.548045e+004	-5.020861e-001
1.549046e+004	-4.978123e-001
1.550046e+004	-5.064865e-001
1.551047e+004	-5.193505e-001
1.552048e+004	-4.932462e-001
1.553048e+004	-5.041019e-001
1.554049e+004	-5.073052e-001
1.555050e+004	-4.882466e-001
1.556049e+004	-5.021584e-001
1.557049e+004	-5.065790e-001
1.558050e+004	-5.104695e-001
1.559051e+004	-4.902045e-001
1.560051e+004	-5.130747e-001
1.561053e+004	-5.110941e-001
1.562053e+004	-5.134656e-001
1.563056e+004	-4.760710e-001
1.564057e+004	-4.937460e-001
1.565057e+004	-5.024689e-001
1.566056e+004	-5.123701e-001
1.567057e+004	-5.181546e-001
1.568055e+004	-4.949795e-001
1.569058e+004	-4.969111e-001
1.570058e+004	-5.129300e-001
1.571061e+004	-4.989433e-001
1.572062e+004	-5.241744e-001
1.573062e+004	-5.095175e-001
1.574061e+004	-5.200948e-001
1.575062e+004	-5.111738e-001
1.576062e+004	-5.164764e-001
1.577063e+004	-5.226096e-001
1.578063e+004	-5.232073e-001
1.579066e+004	-5.256861e-001
1.580067e+004	-5.114108e-001
1.581067e+004	-5.165916e-001
1.582071e+004	-5.174639e-001
1.583069e+004	-5.215729e-001
1.584069e+004	-5.129993e-001
1.585070e+004	-5.216239e-001
1.586070e+004	-5.148181e-001
1.587071e+004	-5.079835e-001
1.588072e+004	-5.092536e-001
1.589072e+004	-5.344958e-001
1.590075e+004	-5.272104e-001
1.591075e+004	-5.176597e-001
1.592076e+004	-5.439100e-001
1.593077e+004	-5.400134e-001
1.594075e+004	-5.330251e-001
1.595076e+004	-5.360924e-001
1.596077e+004	-5.139059e-001
1.597077e+004	-5.435051e-001
1.598079e+004	-5.409038e-001
1.599081e+004	-5.336282e-001
1.600082e+004	-5.288478e-001
1.601083e+004	-5.246597e-001
1.602083e+004	-5.363560e-001
1.603084e+004	-5.334115e-001
1.604084e+004	-5.275640e-001
1.605083e+004	-5.371153e-001
1.606084e+004	-5.382805e-001
1.607083e+004	-5.388178e-001
1.608083e+004	-5.462783e-001
1.609084e+004	-5.394163e-001
1.610083e+004	-5.394488e-001
1.611084e+004	-5.429692e-001
1.612085e+004	-5.336501e-001
1.613084e+004	-5.428589e-001
1.614084e+004	-5.367173e-001
1.615083e+004	-5.377139e-001
1.616085e+004	-5.498544e-001
1.617086e+004	-5.368332e-001
1.618087e+004	-5.462767e-001
1.619086e+004	-5.431684e-001
1.620086e+004	-5.437110e-001
1.621087e+004	-5.328282e-001
1.622087e+004	-5.571847e-001
1.623088e+004	-5.744117e-001
1.624089e+004	-5.407492e-001
1.625089e+004	-5.483692e-001
1.626088e+004	-5.439992e-001
1.627089e+004	-5.608757e-001
1.628090e+004	-5.423571e-001
1.629090e+004	-5.408121e-001
1.630095e+004	-5.606617e-001
1.631093e+004	-5.379527e-001
1.632096e+004	-5.492289e-001
1.633096e+004	-5.372085e-001
1.634099e+004	-5.387409e-001
1.635099e+004	-5.444107e-001
1.636103e+004	-5.582571e-001
1.637101e+004	-5.321872e-001
1.638101e+004	-5.531035e-001
1.639102e+004	-5.477888e-001
1.640102e+004	-5.442908e-001
1.641103e+004	-5.584600e-001
1.642104e+004	-5.298998e-001
1.643104e+004	-5.572889e-001
1.644107e+004	-5.325191e-001
1.645107e+004	-5.491326e-001
1.646108e+004	-5.485919e-001
1.647109e+004	-5.525759e-001
1.648109e+004	-5.241900e-001
1.649111e+004	-5.503881e-001
1.650113e+004	-5.673294e-001
1.651114e+004	-5.471919e-001
1.652115e+004	-5.535794e-001
1.653114e+004	-5.537278e-001
1.654114e+004	-5.427684e-001
1.655113e+004	-5.656944e-001
1.656114e+004	-5.473721e-001
1.657112e+004	-5.464883e-001
1.658115e+004	-5.417866e-001
1.659115e+004	-5.545513e-001
1.660119e+004	-5.568737e-001
1.661117e+004	-5.472065e-001
1.662117e+004	-5.488181e-001
1.663118e+004	-5.410126e-001
1.664118e+004	-5.517758e-001
1.665124e+004	-5.439445e-001
1.666121e+004	-5.488367e-001
1.667121e+004	-5.455035e-001
1.668123e+004	-5.436944e-001
1.669126e+004	-5.456534e-001
1.670125e+004	-5.491107e-001
1.671125e+004	-5.289977e-001
1.672126e+004	-5.381726e-001
1.673127e+004	-5.243880e-001
1.674127e+004	-5.439407e-001
1.675128e+004	-5.376999e-001
1.676128e+004	-5.384222e-001
1.677129e+004	-5.286032e-001
1.678128e+004	-5.414096e-001
1.679130e+004	-5.457874e-001
1.680135e+004	-5.431871e-001
1.681133e+004	-5.529585e-001
1.682134e+004	-5.425302e-001
1.683136e+004	-5.577679e-001
1.684137e+004	-5.387931e-001
1.685138e+004	-5.403524e-001
1.686138e+004	-5.477546e-001
1.687139e+004	-5.506448e-001
1.688140e+004	-5.661808e-001
1.689140e+004	-5.551865e-001
1.690139e+004	-5.696900e-001
1.691140e+004	-5.684168e-001
1.692140e+004	-5.761294e-001
1.693142e+004	-5.650441e-001
1.694142e+004	-5.687253e-001
1.695142e+004	-5.843543e-001
1.696143e+004	-5.638023e-001
1.697145e+004	-5.565344e-001
1.698144e+004	-5.612159e-001
1.699144e+004	-5.657852e-001
1.700144e+004	-5.749167e-001
1.701146e+004	-5.584091e-001
1.702146e+004	-5.656303e-001
1.703145e+004	-5.697052e-001
1.704146e+004	-5.706181e-001
1.705145e+004	-5.655124e-001
1.706145e+004	-5.507737e-001
1.707146e+004	-5.645966e-001
1.708147e+004	-5.583497e-001
1.709149e+004	-5.391304e-001
1.710150e+004	-5.641647e-001
1.711150e+004	-5.625168e-001
1.712149e+004	-5.592558e-001
1.713150e+004	-5.641284e-001
1.714149e+004	-5.499862e-001
1.715149e+004	-5.563657e-001
1.716150e+004	-5.423259e-001
1.717150e+004	-5.554984e-001
1.718151e+004	-5.549542e-001
1.719151e+004	-5.611132e-001
1.720152e+004	-5.450124e-001
1.721153e+004	-5.551090e-001
1.722153e+004	-5.496176e-001
1.723156e+004	-5.541264e-001
1.724157e+004	-5.552326e-001
1.725157e+004	-5.541915e-001
1.726158e+004	-5.650878e-001
1.727159e+004	-5.496053e-001
1.728159e+004	-5.396197e-001
1.729158e+004	-5.674912e-001
1.730159e+004	-5.690511e-001
1.731159e+004	-5.651321e-001
1.732158e+004	-5.786545e-001
1.733159e+004	-5.712192e-001
1.734158e+004	-5.775015e-001
1.735161e+004	-5.774385e-001
1.736161e+004	-5.612167e-001
1.737162e+004	-5.711108e-001
1.738166e+004	-5.711998e-001
1.739161e+004	-5.839361e-001
1.740162e+004	-5.745486e-001
1.741163e+004	-5.682581e-001
1.742161e+004	-5.666610e-001
1.743162e+004	-5.823388e-001
1.744163e+004	-5.669667e-001
1.745163e+004	-5.614638e-001
1.746164e+004	-5.782516e-001
1.747163e+004	-5.710877e-001
1.748165e+004	-5.815342e-001
1.749166e+004	-5.740662e-001
1.750167e+004	-5.753415e-001
1.751166e+004	-5.790797e-001
1.752166e+004	-5.812718e-001
1.753167e+004	-5.741329e-001
1.754168e+004	-5.798161e-001
1.755168e+004	-5.878028e-001
1.756169e+004	-5.967970e-001
1.757170e+004	-5.902992e-001
1.758170e+004	-5.964351e-001
1.759169e+004	-6.018838e-001
1.760169e+004	-5.830134e-001
1.761170e+004	-5.843271e-001
1.762170e+004	-5.815805e-001
1.763171e+004	-5.972370e-001
1.764171e+004	-5.891741e-001
1.765170e+004	-5.864533e-001
1.766172e+004	-5.711202e-001
1.767173e+004	-6.041974e-001
1.768175e+004	-5.856586e-001
1.769176e+004	-5.993580e-001
1.770177e+004	-5.837036e-001
1.771176e+004	-6.074086e-001
1.772176e+004	-5.820865e-001
1.773175e+004	-5.978284e-001
1.774176e+004	-6.098788e-001
1.775176e+004	-6.037078e-001
1.776177e+004	-5.945409e-001
1.777178e+004	-6.016058e-001
1.778177e+004	-6.111047e-001
1.779177e+004	-5.957330e-001
1.780178e+004	-6.185009e-001
1.781178e+004	-5.993219e-001
1.782179e+004	-6.231663e-001
1.783180e+004	-6.033688e-001
1.784179e+004	-6.059380e-001
1.785179e+004	-6.035087e-001
1.786178e+004	-5.890766e-001
1.787180e+004	-6.098128e-001
1.788181e+004	-6.066395e-001
1.789183e+004	-6.018257e-001
1.790183e+004	-6.109023e-001
1.791183e+004	-6.075126e-001
1.792183e+004	-5.896603e-001
1.793185e+004	-5.845828e-001
1.794186e+004	-6.049079e-001
1.795186e+004	-6.028485e-001
1.796187e+004	-6.062832e-001
1.797188e+004	-5.968308e-001
1.798188e+004	-5.982561e-001
1.799190e+004	-6.076243e-001
1.800192e+004	-5.863856e-001
1.801192e+004	-6.041203e-001
1.802192e+004	-6.115298e-001
1.803193e+004	-5.953376e-001
1.804196e+004	-6.072588e-001
1.805196e+004	-6.117454e-001
1.806201e+004	-6.157770e-001
1.807198e+004	-6.128673e-001
1.808198e+004	-5.974302e-001
1.809199e+004	-6.075640e-001
1.810200e+004	-6.058268e-001
1.811200e+004	-6.164489e-001
1.812201e+004	-6.204740e-001
1.813201e+004	-6.097929e-001
1.814202e+004	-6.218038e-001
1.815201e+004	-6.191250e-001
1.816203e+004	-6.139452e-001
1.817204e+004	-6.150030e-001
1.818206e+004	-6.253495e-001
1.819209e+004	-6.095990e-001
1.820209e+004	-6.075056e-001
1.821210e+004	-6.057181e-001
1.822211e+004	-6.080033e-001
1.823211e+004	-6.182589e-001
1.824212e+004	-5.958574e-001
1.825214e+004	-6.051990e-001
1.826215e+004	-6.049943e-001
1.827216e+004	-5.879156e-001
1.828215e+004	-6.057844e-001
1.829216e+004	-5.975857e-001
1.830218e+004	-6.126712e-001
1.831219e+004	-5.924546e-001
1.832221e+004	-5.962996e-001
1.833222e+004	-5.988432e-001
1.834223e+004	-6.011925e-001
1.835221e+004	-6.082934e-001
1.836222e+004	-6.177357e-001
1.837223e+004	-6.082378e-001
1.838223e+004	-6.020166e-001
1.839224e+004	-6.096772e-001
1.840225e+004	-6.080289e-001
1.841225e+004	-5.929978e-001
1.842231e+004	-5.931519e-001
1.843229e+004	-5.958855e-001
1.844229e+004	-5.824957e-001
1.845228e+004	-5.999242e-001
1.846230e+004	-6.030947e-001
1.847236e+004	-5.945931e-001
1.848233e+004	-5.994133e-001
1.849234e+004	-5.926622e-001
1.850233e+004	-5.972100e-001
1.851235e+004	-5.916743e-001
1.852238e+004	-5.919897e-001
1.853238e+004	-5.953729e-001
1.854241e+004	-5.940461e-001
1.855241e+004	-5.793451e-001
1.856242e+004	-5.814438e-001
1.857243e+004	-5.971751e-001
1.858243e+004	-5.873598e-001
1.859244e+004	-6.028898e-001
1.860248e+004	-5.760772e-001
1.861245e+004	-5.730982e-001
1.862246e+004	-5.724700e-001
1.863247e+004	-5.875635e-001
1.864246e+004	-5.837157e-001
1.865246e+004	-5.921347e-001
1.866247e+004	-5.931590e-001
1.867247e+004	-5.865374e-001
1.868248e+004	-5.950231e-001
1.869249e+004	-5.874730e-001
1.870249e+004	-5.741443e-001
1.871249e+004	-5.786012e-001
1.872249e+004	-5.950827e-001
1.873250e+004	-5.857112e-001
1.874251e+004	-5.840008e-001
1.875251e+004	-5.822051e-001
1.876252e+004	-5.997169e-001
1.877253e+004	-5.732812e-001
1.878254e+004	-5.846229e-001
1.879254e+004	-5.794665e-001
1.880255e+004	-5.801512e-001
1.881256e+004	-5.897197e-001
1.882256e+004	-5.957950e-001
1.883257e+004	-5.994068e-001
1.884258e+004	-5.948979e-001
1.885258e+004	-5.909417e-001
1.886259e+004	-5.931622e-001
1.887260e+004	-6.020675e-001
1.888260e+004	-5.883561e-001
1.889261e+004	-5.967013e-001
1.890262e+004	-6.036000e-001
1.891262e+004	-5.930589e-001
1.892263e+004	-6.001069e-001
1.893263e+004	-6.049191e-001
1.894266e+004	-6.087179e-001
1.895266e+004	-6.019338e-001
1.896269e+004	-5.963275e-001
1.897269e+004	-6.073974e-001
1.898272e+004	-6.145752e-001
1.899272e+004	-6.093583e-001
1.900273e+004	-5.847002e-001
1.901274e+004	-6.171008e-001
1.902274e+004	-5.967329e-001
1.903275e+004	-5.959503e-001
1.904275e+004	-6.025411e-001
1.905276e+004	-5.931975e-001
1.906275e+004	-6.061033e-001
1.907277e+004	-5.901635e-001
1.908278e+004	-5.954546e-001
1.909277e+004	-6.425921e-001
1.910279e+004	-6.218511e-001
1.911280e+004	-6.407328e-001
1.912279e+004	-6.545836e-001
1.913280e+004	-6.447294e-001
1.914281e+004	-6.451663e-001
1.915281e+004	-6.514973e-001
1.916283e+004	-6.501936e-001
1.917283e+004	-6.396049e-001
1.918282e+004	-6.334610e-001
1.919283e+004	-6.512587e-001
1.920281e+004	-6.448039e-001
1.921282e+004	-6.391394e-001
1.922282e+004	-6.477870e-001
1.923283e+004	-6.395897e-001
1.924284e+004	-6.410311e-001
1.925284e+004	-6.446785e-001
1.926285e+004	-6.484460e-001
1.927285e+004	-6.493092e-001
1.928286e+004	-6.515332e-001
1.929285e+004	-6.350179e-001
1.930287e+004	-6.207825e-001
1.931290e+004	-6.434691e-001
1.932290e+004	-6.496267e-001
1.933292e+004	-6.575486e-001
1.934294e+004	-6.408503e-001
1.935295e+004	-6.474843e-001
1.936296e+004	-6.471815e-001
1.937294e+004	-6.415833e-001
1.938297e+004	-6.572991e-001
1.939297e+004	-6.616484e-001
1.940298e+004	-6.392651e-001
1.941299e+004	-6.512632e-001
1.942299e+004	-6.576798e-001
1.943300e+004	-6.468058e-001
1.944299e+004	-6.423987e-001
1.945301e+004	-6.603207e-001
1.946302e+004	-6.361981e-001
1.947303e+004	-6.473078e-001
1.948302e+004	-6.685143e-001
1.949302e+004	-6.498564e-001
1.950303e+004	-6.490002e-001
1.951303e+004	-6.563210e-001
1.952304e+004	-6.608089e-001
1.953305e+004	-6.599176e-001
1.954305e+004	-6.432268e-001
1.955304e+004	-6.657057e-001
1.956304e+004	-6.378236e-001
1.957306e+004	-6.582213e-001
1.958306e+004	-6.586587e-001
1.959306e+004	-6.597253e-001
1.960308e+004	-6.588810e-001
1.961308e+004	-6.531735e-001
1.962307e+004	-6.650682e-001
1.963310e+004	-6.568252e-001
1.964310e+004	-6.714628e-001
1.965311e+004	-6.748038e-001
1.966310e+004	-6.620032e-001
1.967310e+004	-6.670735e-001
1.968313e+004	-6.650478e-001
1.969313e+004	-6.447775e-001
1.970316e+004	-6.455739e-001
1.971316e+004	-6.744139e-001
1.972317e+004	-6.641226e-001
1.973318e+004	-6.633803e-001
1.974318e+004	-6.629292e-001
1.975319e+004	-6.565807e-001
1.976320e+004	-6.566310e-001
1.977318e+004	-6.521316e-001
1.978319e+004	-6.489193e-001
1.979320e+004	-6.508911e-001
1.980320e+004	-6.710646e-001
1.981322e+004	-6.672992e-001
1.982324e+004	-6.753910e-001
1.983324e+004	-6.511913e-001
1.984327e+004	-6.629046e-001
1.985328e+004	-6.637621e-001
1.986329e+004	-6.605261e-001
1.987327e+004	-6.623281e-001
1.988328e+004	-6.568165e-001
1.989329e+004	-6.719367e-001
1.990329e+004	-6.797688e-001
1.991330e+004	-6.628417e-001
1.992331e+004	-6.677849e-001
1.993329e+004	-6.688198e-001
1.994330e+004	-6.692320e-001
1.995329e+004	-6.802580e-001
1.996329e+004	-6.571103e-001
1.997330e+004	-6.548675e-001
1.998329e+004	-6.685145e-001
1.999330e+004	-6.625532e-001
2.000330e+004	-6.729590e-001
2.001331e+004	-6.595777e-001
2.002332e+004	-6.704204e-001
2.003332e+004	-6.571906e-001
2.004333e+004	-6.836368e-001
2.005333e+004	-6.700394e-001
2.006340e+004	-6.701146e-001
2.007336e+004	-6.913502e-001
2.008338e+004	-6.838285e-001
2.009340e+004	-6.731914e-001
2.010341e+004	-6.667927e-001
2.011342e+004	-6.754156e-001
2.012342e+004	-6.584082e-001
2.013343e+004	-6.793174e-001
2.014345e+004	-6.623422e-001
2.015346e+004	-6.539040e-001
2.016351e+004	-6.713487e-001
2.017349e+004	-6.747093e-001
2.018349e+004	-6.779739e-001
2.019350e+004	-6.856194e-001
2.020352e+004	-6.840512e-001
2.021353e+004	-6.650115e-001
2.022354e+004	-6.732129e-001
2.023352e+004	-6.676879e-001
2.024353e+004	-6.726909e-001
2.025354e+004	-6.895962e-001
2.026354e+004	-6.709825e-001
2.027355e+004	-6.988233e-001
2.028358e+004	-6.852035e-001
2.029358e+004	-6.764043e-001
2.030361e+004	-6.722079e-001
2.031362e+004	-6.806832e-001
2.032363e+004	-7.001397e-001
2.033361e+004	-6.774155e-001
2.034362e+004	-6.844620e-001
2.035363e+004	-6.856820e-001
2.036363e+004	-6.848245e-001
2.037366e+004	-6.763596e-001
2.038366e+004	-6.923093e-001
2.039369e+004	-6.881487e-001
2.040370e+004	-6.781203e-001
2.041370e+004	-6.822826e-001
2.042371e+004	-6.741915e-001
2.043372e+004	-6.737368e-001
2.044372e+004	-6.731591e-001
2.045371e+004	-6.818817e-001
2.046373e+004	-6.872156e-001
2.047374e+004	-6.747267e-001
2.048376e+004	-6.891111e-001
2.049377e+004	-6.996090e-001
2.050379e+004	-6.639999e-001
2.051382e+004	-6.936486e-001
2.052382e+004	-6.831210e-001
2.053385e+004	-6.848870e-001
2.054385e+004	-6.985575e-001
2.055386e+004	-6.969488e-001
2.056387e+004	-6.986637e-001
2.057402e+004	-6.960874e-001
2.058414e+004	-6.952765e-001
2.059412e+004	-6.939469e-001
2.060529e+004	-7.116650e-001
