0.000000e+000	-3.618695e-001
9.982000e+000	-3.450299e-001
1.999500e+001	-3.700326e-001
2.999500e+001	-3.839112e-001
4.000400e+001	-4.101336e-001
5.001500e+001	-4.087589e-001
6.001400e+001	-3.999774e-001
7.007800e+001	-4.284082e-001
8.004500e+001	-4.379665e-001
9.005600e+001	-4.654893e-001
1.000660e+002	-4.457406e-001
1.100660e+002	-4.661572e-001
1.200760e+002	-5.004837e-001
1.300880e+002	-5.330169e-001
1.400880e+002	-5.493655e-001
1.500990e+002	-5.478389e-001
1.601080e+002	-5.461782e-001
1.701310e+002	-5.572954e-001
1.801320e+002	-5.606938e-001
1.901420e+002	-5.563686e-001
2.001520e+002	-5.944405e-001
2.101320e+002	-5.897029e-001
2.201640e+002	-5.886589e-001
2.301650e+002	-6.027815e-001
2.401760e+002	-6.159865e-001
2.501950e+002	-6.302417e-001
2.602050e+002	-6.601737e-001
2.702260e+002	-6.602814e-001
2.802360e+002	-6.744022e-001
2.902450e+002	-6.703506e-001
3.002460e+002	-6.958876e-001
3.102560e+002	-6.935647e-001
3.202660e+002	-6.950028e-001
3.302470e+002	-7.023378e-001
3.402570e+002	-6.906721e-001
3.502780e+002	-6.975161e-001
3.602880e+002	-6.939907e-001
3.702990e+002	-6.913543e-001
3.802790e+002	-7.113428e-001
3.903100e+002	-6.806203e-001
4.003110e+002	-6.937634e-001
4.103200e+002	-6.740913e-001
4.203310e+002	-7.085737e-001
4.303300e+002	-7.109807e-001
4.403400e+002	-7.018546e-001
4.503500e+002	-7.091441e-001
4.603500e+002	-7.243917e-001
4.704090e+002	-7.343637e-001
4.803910e+002	-7.273150e-001
4.903900e+002	-7.295573e-001
5.004020e+002	-7.334503e-001
5.103930e+002	-7.216049e-001
5.203920e+002	-7.267238e-001
5.304020e+002	-7.257505e-001
5.404130e+002	-7.238870e-001
5.504130e+002	-7.292600e-001
5.604240e+002	-7.160247e-001
5.704240e+002	-7.034437e-001
5.804350e+002	-6.980670e-001
5.904470e+002	-7.001505e-001
6.004480e+002	-7.032999e-001
6.104380e+002	-7.095811e-001
6.204390e+002	-7.222820e-001
6.304500e+002	-7.163227e-001
6.404710e+002	-7.056527e-001
6.504810e+002	-7.105841e-001
6.604830e+002	-7.194872e-001
6.704920e+002	-7.276918e-001
6.805040e+002	-7.204911e-001
6.905030e+002	-7.235688e-001
7.005140e+002	-7.353712e-001
7.105240e+002	-7.329254e-001
7.205050e+002	-7.293277e-001
7.305140e+002	-7.277938e-001
7.405240e+002	-7.250114e-001
7.505250e+002	-7.250431e-001
7.605360e+002	-7.353719e-001
7.705570e+002	-7.376455e-001
7.805670e+002	-7.207872e-001
7.905870e+002	-7.199817e-001
8.005980e+002	-7.314551e-001
8.106190e+002	-7.309154e-001
8.206280e+002	-7.319761e-001
8.306390e+002	-7.373437e-001
8.406290e+002	-7.406248e-001
8.506280e+002	-7.528670e-001
8.606380e+002	-7.544526e-001
8.706480e+002	-7.339912e-001
8.806490e+002	-7.660142e-001
8.906600e+002	-7.476806e-001
9.006590e+002	-7.661642e-001
9.106720e+002	-7.588607e-001
9.206810e+002	-7.595261e-001
9.306820e+002	-7.493800e-001
9.406720e+002	-7.825993e-001
9.506930e+002	-7.622398e-001
9.607050e+002	-7.687020e-001
9.707060e+002	-7.726414e-001
9.807170e+002	-7.844776e-001
9.907270e+002	-7.578108e-001
1.000726e+003	-7.757713e-001
1.010736e+003	-7.698802e-001
1.020746e+003	-7.677774e-001
1.030746e+003	-7.557652e-001
1.040797e+003	-7.683350e-001
1.050787e+003	-7.653686e-001
1.060807e+003	-7.766782e-001
1.070818e+003	-7.704871e-001
1.080817e+003	-7.749602e-001
1.090828e+003	-7.922411e-001
1.100828e+003	-7.881661e-001
1.110889e+003	-7.850770e-001
1.120867e+003	-8.008542e-001
1.130867e+003	-8.005678e-001
1.140858e+003	-8.006919e-001
1.150869e+003	-8.112733e-001
1.160890e+003	-8.116044e-001
1.170900e+003	-8.215105e-001
1.180901e+003	-8.276952e-001
1.190911e+003	-8.334379e-001
1.200921e+003	-8.378372e-001
1.210921e+003	-8.523055e-001
1.220930e+003	-8.457919e-001
1.230930e+003	-8.374909e-001
1.240940e+003	-8.641724e-001
1.250950e+003	-8.646989e-001
1.260933e+003	-8.503271e-001
1.270945e+003	-8.641050e-001
1.280956e+003	-8.805089e-001
1.290955e+003	-8.678681e-001
1.300965e+003	-8.646536e-001
1.310976e+003	-8.758768e-001
1.320975e+003	-8.651604e-001
1.330986e+003	-8.821814e-001
1.340995e+003	-8.996096e-001
1.350996e+003	-8.933258e-001
1.361005e+003	-8.959589e-001
1.371005e+003	-8.832126e-001
1.381037e+003	-9.019535e-001
1.391038e+003	-9.160947e-001
1.401048e+003	-9.101799e-001
1.411038e+003	-9.074713e-001
1.421059e+003	-9.338920e-001
1.431069e+003	-9.261520e-001
1.441090e+003	-9.173623e-001
1.451098e+003	-9.257228e-001
1.461120e+003	-9.464169e-001
1.471131e+003	-9.363027e-001
1.481142e+003	-9.611533e-001
1.491144e+003	-9.416057e-001
1.501153e+003	-9.570157e-001
1.511153e+003	-9.561243e-001
1.521164e+003	-9.640754e-001
1.531184e+003	-9.770241e-001
1.541194e+003	-9.835657e-001
1.551204e+003	-9.832252e-001
1.561193e+003	-9.768737e-001
1.571196e+003	-9.808698e-001
1.581206e+003	-9.941020e-001
1.591206e+003	-9.877760e-001
1.601215e+003	-1.019733e+000
1.611225e+003	-1.004423e+000
1.621226e+003	-1.024290e+000
1.631237e+003	-1.024210e+000
1.641246e+003	-1.032909e+000
1.651247e+003	-1.026721e+000
1.661258e+003	-1.048324e+000
1.671259e+003	-1.047413e+000
1.681270e+003	-1.053261e+000
1.691271e+003	-1.049477e+000
1.701281e+003	-1.062821e+000
1.711272e+003	-1.064768e+000
1.721272e+003	-1.066843e+000
1.731283e+003	-1.081966e+000
1.741293e+003	-1.108070e+000
1.751293e+003	-1.091664e+000
1.761324e+003	-1.102041e+000
1.771323e+003	-1.111771e+000
1.781334e+003	-1.105002e+000
1.791326e+003	-1.115134e+000
1.801325e+003	-1.115072e+000
1.811337e+003	-1.096883e+000
1.821346e+003	-1.139290e+000
1.831346e+003	-1.134104e+000
1.841377e+003	-1.139223e+000
1.851378e+003	-1.131016e+000
1.861388e+003	-1.144372e+000
1.871398e+003	-1.154396e+000
1.881381e+003	-1.164405e+000
1.891411e+003	-1.154139e+000
1.901410e+003	-1.174035e+000
1.911421e+003	-1.206411e+000
1.921430e+003	-1.193094e+000
1.931430e+003	-1.193103e+000
1.941439e+003	-1.185635e+000
1.951449e+003	-1.222063e+000
1.961449e+003	-1.224193e+000
1.971461e+003	-1.233532e+000
1.981450e+003	-1.211802e+000
1.991460e+003	-1.225461e+000
2.001461e+003	-1.234925e+000
2.011470e+003	-1.236172e+000
2.021471e+003	-1.249663e+000
2.031481e+003	-1.249775e+000
2.041492e+003	-1.269732e+000
2.051492e+003	-1.257143e+000
2.061502e+003	-1.242458e+000
2.071513e+003	-1.275810e+000
2.081515e+003	-1.276979e+000
2.091525e+003	-1.273830e+000
2.101525e+003	-1.304717e+000
2.111554e+003	-1.305818e+000
2.121565e+003	-1.296323e+000
2.131565e+003	-1.316385e+000
2.141574e+003	-1.305410e+000
2.151585e+003	-1.333087e+000
2.161586e+003	-1.335843e+000
2.171597e+003	-1.341951e+000
2.181586e+003	-1.341771e+000
2.191586e+003	-1.355283e+000
2.201597e+003	-1.334438e+000
2.211606e+003	-1.346145e+000
2.221627e+003	-1.342915e+000
2.231638e+003	-1.362654e+000
2.241638e+003	-1.364694e+000
2.251649e+003	-1.389745e+000
2.261658e+003	-1.389898e+000
2.271658e+003	-1.364361e+000
2.281668e+003	-1.396202e+000
2.291679e+003	-1.390989e+000
2.301700e+003	-1.411531e+000
2.311700e+003	-1.407732e+000
2.321730e+003	-1.415349e+000
2.331723e+003	-1.427548e+000
2.341722e+003	-1.433107e+000
2.351732e+003	-1.449589e+000
2.361733e+003	-1.438536e+000
2.371785e+003	-1.431934e+000
2.381762e+003	-1.448951e+000
2.391793e+003	-1.462078e+000
2.401793e+003	-1.450523e+000
2.411804e+003	-1.450648e+000
2.421814e+003	-1.469711e+000
2.431813e+003	-1.465228e+000
2.441824e+003	-1.473683e+000
2.451845e+003	-1.491647e+000
2.461856e+003	-1.487408e+000
2.471865e+003	-1.505146e+000
2.481866e+003	-1.496101e+000
2.491875e+003	-1.499422e+000
2.501885e+003	-1.514858e+000
2.511866e+003	-1.520495e+000
2.521877e+003	-1.514667e+000
2.531887e+003	-1.521754e+000
2.541887e+003	-1.533230e+000
2.551900e+003	-1.535668e+000
2.561919e+003	-1.548517e+000
2.571967e+003	-1.535557e+000
2.581931e+003	-1.548643e+000
2.591961e+003	-1.560912e+000
2.601963e+003	-1.549733e+000
2.611971e+003	-1.577108e+000
2.621981e+003	-1.575821e+000
2.631982e+003	-1.563682e+000
2.641991e+003	-1.585238e+000
2.652001e+003	-1.586719e+000
2.662001e+003	-1.604667e+000
2.672013e+003	-1.594498e+000
2.682025e+003	-1.589278e+000
2.692024e+003	-1.605979e+000
2.702035e+003	-1.602369e+000
2.712045e+003	-1.608559e+000
2.722045e+003	-1.618382e+000
2.732036e+003	-1.596271e+000
2.742039e+003	-1.616660e+000
2.752048e+003	-1.605473e+000
2.762070e+003	-1.636303e+000
2.772081e+003	-1.657200e+000
2.782081e+003	-1.631623e+000
2.792091e+003	-1.626419e+000
2.802102e+003	-1.636883e+000
2.812102e+003	-1.656783e+000
2.822112e+003	-1.657216e+000
2.832133e+003	-1.655223e+000
2.842143e+003	-1.662071e+000
2.852144e+003	-1.675326e+000
2.862155e+003	-1.680956e+000
2.872164e+003	-1.658246e+000
2.882164e+003	-1.667771e+000
2.892175e+003	-1.684504e+000
2.902165e+003	-1.686100e+000
2.912185e+003	-1.680363e+000
2.922195e+003	-1.700498e+000
2.932206e+003	-1.699106e+000
2.942187e+003	-1.699205e+000
2.952198e+003	-1.713105e+000
2.962219e+003	-1.697524e+000
2.972229e+003	-1.709899e+000
2.982239e+003	-1.713968e+000
2.992239e+003	-1.712275e+000
3.002248e+003	-1.711799e+000
3.012258e+003	-1.743851e+000
3.022258e+003	-1.736126e+000
3.032269e+003	-1.745439e+000
3.042278e+003	-1.758067e+000
3.052268e+003	-1.736943e+000
3.062270e+003	-1.754951e+000
3.072279e+003	-1.754109e+000
3.082280e+003	-1.748855e+000
3.092289e+003	-1.745271e+000
3.102282e+003	-1.751734e+000
3.112292e+003	-1.765108e+000
3.122292e+003	-1.765759e+000
3.132302e+003	-1.762388e+000
3.142312e+003	-1.767435e+000
3.152312e+003	-1.770872e+000
3.162322e+003	-1.776720e+000
3.172323e+003	-1.780801e+000
3.182353e+003	-1.781619e+000
3.192362e+003	-1.779155e+000
3.202363e+003	-1.793687e+000
3.212373e+003	-1.798615e+000
3.222382e+003	-1.800568e+000
3.232402e+003	-1.792837e+000
3.242413e+003	-1.780683e+000
3.252412e+003	-1.808134e+000
3.262404e+003	-1.812732e+000
3.272414e+003	-1.814369e+000
3.282415e+003	-1.796718e+000
3.292424e+003	-1.807471e+000
3.302424e+003	-1.810448e+000
3.312434e+003	-1.837755e+000
3.322444e+003	-1.821260e+000
3.332455e+003	-1.824407e+000
3.342455e+003	-1.829904e+000
3.352464e+003	-1.826360e+000
3.362466e+003	-1.824707e+000
3.372476e+003	-1.845220e+000
3.382530e+003	-1.852597e+000
3.392507e+003	-1.849439e+000
3.402527e+003	-1.849341e+000
3.412538e+003	-1.848342e+000
3.422548e+003	-1.859128e+000
3.432548e+003	-1.872803e+000
3.442557e+003	-1.858347e+000
3.452568e+003	-1.866266e+000
3.462570e+003	-1.873829e+000
3.472591e+003	-1.873514e+000
3.482604e+003	-1.886600e+000
3.492604e+003	-1.875570e+000
3.502634e+003	-1.891656e+000
3.512635e+003	-1.884493e+000
3.522644e+003	-1.891821e+000
3.532655e+003	-1.886192e+000
3.542656e+003	-1.884292e+000
3.552667e+003	-1.898270e+000
3.562677e+003	-1.882843e+000
3.572658e+003	-1.904125e+000
3.582671e+003	-1.915933e+000
3.592672e+003	-1.889547e+000
3.602683e+003	-1.895541e+000
3.612703e+003	-1.912273e+000
3.622732e+003	-1.908013e+000
3.632724e+003	-1.914317e+000
3.642725e+003	-1.923238e+000
3.652734e+003	-1.910102e+000
3.662734e+003	-1.922637e+000
3.672764e+003	-1.911527e+000
3.682765e+003	-1.928091e+000
3.692832e+003	-1.939218e+000
3.702796e+003	-1.933094e+000
3.712827e+003	-1.947288e+000
3.722826e+003	-1.932919e+000
3.732837e+003	-1.925551e+000
3.742828e+003	-1.945502e+000
3.752848e+003	-1.946296e+000
3.762857e+003	-1.964538e+000
3.772868e+003	-1.945334e+000
3.782848e+003	-1.966240e+000
3.792880e+003	-1.962200e+000
3.802880e+003	-1.950866e+000
3.812890e+003	-1.970970e+000
3.822899e+003	-1.948097e+000
3.832900e+003	-1.945566e+000
3.842910e+003	-1.954145e+000
3.852954e+003	-1.947568e+000
3.862921e+003	-1.966415e+000
3.872930e+003	-1.968124e+000
3.882941e+003	-1.962827e+000
3.892921e+003	-1.964414e+000
3.902931e+003	-1.969052e+000
3.912923e+003	-1.963905e+000
3.922943e+003	-1.968594e+000
3.932955e+003	-1.990351e+000
3.942956e+003	-1.992880e+000
3.952966e+003	-1.978536e+000
3.962976e+003	-1.975872e+000
3.972975e+003	-1.991395e+000
3.982986e+003	-1.990187e+000
3.992996e+003	-1.992297e+000
4.002996e+003	-1.998779e+000
4.013006e+003	-1.977794e+000
4.023028e+003	-1.998352e+000
4.033037e+003	-1.990998e+000
4.043047e+003	-1.981521e+000
4.053038e+003	-1.986264e+000
4.063038e+003	-2.002161e+000
4.073048e+003	-2.010334e+000
4.083049e+003	-2.003010e+000
4.093059e+003	-2.010749e+000
4.103068e+003	-2.008395e+000
4.113058e+003	-2.008920e+000
4.123058e+003	-2.003951e+000
4.133068e+003	-2.025577e+000
4.143078e+003	-2.011812e+000
4.153079e+003	-2.012050e+000
4.163088e+003	-2.024794e+000
4.173099e+003	-2.026516e+000
4.183099e+003	-2.016327e+000
4.193108e+003	-2.028434e+000
4.203119e+003	-2.024189e+000
4.213119e+003	-2.042460e+000
4.223109e+003	-2.043867e+000
4.233121e+003	-2.024651e+000
4.243120e+003	-2.033806e+000
4.253132e+003	-2.046036e+000
4.263132e+003	-2.048731e+000
4.273142e+003	-2.045829e+000
4.283152e+003	-2.057814e+000
4.293142e+003	-2.046738e+000
4.303142e+003	-2.061234e+000
4.313133e+003	-2.050454e+000
4.323155e+003	-2.049379e+000
4.333166e+003	-2.054136e+000
4.343167e+003	-2.054375e+000
4.353178e+003	-2.051734e+000
4.363189e+003	-2.054628e+000
4.373189e+003	-2.071435e+000
4.383199e+003	-2.074824e+000
4.393208e+003	-2.048085e+000
4.403198e+003	-2.054440e+000
4.413198e+003	-2.056192e+000
4.423189e+003	-2.064887e+000
4.433200e+003	-2.078290e+000
4.443200e+003	-2.073041e+000
4.453208e+003	-2.083782e+000
4.463219e+003	-2.082203e+000
4.473201e+003	-2.084105e+000
4.483210e+003	-2.082758e+000
4.493220e+003	-2.064702e+000
4.503221e+003	-2.074366e+000
4.513257e+003	-2.097172e+000
4.523241e+003	-2.085002e+000
4.533221e+003	-2.068710e+000
4.543233e+003	-2.094139e+000
4.553243e+003	-2.098068e+000
4.563243e+003	-2.085595e+000
4.573253e+003	-2.101826e+000
4.583255e+003	-2.097695e+000
4.593265e+003	-2.096577e+000
4.603275e+003	-2.090929e+000
4.613276e+003	-2.092881e+000
4.623285e+003	-2.087284e+000
4.633307e+003	-2.095095e+000
4.643331e+003	-2.101675e+000
4.653361e+003	-2.109939e+000
4.663361e+003	-2.110368e+000
4.673391e+003	-2.103516e+000
4.683392e+003	-2.111215e+000
4.693422e+003	-2.105027e+000
4.703423e+003	-2.106540e+000
4.713432e+003	-2.112204e+000
4.723442e+003	-2.113344e+000
4.733442e+003	-2.096581e+000
4.743452e+003	-2.103304e+000
4.753444e+003	-2.120740e+000
4.763453e+003	-2.107073e+000
4.773443e+003	-2.112159e+000
4.783444e+003	-2.120240e+000
4.793455e+003	-2.103217e+000
4.803435e+003	-2.131063e+000
4.813446e+003	-2.116616e+000
4.823457e+003	-2.123720e+000
4.833456e+003	-2.117672e+000
4.843469e+003	-2.133504e+000
4.853471e+003	-2.125701e+000
4.863483e+003	-2.131188e+000
4.873491e+003	-2.120379e+000
4.883492e+003	-2.125505e+000
4.893483e+003	-2.146815e+000
4.903502e+003	-2.127081e+000
4.913533e+003	-2.144937e+000
4.923534e+003	-2.141232e+000
4.933545e+003	-2.143672e+000
4.943565e+003	-2.140785e+000
4.953576e+003	-2.135943e+000
4.963586e+003	-2.132469e+000
4.973587e+003	-2.147410e+000
4.983598e+003	-2.145446e+000
4.993597e+003	-2.148108e+000
5.003627e+003	-2.157073e+000
5.013627e+003	-2.143595e+000
5.023638e+003	-2.159474e+000
5.033628e+003	-2.145499e+000
5.043673e+003	-2.137699e+000
5.053679e+003	-2.155772e+000
5.063679e+003	-2.145975e+000
5.073688e+003	-2.164209e+000
5.083680e+003	-2.146195e+000
5.093699e+003	-2.160059e+000
5.103709e+003	-2.153638e+000
5.113719e+003	-2.167497e+000
5.123701e+003	-2.161665e+000
5.133711e+003	-2.158778e+000
5.143721e+003	-2.168113e+000
5.153721e+003	-2.160923e+000
5.163732e+003	-2.158826e+000
5.173753e+003	-2.163769e+000
5.183764e+003	-2.158299e+000
5.193766e+003	-2.176721e+000
5.203776e+003	-2.155902e+000
5.213786e+003	-2.171663e+000
5.223786e+003	-2.155736e+000
5.233796e+003	-2.157820e+000
5.243787e+003	-2.160975e+000
5.253787e+003	-2.163951e+000
5.263798e+003	-2.171334e+000
5.273808e+003	-2.181921e+000
5.283808e+003	-2.175419e+000
5.293816e+003	-2.170350e+000
5.303827e+003	-2.183292e+000
5.313827e+003	-2.176590e+000
5.323836e+003	-2.174153e+000
5.333828e+003	-2.170420e+000
5.343830e+003	-2.180731e+000
5.353840e+003	-2.184564e+000
5.363860e+003	-2.160571e+000
5.373872e+003	-2.181508e+000
5.383873e+003	-2.186874e+000
5.393882e+003	-2.178596e+000
5.403892e+003	-2.174501e+000
5.413893e+003	-2.199454e+000
5.423903e+003	-2.185296e+000
5.433914e+003	-2.183598e+000
5.443913e+003	-2.188178e+000
5.453924e+003	-2.184701e+000
5.463945e+003	-2.189808e+000
5.473955e+003	-2.194715e+000
5.483956e+003	-2.175598e+000
5.493966e+003	-2.174284e+000
5.503957e+003	-2.187422e+000
5.513958e+003	-2.173874e+000
5.524021e+003	-2.196046e+000
5.533989e+003	-2.187526e+000
5.544000e+003	-2.180674e+000
5.554009e+003	-2.205919e+000
5.564010e+003	-2.187027e+000
5.574022e+003	-2.184906e+000
5.584023e+003	-2.191483e+000
5.594033e+003	-2.171771e+000
5.604043e+003	-2.200485e+000
5.614043e+003	-2.182321e+000
5.624074e+003	-2.194634e+000
5.634074e+003	-2.189131e+000
5.644087e+003	-2.180324e+000
5.654107e+003	-2.198352e+000
5.664117e+003	-2.181259e+000
5.674127e+003	-2.198068e+000
5.684126e+003	-2.199005e+000
5.694136e+003	-2.193555e+000
5.704147e+003	-2.198730e+000
5.714137e+003	-2.197654e+000
5.724137e+003	-2.196922e+000
5.734146e+003	-2.194491e+000
5.744146e+003	-2.210754e+000
5.754156e+003	-2.219914e+000
5.764166e+003	-2.211276e+000
5.774157e+003	-2.205732e+000
5.784157e+003	-2.211227e+000
5.794167e+003	-2.205698e+000
5.804177e+003	-2.212169e+000
5.814178e+003	-2.211988e+000
5.824189e+003	-2.205301e+000
5.834190e+003	-2.205425e+000
5.844202e+003	-2.192777e+000
5.854201e+003	-2.210552e+000
5.864212e+003	-2.211784e+000
5.874222e+003	-2.208826e+000
5.884222e+003	-2.181459e+000
5.894232e+003	-2.196696e+000
5.904242e+003	-2.213317e+000
5.914241e+003	-2.202409e+000
5.924271e+003	-2.209994e+000
5.934281e+003	-2.199460e+000
5.944302e+003	-2.214897e+000
5.954312e+003	-2.210145e+000
5.964312e+003	-2.205306e+000
5.974322e+003	-2.227525e+000
5.984332e+003	-2.211179e+000
5.994353e+003	-2.208096e+000
6.004363e+003	-2.217673e+000
6.014364e+003	-2.216251e+000
6.024355e+003	-2.207710e+000
6.034367e+003	-2.224223e+000
6.044367e+003	-2.235097e+000
6.054357e+003	-2.219094e+000
6.064369e+003	-2.208391e+000
6.074368e+003	-2.201945e+000
6.084361e+003	-2.230268e+000
6.094371e+003	-2.216734e+000
6.104371e+003	-2.233709e+000
6.114381e+003	-2.214054e+000
6.124382e+003	-2.223495e+000
6.134393e+003	-2.212058e+000
6.144402e+003	-2.213332e+000
6.154392e+003	-2.237217e+000
6.164392e+003	-2.221512e+000
6.174382e+003	-2.230832e+000
6.184392e+003	-2.227749e+000
6.194393e+003	-2.215692e+000
6.204402e+003	-2.220025e+000
6.214404e+003	-2.220440e+000
6.224415e+003	-2.230020e+000
6.234426e+003	-2.230478e+000
6.244425e+003	-2.227867e+000
6.254436e+003	-2.221925e+000
6.264445e+003	-2.236289e+000
6.274436e+003	-2.210241e+000
6.284436e+003	-2.232931e+000
6.294445e+003	-2.221815e+000
6.304455e+003	-2.219479e+000
6.314456e+003	-2.216916e+000
6.324466e+003	-2.219654e+000
6.334475e+003	-2.228625e+000
6.344475e+003	-2.229314e+000
6.354486e+003	-2.224066e+000
6.364495e+003	-2.220747e+000
6.374495e+003	-2.243978e+000
6.384486e+003	-2.233536e+000
6.394496e+003	-2.223723e+000
6.404486e+003	-2.219907e+000
6.414486e+003	-2.228796e+000
6.424496e+003	-2.231551e+000
6.434497e+003	-2.226999e+000
6.444528e+003	-2.231863e+000
6.454539e+003	-2.232303e+000
6.464538e+003	-2.226827e+000
6.474548e+003	-2.224496e+000
6.484559e+003	-2.239283e+000
6.494579e+003	-2.235396e+000
6.504590e+003	-2.231709e+000
6.514590e+003	-2.231754e+000
6.524600e+003	-2.249283e+000
6.534600e+003	-2.230886e+000
6.544610e+003	-2.247264e+000
6.554619e+003	-2.238329e+000
6.564620e+003	-2.236062e+000
6.574629e+003	-2.227018e+000
6.584639e+003	-2.245963e+000
6.594638e+003	-2.232697e+000
6.604649e+003	-2.239049e+000
6.614659e+003	-2.244692e+000
6.624660e+003	-2.230955e+000
6.634669e+003	-2.231244e+000
6.644679e+003	-2.254713e+000
6.654669e+003	-2.241468e+000
6.664670e+003	-2.248097e+000
6.674681e+003	-2.249810e+000
6.684680e+003	-2.238906e+000
6.694742e+003	-2.235511e+000
6.704711e+003	-2.224399e+000
6.714741e+003	-2.237098e+000
6.724751e+003	-2.238260e+000
6.734751e+003	-2.240235e+000
6.744761e+003	-2.224882e+000
6.754771e+003	-2.242656e+000
6.764773e+003	-2.242131e+000
6.774795e+003	-2.245300e+000
6.784804e+003	-2.246908e+000
6.794824e+003	-2.246291e+000
6.804855e+003	-2.242465e+000
6.814855e+003	-2.251249e+000
6.824864e+003	-2.224050e+000
6.834875e+003	-2.247338e+000
6.844874e+003	-2.238580e+000
6.854886e+003	-2.236674e+000
6.864895e+003	-2.252074e+000
6.874896e+003	-2.252517e+000
6.884907e+003	-2.243512e+000
6.894928e+003	-2.245569e+000
6.904937e+003	-2.228242e+000
6.914947e+003	-2.255065e+000
6.924928e+003	-2.243411e+000
6.934939e+003	-2.248907e+000
6.944948e+003	-2.222334e+000
6.954948e+003	-2.247366e+000
6.964959e+003	-2.235612e+000
6.974969e+003	-2.242380e+000
6.984968e+003	-2.232500e+000
6.994979e+003	-2.255821e+000
7.004989e+003	-2.254378e+000
7.014978e+003	-2.251020e+000
7.024978e+003	-2.251523e+000
7.034988e+003	-2.236357e+000
7.044999e+003	-2.241319e+000
7.054999e+003	-2.234199e+000
7.065010e+003	-2.244488e+000
7.075009e+003	-2.246495e+000
7.085039e+003	-2.237667e+000
7.095049e+003	-2.244537e+000
7.105050e+003	-2.259357e+000
7.115060e+003	-2.255885e+000
7.125061e+003	-2.253063e+000
7.135090e+003	-2.246182e+000
7.145092e+003	-2.252789e+000
7.155149e+003	-2.242562e+000
7.165131e+003	-2.239171e+000
7.175131e+003	-2.258239e+000
7.185141e+003	-2.257336e+000
7.195141e+003	-2.240612e+000
7.205173e+003	-2.238680e+000
7.215174e+003	-2.251999e+000
7.225204e+003	-2.244254e+000
7.235204e+003	-2.266464e+000
7.245264e+003	-2.240118e+000
7.255234e+003	-2.251726e+000
7.265246e+003	-2.245296e+000
7.275255e+003	-2.246454e+000
7.285257e+003	-2.235863e+000
7.295267e+003	-2.259320e+000
7.305287e+003	-2.238339e+000
7.315297e+003	-2.225390e+000
7.325309e+003	-2.197581e+000
7.335309e+003	-2.199910e+000
7.345318e+003	-2.200061e+000
7.355329e+003	-2.181396e+000
7.365329e+003	-2.168737e+000
7.375320e+003	-2.143794e+000
7.385331e+003	-2.142715e+000
7.395331e+003	-2.120577e+000
7.405340e+003	-2.114864e+000
7.415349e+003	-2.090670e+000
7.425349e+003	-2.078703e+000
7.435360e+003	-2.061111e+000
7.445369e+003	-2.046208e+000
7.455369e+003	-2.044051e+000
7.465381e+003	-2.019539e+000
7.475389e+003	-1.997991e+000
7.485389e+003	-1.971927e+000
7.495400e+003	-1.966323e+000
7.505409e+003	-1.959653e+000
7.515409e+003	-1.937887e+000
7.525419e+003	-1.944324e+000
7.535429e+003	-1.916781e+000
7.545429e+003	-1.898099e+000
7.555421e+003	-1.889248e+000
7.565441e+003	-1.869541e+000
7.575471e+003	-1.845323e+000
7.585471e+003	-1.852949e+000
7.595480e+003	-1.856321e+000
7.605472e+003	-1.824527e+000
7.615473e+003	-1.814434e+000
7.625536e+003	-1.796511e+000
7.635503e+003	-1.776181e+000
7.645514e+003	-1.765935e+000
7.655524e+003	-1.757288e+000
7.665523e+003	-1.759322e+000
7.675535e+003	-1.735036e+000
7.685525e+003	-1.735299e+000
7.695546e+003	-1.729670e+000
7.705555e+003	-1.701248e+000
7.715565e+003	-1.692531e+000
7.725566e+003	-1.673505e+000
7.735575e+003	-1.689572e+000
7.745586e+003	-1.676613e+000
7.755567e+003	-1.666047e+000
7.765578e+003	-1.644769e+000
7.775580e+003	-1.646478e+000
7.785591e+003	-1.629669e+000
7.795602e+003	-1.633543e+000
7.805603e+003	-1.605121e+000
7.815624e+003	-1.587044e+000
7.825653e+003	-1.592927e+000
7.835654e+003	-1.583781e+000
7.845703e+003	-1.578568e+000
7.855684e+003	-1.577361e+000
7.865715e+003	-1.549994e+000
7.875715e+003	-1.547350e+000
7.885725e+003	-1.552530e+000
7.895716e+003	-1.540446e+000
7.905737e+003	-1.527634e+000
7.915746e+003	-1.541160e+000
7.925757e+003	-1.514080e+000
7.935756e+003	-1.503953e+000
7.945767e+003	-1.501881e+000
7.955777e+003	-1.495772e+000
7.965758e+003	-1.476510e+000
7.975809e+003	-1.473432e+000
7.985789e+003	-1.465185e+000
7.995801e+003	-1.456821e+000
8.005821e+003	-1.441401e+000
8.015830e+003	-1.436958e+000
8.025841e+003	-1.427521e+000
8.035840e+003	-1.426443e+000
8.045851e+003	-1.421999e+000
8.055861e+003	-1.394741e+000
8.065863e+003	-1.406645e+000
8.075853e+003	-1.384376e+000
8.085875e+003	-1.391235e+000
8.095885e+003	-1.389728e+000
8.105894e+003	-1.383573e+000
8.115875e+003	-1.372055e+000
8.125886e+003	-1.351694e+000
8.135896e+003	-1.361664e+000
8.145897e+003	-1.341739e+000
8.155907e+003	-1.350691e+000
8.165917e+003	-1.347379e+000
8.175897e+003	-1.320223e+000
8.185909e+003	-1.314011e+000
8.195957e+003	-1.312329e+000
8.205939e+003	-1.312591e+000
8.215949e+003	-1.301894e+000
8.225948e+003	-1.301865e+000
8.235960e+003	-1.273228e+000
8.245962e+003	-1.285404e+000
8.255971e+003	-1.275534e+000
8.265981e+003	-1.270254e+000
8.275980e+003	-1.260114e+000
8.285991e+003	-1.257246e+000
8.296001e+003	-1.250110e+000
8.306001e+003	-1.249157e+000
8.316013e+003	-1.243095e+000
8.326014e+003	-1.239894e+000
8.336023e+003	-1.221658e+000
8.346027e+003	-1.222466e+000
8.356057e+003	-1.209105e+000
8.366058e+003	-1.230639e+000
8.376070e+003	-1.205505e+000
8.386090e+003	-1.195732e+000
8.396100e+003	-1.194506e+000
8.406112e+003	-1.191157e+000
8.416112e+003	-1.191521e+000
8.426121e+003	-1.174959e+000
8.436122e+003	-1.167721e+000
8.446131e+003	-1.184475e+000
8.456142e+003	-1.178693e+000
8.466142e+003	-1.159721e+000
8.476152e+003	-1.150389e+000
8.486161e+003	-1.146049e+000
8.496163e+003	-1.152217e+000
8.506173e+003	-1.139918e+000
8.516164e+003	-1.127274e+000
8.526165e+003	-1.130953e+000
8.536196e+003	-1.121856e+000
8.546188e+003	-1.127181e+000
8.556188e+003	-1.102517e+000
8.566198e+003	-1.103319e+000
8.576196e+003	-1.091470e+000
8.586208e+003	-1.089149e+000
8.596217e+003	-1.084745e+000
8.606217e+003	-1.077295e+000
8.616269e+003	-1.074945e+000
8.626248e+003	-1.067611e+000
8.636257e+003	-1.039735e+000
8.646267e+003	-1.077325e+000
8.656267e+003	-1.040427e+000
8.666278e+003	-1.039283e+000
8.676269e+003	-1.029059e+000
8.686270e+003	-1.029428e+000
8.696325e+003	-1.020605e+000
8.706301e+003	-1.022309e+000
8.716310e+003	-1.018275e+000
8.726321e+003	-1.008152e+000
8.736322e+003	-1.020999e+000
8.746331e+003	-1.009296e+000
8.756352e+003	-9.920502e-001
8.766364e+003	-9.909292e-001
8.776384e+003	-9.969786e-001
8.786394e+003	-9.895483e-001
8.796404e+003	-9.734359e-001
8.806394e+003	-9.896462e-001
8.816394e+003	-9.728200e-001
8.826403e+003	-9.643979e-001
8.836413e+003	-9.693377e-001
8.846451e+003	-9.732332e-001
8.856436e+003	-9.519998e-001
8.866446e+003	-9.650786e-001
8.876456e+003	-9.482571e-001
8.886438e+003	-9.613596e-001
8.896447e+003	-9.422002e-001
8.906439e+003	-9.319827e-001
8.916448e+003	-9.238323e-001
8.926439e+003	-9.096410e-001
8.936439e+003	-9.014512e-001
8.946449e+003	-9.038194e-001
8.956458e+003	-9.026186e-001
8.966458e+003	-8.908444e-001
8.976468e+003	-8.959272e-001
8.986471e+003	-9.110714e-001
8.996481e+003	-8.926259e-001
9.006526e+003	-8.769522e-001
9.016481e+003	-8.911109e-001
9.026481e+003	-8.936657e-001
9.036492e+003	-8.822935e-001
9.046491e+003	-8.720330e-001
9.056520e+003	-8.753939e-001
9.066530e+003	-8.622086e-001
9.076551e+003	-8.714322e-001
9.086552e+003	-8.644542e-001
9.096564e+003	-8.621949e-001
9.106573e+003	-8.505749e-001
9.116563e+003	-8.570240e-001
9.126563e+003	-8.547042e-001
9.136573e+003	-8.410350e-001
9.146584e+003	-8.471403e-001
9.156584e+003	-8.513635e-001
9.166574e+003	-8.417947e-001
9.176584e+003	-8.411093e-001
9.186575e+003	-8.244555e-001
9.196574e+003	-8.315677e-001
9.206585e+003	-8.177549e-001
9.216585e+003	-8.402864e-001
9.226615e+003	-8.259420e-001
9.236625e+003	-8.185892e-001
9.246625e+003	-8.048967e-001
9.256617e+003	-7.945884e-001
9.266627e+003	-7.996879e-001
9.276629e+003	-7.765205e-001
9.286640e+003	-7.960089e-001
9.296620e+003	-7.923411e-001
9.306631e+003	-7.676572e-001
9.316641e+003	-7.750850e-001
9.326642e+003	-7.724843e-001
9.336672e+003	-7.484832e-001
9.346673e+003	-7.587499e-001
9.356684e+003	-7.520506e-001
9.366693e+003	-7.539782e-001
9.376684e+003	-7.581311e-001
9.386683e+003	-7.474862e-001
9.396693e+003	-7.402620e-001
9.406694e+003	-7.581375e-001
9.416725e+003	-7.569054e-001
9.426735e+003	-7.611863e-001
9.436734e+003	-7.503324e-001
9.446743e+003	-7.463263e-001
9.456753e+003	-7.447067e-001
9.466753e+003	-7.481590e-001
9.476763e+003	-7.439094e-001
9.486773e+003	-7.273504e-001
9.496794e+003	-7.389983e-001
9.506795e+003	-7.190613e-001
9.516848e+003	-7.223054e-001
9.526825e+003	-7.378731e-001
9.536837e+003	-7.406852e-001
9.546858e+003	-7.222044e-001
9.556887e+003	-7.279274e-001
9.566888e+003	-7.197979e-001
9.576898e+003	-7.031987e-001
9.586909e+003	-7.093499e-001
9.596909e+003	-7.154663e-001
9.606918e+003	-7.194133e-001
9.616940e+003	-7.043832e-001
9.626949e+003	-6.976959e-001
9.636960e+003	-6.936469e-001
9.646950e+003	-7.005095e-001
9.656952e+003	-6.901752e-001
9.666962e+003	-6.795507e-001
9.676962e+003	-6.908339e-001
9.686971e+003	-6.581903e-001
9.696981e+003	-6.733113e-001
9.706963e+003	-6.793665e-001
9.716993e+003	-7.024575e-001
9.726994e+003	-6.683806e-001
9.737004e+003	-6.712679e-001
9.747026e+003	-6.546108e-001
9.757036e+003	-6.668105e-001
9.767038e+003	-6.570378e-001
9.777091e+003	-6.666104e-001
9.787070e+003	-6.671776e-001
9.797081e+003	-6.561590e-001
9.807091e+003	-6.496678e-001
9.817091e+003	-6.599295e-001
9.827100e+003	-6.465147e-001
9.837110e+003	-6.368514e-001
9.847110e+003	-6.446764e-001
9.857121e+003	-6.329613e-001
9.867132e+003	-6.436880e-001
9.877130e+003	-6.380800e-001
9.887140e+003	-6.391439e-001
9.897150e+003	-6.415359e-001
9.907151e+003	-6.313678e-001
9.917161e+003	-6.324643e-001
9.927161e+003	-6.507792e-001
9.937191e+003	-6.439260e-001
9.947201e+003	-6.444668e-001
9.957201e+003	-6.385980e-001
9.967212e+003	-6.194155e-001
9.977222e+003	-6.448626e-001
9.987243e+003	-6.221690e-001
9.997252e+003	-6.215231e-001
1.000725e+004	-6.230245e-001
1.001726e+004	-6.246337e-001
1.002727e+004	-6.103300e-001
1.003727e+004	-6.270459e-001
1.004728e+004	-6.269547e-001
1.005728e+004	-6.112886e-001
1.006729e+004	-6.060122e-001
1.007730e+004	-6.041424e-001
1.008730e+004	-6.037203e-001
1.009734e+004	-5.983074e-001
1.010732e+004	-6.019890e-001
1.011732e+004	-5.975988e-001
1.012733e+004	-5.852513e-001
1.013733e+004	-5.824314e-001
1.014735e+004	-5.890002e-001
1.015736e+004	-5.612564e-001
1.016735e+004	-5.845401e-001
1.017735e+004	-5.590541e-001
1.018736e+004	-5.659071e-001
1.019736e+004	-5.653747e-001
1.020737e+004	-5.462981e-001
1.021738e+004	-5.686027e-001
1.022738e+004	-5.596030e-001
1.023739e+004	-5.577066e-001
1.024740e+004	-5.687365e-001
1.025740e+004	-5.542301e-001
1.026741e+004	-5.600027e-001
1.027741e+004	-5.369707e-001
1.028746e+004	-5.454600e-001
1.029744e+004	-5.453459e-001
1.030745e+004	-5.352767e-001
1.031746e+004	-5.273252e-001
1.032746e+004	-5.335789e-001
1.033747e+004	-5.346944e-001
1.034748e+004	-5.502094e-001
1.035748e+004	-5.491091e-001
1.036749e+004	-5.320212e-001
1.037750e+004	-5.500733e-001
1.038749e+004	-5.360363e-001
1.039749e+004	-5.323211e-001
1.040750e+004	-5.414921e-001
1.041751e+004	-5.472713e-001
1.042751e+004	-5.294530e-001
1.043750e+004	-5.400325e-001
1.044752e+004	-5.362485e-001
1.045755e+004	-5.429900e-001
1.046755e+004	-5.608648e-001
1.047761e+004	-5.326413e-001
1.048759e+004	-5.204602e-001
1.049759e+004	-5.222410e-001
1.050760e+004	-5.268475e-001
1.051761e+004	-5.213289e-001
1.052762e+004	-5.085971e-001
1.053763e+004	-5.125635e-001
1.054763e+004	-5.198326e-001
1.055764e+004	-5.275271e-001
1.056765e+004	-5.035037e-001
1.057765e+004	-5.245835e-001
1.058767e+004	-5.170068e-001
1.059770e+004	-5.344928e-001
1.060770e+004	-5.154708e-001
1.061771e+004	-5.184233e-001
1.062772e+004	-5.200140e-001
1.063772e+004	-5.064397e-001
1.064773e+004	-5.149781e-001
1.065775e+004	-5.161626e-001
1.066778e+004	-5.244159e-001
1.067778e+004	-5.007881e-001
1.068781e+004	-4.930329e-001
1.069781e+004	-4.872273e-001
1.070782e+004	-5.035140e-001
1.071783e+004	-4.854794e-001
1.072783e+004	-4.917339e-001
1.073784e+004	-5.075034e-001
1.074787e+004	-4.861777e-001
1.075787e+004	-4.937939e-001
1.076788e+004	-4.988848e-001
1.077787e+004	-5.073908e-001
1.078788e+004	-4.835124e-001
1.079787e+004	-4.903651e-001
1.080789e+004	-4.754516e-001
1.081790e+004	-5.028761e-001
1.082792e+004	-4.796056e-001
1.083793e+004	-5.088588e-001
1.084793e+004	-5.177113e-001
1.085794e+004	-4.926265e-001
1.086795e+004	-4.747763e-001
1.087795e+004	-4.978829e-001
1.088796e+004	-4.950802e-001
1.089797e+004	-4.748397e-001
1.090797e+004	-4.875426e-001
1.091803e+004	-4.753091e-001
1.092801e+004	-4.692692e-001
1.093801e+004	-4.661978e-001
1.094802e+004	-4.760773e-001
1.095803e+004	-4.789857e-001
1.096803e+004	-4.627584e-001
1.097802e+004	-4.743304e-001
1.098804e+004	-4.496524e-001
1.099807e+004	-4.498171e-001
1.100807e+004	-4.491377e-001
1.101808e+004	-4.557447e-001
1.102810e+004	-4.516265e-001
1.103813e+004	-4.583958e-001
1.104813e+004	-4.489138e-001
1.105815e+004	-4.565387e-001
1.106817e+004	-4.512428e-001
1.107817e+004	-4.575493e-001
1.108820e+004	-4.599680e-001
1.109821e+004	-4.570160e-001
1.110823e+004	-4.693714e-001
1.111824e+004	-4.552446e-001
1.112825e+004	-4.549465e-001
1.113824e+004	-4.550173e-001
1.114824e+004	-4.574801e-001
1.115825e+004	-4.399862e-001
1.116826e+004	-4.674166e-001
1.117826e+004	-4.538087e-001
1.118827e+004	-4.555515e-001
1.119828e+004	-4.549794e-001
1.120826e+004	-4.532285e-001
1.121827e+004	-4.519295e-001
1.122828e+004	-4.524519e-001
1.123828e+004	-4.609418e-001
1.124829e+004	-4.553669e-001
1.125829e+004	-4.629780e-001
1.126830e+004	-4.581346e-001
1.127831e+004	-4.355883e-001
1.128831e+004	-4.382739e-001
1.129832e+004	-4.603990e-001
1.130833e+004	-4.570685e-001
1.131833e+004	-4.579031e-001
1.132834e+004	-4.617364e-001
1.133835e+004	-4.554958e-001
1.134835e+004	-4.516107e-001
1.135836e+004	-4.493114e-001
1.136837e+004	-4.501360e-001
1.137837e+004	-4.531029e-001
1.138836e+004	-4.618982e-001
1.139837e+004	-4.676226e-001
1.140836e+004	-4.639010e-001
1.141836e+004	-4.748964e-001
1.142837e+004	-4.444025e-001
