0.000000e+000	-1.476522e+000
2.920700e+001	-1.454222e+000
4.377100e+001	-1.462266e+000
5.375800e+001	-1.442222e+000
6.376700e+001	-1.422152e+000
7.374800e+001	-1.432873e+000
8.377900e+001	-1.420890e+000
9.378000e+001	-1.421572e+000
1.038360e+002	-1.415529e+000
1.138110e+002	-1.389200e+000
1.238200e+002	-1.386022e+000
1.338110e+002	-1.376400e+000
1.438310e+002	-1.358913e+000
1.538410e+002	-1.372298e+000
1.638520e+002	-1.345160e+000
1.738510e+002	-1.357516e+000
1.838620e+002	-1.343816e+000
1.938720e+002	-1.332307e+000
2.038720e+002	-1.327645e+000
2.138820e+002	-1.326675e+000
2.238920e+002	-1.316859e+000
2.338920e+002	-1.319651e+000
2.439020e+002	-1.293297e+000
2.539040e+002	-1.274834e+000
2.639340e+002	-1.280331e+000
2.739430e+002	-1.276380e+000
2.839430e+002	-1.275081e+000
2.939530e+002	-1.281107e+000
3.039550e+002	-1.277252e+000
3.139650e+002	-1.250855e+000
3.239760e+002	-1.264010e+000
3.339970e+002	-1.244090e+000
3.440070e+002	-1.247369e+000
3.540070e+002	-1.237863e+000
3.640180e+002	-1.244499e+000
3.740280e+002	-1.261360e+000
3.840500e+002	-1.230214e+000
3.940500e+002	-1.222731e+000
4.040800e+002	-1.224730e+000
4.140730e+002	-1.217262e+000
4.240930e+002	-1.204933e+000
4.340940e+002	-1.214709e+000
4.441060e+002	-1.199783e+000
4.541160e+002	-1.209567e+000
4.641160e+002	-1.194842e+000
4.741260e+002	-1.197798e+000
4.841350e+002	-1.201982e+000
4.941360e+002	-1.179491e+000
5.041450e+002	-1.187970e+000
5.141550e+002	-1.186592e+000
5.241560e+002	-1.178817e+000
5.341470e+002	-1.184729e+000
5.441660e+002	-1.176695e+000
5.541960e+002	-1.164414e+000
5.641980e+002	-1.139505e+000
5.742270e+002	-1.157015e+000
5.842270e+002	-1.150047e+000
5.942380e+002	-1.132056e+000
6.042470e+002	-1.174206e+000
6.142470e+002	-1.125689e+000
6.242570e+002	-1.154825e+000
6.342670e+002	-1.127834e+000
6.442670e+002	-1.125257e+000
6.542770e+002	-1.129099e+000
6.642870e+002	-1.113043e+000
6.742780e+002	-1.119769e+000
6.842780e+002	-1.104182e+000
6.942890e+002	-1.098182e+000
7.042890e+002	-1.089194e+000
7.142990e+002	-1.094523e+000
7.243090e+002	-1.087560e+000
7.343100e+002	-1.080374e+000
7.443400e+002	-1.080610e+000
7.543400e+002	-1.084186e+000
7.643700e+002	-1.081919e+000
7.743820e+002	-1.082039e+000
7.844010e+002	-1.068163e+000
7.944110e+002	-1.050810e+000
8.044330e+002	-1.046715e+000
8.144430e+002	-1.033569e+000
8.244640e+002	-1.027315e+000
8.344640e+002	-1.031902e+000
8.444740e+002	-1.037461e+000
8.544840e+002	-1.023996e+000
8.644850e+002	-1.031559e+000
8.745150e+002	-1.013678e+000
8.845150e+002	-1.015342e+000
8.945250e+002	-1.005342e+000
9.045350e+002	-1.016856e+000
9.145350e+002	-9.886273e-001
9.245440e+002	-9.974642e-001
9.345550e+002	-9.897193e-001
9.445540e+002	-9.906821e-001
9.545850e+002	-9.762402e-001
9.645950e+002	-9.691318e-001
9.745940e+002	-9.530543e-001
9.845850e+002	-9.482405e-001
9.945960e+002	-9.551914e-001
1.004596e+003	-9.537440e-001
1.014587e+003	-9.437769e-001
1.024598e+003	-9.505498e-001
1.034588e+003	-9.406348e-001
1.044587e+003	-9.404017e-001
1.054598e+003	-9.416314e-001
1.064599e+003	-9.304356e-001
1.074628e+003	-9.433399e-001
1.084638e+003	-9.059957e-001
1.094659e+003	-9.211465e-001
1.104669e+003	-9.331805e-001
1.114670e+003	-9.200424e-001
1.124679e+003	-9.190275e-001
1.134689e+003	-9.258376e-001
1.144710e+003	-9.000601e-001
1.154720e+003	-9.037689e-001
1.164741e+003	-9.025257e-001
1.174742e+003	-8.999360e-001
1.184772e+003	-8.939473e-001
1.194772e+003	-8.822217e-001
1.204783e+003	-8.896295e-001
1.214793e+003	-8.981482e-001
1.224794e+003	-9.063914e-001
1.234806e+003	-8.932032e-001
1.244806e+003	-8.961660e-001
1.254818e+003	-8.822186e-001
1.264829e+003	-8.918103e-001
1.274851e+003	-8.985457e-001
1.284852e+003	-8.792395e-001
1.294881e+003	-8.731113e-001
1.304892e+003	-8.704693e-001
1.314893e+003	-8.704655e-001
1.324913e+003	-8.591320e-001
1.334923e+003	-8.485296e-001
1.344934e+003	-8.424325e-001
1.354955e+003	-8.471065e-001
1.364965e+003	-8.405981e-001
1.374965e+003	-8.361267e-001
1.384975e+003	-8.127984e-001
1.394975e+003	-8.273177e-001
1.404986e+003	-8.203188e-001
1.414995e+003	-8.102233e-001
1.424996e+003	-7.994195e-001
1.435050e+003	-8.274218e-001
1.445026e+003	-8.104356e-001
1.455038e+003	-8.127698e-001
1.465048e+003	-7.994565e-001
1.475031e+003	-8.234267e-001
1.485041e+003	-7.956255e-001
1.495060e+003	-8.042012e-001
1.505090e+003	-8.073761e-001
1.515090e+003	-7.946456e-001
1.525100e+003	-7.998449e-001
1.535110e+003	-7.917876e-001
1.545110e+003	-7.907207e-001
1.555120e+003	-7.773813e-001
1.565113e+003	-7.638601e-001
1.575112e+003	-7.815462e-001
1.585122e+003	-7.791226e-001
1.595113e+003	-7.819995e-001
1.605124e+003	-7.877504e-001
1.615123e+003	-7.844490e-001
1.625134e+003	-7.927801e-001
1.635155e+003	-7.877144e-001
1.645165e+003	-7.733010e-001
1.655174e+003	-7.781974e-001
1.665155e+003	-7.666793e-001
1.675166e+003	-7.638321e-001
1.685176e+003	-7.703536e-001
1.695176e+003	-7.575802e-001
1.705186e+003	-7.633840e-001
1.715207e+003	-7.685582e-001
1.725241e+003	-7.669950e-001
1.735226e+003	-7.612423e-001
1.745216e+003	-7.576276e-001
1.755216e+003	-7.459761e-001
1.765226e+003	-7.426358e-001
1.775236e+003	-7.511101e-001
1.785236e+003	-7.372372e-001
1.795246e+003	-7.419192e-001
1.805256e+003	-7.331389e-001
1.815278e+003	-7.268360e-001
1.825287e+003	-7.284039e-001
1.835287e+003	-7.383269e-001
1.845278e+003	-7.226681e-001
1.855298e+003	-7.326231e-001
1.865310e+003	-7.239850e-001
1.875329e+003	-7.362891e-001
1.885359e+003	-7.191010e-001
1.895361e+003	-7.238849e-001
1.905372e+003	-7.095621e-001
1.915391e+003	-7.253223e-001
1.925421e+003	-7.099010e-001
1.935421e+003	-7.221720e-001
1.945453e+003	-7.150510e-001
1.955434e+003	-7.234989e-001
1.965445e+003	-7.188132e-001
1.975435e+003	-7.229007e-001
1.985456e+003	-7.185160e-001
1.995487e+003	-7.151696e-001
2.005486e+003	-7.116267e-001
2.015500e+003	-6.992342e-001
2.025500e+003	-6.922968e-001
2.035511e+003	-6.916190e-001
2.045532e+003	-6.906795e-001
2.055561e+003	-7.009206e-001
2.065562e+003	-7.016140e-001
2.075571e+003	-7.250961e-001
2.085562e+003	-6.958829e-001
2.095583e+003	-7.059702e-001
2.105592e+003	-6.820553e-001
2.115601e+003	-6.891348e-001
2.125583e+003	-6.868781e-001
2.135592e+003	-6.824516e-001
2.145602e+003	-6.881055e-001
2.155604e+003	-6.876296e-001
2.165614e+003	-6.873106e-001
2.175635e+003	-6.697507e-001
2.185644e+003	-6.868158e-001
2.195647e+003	-6.620682e-001
2.205656e+003	-6.520169e-001
2.215666e+003	-6.828401e-001
2.225658e+003	-6.662961e-001
2.235658e+003	-6.712240e-001
2.245669e+003	-6.605197e-001
2.255668e+003	-6.685529e-001
2.265678e+003	-6.630275e-001
2.275688e+003	-6.711370e-001
2.285688e+003	-6.532146e-001
2.295699e+003	-6.582965e-001
2.305708e+003	-6.567706e-001
2.315709e+003	-6.595252e-001
2.325719e+003	-6.624981e-001
2.335730e+003	-6.497670e-001
2.345719e+003	-6.388165e-001
2.355721e+003	-6.358561e-001
2.365731e+003	-6.393917e-001
2.375731e+003	-6.551074e-001
2.385743e+003	-6.504380e-001
2.395762e+003	-6.460308e-001
2.405775e+003	-6.428663e-001
2.415794e+003	-6.416820e-001
2.425807e+003	-6.515688e-001
2.435807e+003	-6.502482e-001
2.445817e+003	-6.426949e-001
2.455827e+003	-6.444748e-001
2.465809e+003	-6.375880e-001
2.475839e+003	-6.485243e-001
2.485840e+003	-6.471300e-001
2.495903e+003	-6.306805e-001
2.505852e+003	-6.364799e-001
2.515862e+003	-6.251696e-001
2.525854e+003	-6.262274e-001
2.535855e+003	-6.175676e-001
2.545884e+003	-6.297054e-001
2.555894e+003	-6.312581e-001
2.565929e+003	-6.291303e-001
2.575915e+003	-6.447742e-001
2.585926e+003	-6.154788e-001
2.595917e+003	-5.914968e-001
2.605920e+003	-6.052585e-001
2.615929e+003	-6.053086e-001
2.625940e+003	-5.816944e-001
2.635962e+003	-5.843183e-001
2.645971e+003	-6.074275e-001
2.655972e+003	-5.742644e-001
2.665982e+003	-5.715015e-001
2.675991e+003	-5.816637e-001
2.686012e+003	-5.709193e-001
2.696022e+003	-5.798302e-001
2.706025e+003	-5.559392e-001
2.716044e+003	-5.684400e-001
2.726074e+003	-5.647428e-001
2.736074e+003	-5.755036e-001
2.746084e+003	-5.772201e-001
2.756075e+003	-5.774692e-001
2.766077e+003	-5.685399e-001
2.776108e+003	-5.839343e-001
2.786109e+003	-5.716535e-001
2.796119e+003	-5.797210e-001
2.806170e+003	-5.731540e-001
2.816169e+003	-5.549734e-001
2.826170e+003	-5.574166e-001
2.836180e+003	-5.858251e-001
2.846191e+003	-5.391330e-001
2.856190e+003	-5.450256e-001
2.866200e+003	-5.499141e-001
2.876191e+003	-5.506272e-001
2.886211e+003	-5.532727e-001
2.896223e+003	-5.419101e-001
2.906224e+003	-5.465370e-001
2.916254e+003	-5.488315e-001
2.926255e+003	-5.692658e-001
2.936265e+003	-5.616238e-001
2.946266e+003	-5.734708e-001
2.956277e+003	-5.582141e-001
2.966286e+003	-5.566561e-001
2.976287e+003	-5.521767e-001
2.986300e+003	-5.348934e-001
2.996300e+003	-5.509449e-001
3.006312e+003	-5.391947e-001
3.016331e+003	-5.481626e-001
3.026384e+003	-5.565225e-001
3.036362e+003	-5.360832e-001
3.046414e+003	-5.437733e-001
3.056393e+003	-5.585317e-001
3.066404e+003	-5.521428e-001
3.076413e+003	-5.484657e-001
3.086414e+003	-5.610481e-001
3.096423e+003	-5.395298e-001
3.106433e+003	-5.375544e-001
3.116433e+003	-5.255991e-001
3.126444e+003	-5.305133e-001
3.136464e+003	-5.435245e-001
3.146476e+003	-5.180224e-001
3.156476e+003	-5.360110e-001
3.166486e+003	-5.248365e-001
3.176478e+003	-5.222174e-001
3.186533e+003	-5.080038e-001
3.196509e+003	-5.107807e-001
3.206519e+003	-5.103763e-001
3.216518e+003	-5.176928e-001
3.226528e+003	-5.058390e-001
3.236530e+003	-4.982600e-001
3.246539e+003	-5.184040e-001
3.256550e+003	-5.001489e-001
3.266550e+003	-5.033469e-001
3.276580e+003	-4.934019e-001
3.286591e+003	-5.046376e-001
3.296590e+003	-5.244136e-001
3.306581e+003	-5.056838e-001
3.316591e+003	-5.009374e-001
3.326582e+003	-5.180012e-001
3.336582e+003	-5.199241e-001
3.346593e+003	-5.332026e-001
3.356574e+003	-5.280807e-001
3.366584e+003	-5.097740e-001
3.376596e+003	-5.038984e-001
3.386594e+003	-5.045030e-001
3.396604e+003	-4.865678e-001
3.406615e+003	-5.021305e-001
3.416596e+003	-5.024467e-001
3.426607e+003	-4.853237e-001
3.436628e+003	-4.815961e-001
3.446638e+003	-5.119019e-001
3.456659e+003	-4.853587e-001
3.466669e+003	-5.204279e-001
3.476679e+003	-4.735567e-001
3.486680e+003	-4.959105e-001
3.496690e+003	-4.916698e-001
3.506700e+003	-4.891540e-001
3.516700e+003	-4.802706e-001
3.526691e+003	-4.949932e-001
3.536712e+003	-4.834793e-001
3.546722e+003	-4.929346e-001
3.556732e+003	-4.879296e-001
3.566733e+003	-4.929591e-001
3.576742e+003	-4.901007e-001
3.586752e+003	-4.870792e-001
3.596752e+003	-4.808513e-001
3.606744e+003	-4.976173e-001
3.616753e+003	-4.911783e-001
3.626743e+003	-5.053741e-001
3.636745e+003	-4.860928e-001
3.646755e+003	-5.038214e-001
3.656756e+003	-4.877795e-001
3.666765e+003	-5.147565e-001
3.676775e+003	-4.711444e-001
3.686758e+003	-4.878960e-001
3.696769e+003	-5.293174e-001
3.706790e+003	-5.048040e-001
3.716801e+003	-4.987845e-001
3.726801e+003	-5.143020e-001
3.736812e+003	-5.044547e-001
3.746821e+003	-5.085288e-001
3.756821e+003	-5.097745e-001
3.766832e+003	-5.011166e-001
3.776842e+003	-5.216349e-001
3.786841e+003	-5.273623e-001
3.796851e+003	-5.167019e-001
3.806861e+003	-5.103519e-001
3.816842e+003	-5.023838e-001
3.826852e+003	-4.878250e-001
3.836862e+003	-5.207189e-001
3.846863e+003	-4.950803e-001
3.856875e+003	-5.005346e-001
3.866894e+003	-5.054398e-001
3.876904e+003	-5.101326e-001
3.886915e+003	-5.078265e-001
3.896904e+003	-5.077945e-001
3.906904e+003	-5.223351e-001
3.916895e+003	-5.271407e-001
3.926906e+003	-5.048690e-001
3.936895e+003	-5.222643e-001
3.946895e+003	-5.122803e-001
3.956905e+003	-5.216895e-001
3.966916e+003	-5.120049e-001
3.976915e+003	-5.045107e-001
3.986925e+003	-4.875861e-001
3.996927e+003	-4.940600e-001
4.006982e+003	-5.068324e-001
4.016966e+003	-5.157502e-001
4.026967e+003	-5.077345e-001
4.036977e+003	-4.917151e-001
4.046988e+003	-5.111342e-001
4.056986e+003	-4.965858e-001
4.066997e+003	-4.985038e-001
4.077006e+003	-5.019068e-001
4.087008e+003	-4.925582e-001
4.096998e+003	-5.093272e-001
4.107010e+003	-5.298969e-001
4.117011e+003	-5.103709e-001
4.127013e+003	-5.197638e-001
4.137043e+003	-5.311868e-001
4.147053e+003	-5.249623e-001
4.157055e+003	-5.208597e-001
4.167058e+003	-5.339429e-001
4.177068e+003	-5.275351e-001
4.187078e+003	-5.299973e-001
4.197078e+003	-5.374521e-001
4.207088e+003	-5.252136e-001
4.217097e+003	-5.197642e-001
4.227087e+003	-5.350620e-001
4.237088e+003	-5.301276e-001
4.247097e+003	-5.285285e-001
4.257107e+003	-5.296791e-001
4.267108e+003	-5.257371e-001
4.277117e+003	-5.284581e-001
4.287127e+003	-5.215607e-001
4.297127e+003	-5.208435e-001
4.307137e+003	-5.306697e-001
4.317147e+003	-5.191216e-001
4.327148e+003	-5.364945e-001
4.337157e+003	-5.351156e-001
4.347168e+003	-5.146459e-001
4.357168e+003	-5.132615e-001
4.367177e+003	-5.152475e-001
4.377178e+003	-5.417101e-001
4.387209e+003	-5.303237e-001
4.397208e+003	-5.266719e-001
4.407219e+003	-5.163180e-001
4.417210e+003	-5.099044e-001
4.427230e+003	-5.104860e-001
4.437239e+003	-5.257293e-001
4.447249e+003	-5.043714e-001
4.457250e+003	-5.243637e-001
4.467260e+003	-5.092639e-001
4.477261e+003	-5.056233e-001
4.487271e+003	-5.019665e-001
4.497262e+003	-5.125560e-001
4.507273e+003	-4.986274e-001
4.517272e+003	-4.939273e-001
4.527282e+003	-4.832306e-001
4.537303e+003	-4.982943e-001
4.547313e+003	-4.970103e-001
4.557324e+003	-4.879868e-001
4.567325e+003	-4.848094e-001
4.577315e+003	-4.886769e-001
4.587325e+003	-5.006605e-001
4.597307e+003	-4.913583e-001
4.607317e+003	-5.024580e-001
4.617327e+003	-4.966126e-001
4.627307e+003	-4.905057e-001
4.637356e+003	-5.022368e-001
4.647330e+003	-4.909386e-001
4.657352e+003	-4.845632e-001
4.667354e+003	-4.677419e-001
4.677382e+003	-4.885599e-001
4.687392e+003	-4.997315e-001
4.697392e+003	-4.973224e-001
4.707402e+003	-4.976472e-001
4.717403e+003	-4.946463e-001
4.727413e+003	-4.682860e-001
4.737422e+003	-4.791227e-001
4.747423e+003	-4.717669e-001
4.757433e+003	-4.690530e-001
4.767443e+003	-4.764538e-001
4.777444e+003	-4.743289e-001
4.787453e+003	-4.617460e-001
4.797463e+003	-4.496722e-001
4.807463e+003	-4.485798e-001
4.817473e+003	-4.630814e-001
4.827483e+003	-4.325806e-001
4.837473e+003	-4.505970e-001
4.847473e+003	-4.714478e-001
4.857484e+003	-4.342177e-001
4.867493e+003	-4.588186e-001
4.877493e+003	-4.210094e-001
4.887484e+003	-4.600456e-001
4.897495e+003	-4.426535e-001
4.907477e+003	-4.519994e-001
4.917487e+003	-4.178747e-001
4.927508e+003	-4.357822e-001
4.937518e+003	-4.426998e-001
4.947528e+003	-4.319440e-001
4.957512e+003	-4.343905e-001
4.967521e+003	-4.163428e-001
4.977541e+003	-4.118268e-001
4.987551e+003	-4.116897e-001
4.997561e+003	-4.096834e-001
5.007552e+003	-4.031896e-001
5.017572e+003	-4.058261e-001
5.027572e+003	-4.213018e-001
5.037583e+003	-4.088730e-001
5.047605e+003	-4.221295e-001
5.057614e+003	-3.986533e-001
5.067624e+003	-3.831717e-001
5.077624e+003	-4.115632e-001
5.087635e+003	-3.890255e-001
5.097645e+003	-3.955637e-001
5.107647e+003	-3.769197e-001
5.117638e+003	-3.835279e-001
5.127657e+003	-3.815105e-001
5.137668e+003	-3.727089e-001
5.147677e+003	-3.805702e-001
5.157667e+003	-3.727473e-001
5.167668e+003	-3.835657e-001
5.177677e+003	-3.809398e-001
5.187687e+003	-3.847394e-001
5.197688e+003	-3.708586e-001
5.207697e+003	-3.938236e-001
5.217698e+003	-3.744082e-001
5.227710e+003	-3.796798e-001
5.237719e+003	-3.644611e-001
5.247701e+003	-3.453619e-001
5.257711e+003	-3.914142e-001
5.267722e+003	-3.653928e-001
5.277721e+003	-3.764373e-001
5.287753e+003	-3.614982e-001
5.297755e+003	-3.684967e-001
5.307764e+003	-3.661063e-001
5.317747e+003	-3.857411e-001
5.327779e+003	-3.873860e-001
5.337780e+003	-3.813736e-001
5.347809e+003	-3.787604e-001
5.357810e+003	-3.621080e-001
5.367821e+003	-3.604650e-001
5.377842e+003	-3.615162e-001
5.387852e+003	-3.432099e-001
5.397861e+003	-3.537628e-001
5.407862e+003	-3.475180e-001
5.417871e+003	-3.551259e-001
5.427882e+003	-3.491354e-001
5.437864e+003	-3.488204e-001
5.447873e+003	-3.300973e-001
5.457894e+003	-3.482639e-001
5.467904e+003	-3.472619e-001
5.477925e+003	-3.393024e-001
5.487934e+003	-3.352651e-001
5.497945e+003	-3.352000e-001
5.507925e+003	-3.295547e-001
5.517937e+003	-3.188513e-001
5.527940e+003	-3.181373e-001
5.537969e+003	-3.113802e-001
5.547970e+003	-3.140035e-001
5.557979e+003	-3.033535e-001
5.567989e+003	-2.877077e-001
5.577989e+003	-2.993514e-001
5.588001e+003	-3.037539e-001
5.598011e+003	-3.011530e-001
5.607992e+003	-2.876013e-001
5.618004e+003	-2.776201e-001
5.628015e+003	-2.906121e-001
5.638014e+003	-2.860767e-001
5.648024e+003	-3.025443e-001
5.658025e+003	-2.816008e-001
5.668037e+003	-3.056944e-001
5.678087e+003	-2.935905e-001
5.688067e+003	-3.047196e-001
5.698078e+003	-2.742824e-001
5.708078e+003	-2.872341e-001
5.718089e+003	-2.941827e-001
5.728099e+003	-2.790058e-001
5.738120e+003	-2.942455e-001
5.748121e+003	-2.903249e-001
5.758130e+003	-3.020682e-001
5.768141e+003	-3.006186e-001
5.778141e+003	-3.010652e-001
5.788150e+003	-2.951319e-001
5.798160e+003	-3.164574e-001
5.808160e+003	-2.936784e-001
5.818170e+003	-2.810978e-001
5.828162e+003	-2.830070e-001
5.838161e+003	-2.843802e-001
5.848171e+003	-2.879638e-001
5.858181e+003	-2.933046e-001
5.868183e+003	-2.939981e-001
5.878192e+003	-2.912083e-001
5.888214e+003	-2.827804e-001
5.898224e+003	-2.791453e-001
5.908225e+003	-2.757622e-001
5.918236e+003	-2.766753e-001
5.928245e+003	-2.896854e-001
5.938246e+003	-2.873820e-001
5.948256e+003	-2.842571e-001
5.958265e+003	-2.762709e-001
5.968265e+003	-2.651831e-001
5.978275e+003	-2.837601e-001
5.988285e+003	-2.788701e-001
5.998276e+003	-2.792547e-001
6.008276e+003	-2.889084e-001
6.018286e+003	-2.740639e-001
6.028296e+003	-2.676664e-001
6.038297e+003	-2.749877e-001
6.048308e+003	-2.577394e-001
6.058307e+003	-2.660997e-001
6.068319e+003	-2.627224e-001
6.078328e+003	-2.679285e-001
6.088318e+003	-2.735419e-001
6.098318e+003	-2.592300e-001
6.108309e+003	-2.651460e-001
6.118320e+003	-2.769097e-001
6.128309e+003	-2.622772e-001
6.138310e+003	-2.548808e-001
6.148319e+003	-2.580406e-001
6.158330e+003	-2.532674e-001
6.168331e+003	-2.596630e-001
6.178321e+003	-2.570365e-001
6.188331e+003	-2.717134e-001
6.198313e+003	-2.771151e-001
6.208324e+003	-2.699623e-001
6.218333e+003	-2.525778e-001
6.228333e+003	-2.620137e-001
6.238344e+003	-2.661920e-001
6.248364e+003	-2.439661e-001
6.258375e+003	-2.727920e-001
6.268384e+003	-2.534081e-001
6.278374e+003	-2.689922e-001
6.288374e+003	-2.541269e-001
6.298385e+003	-2.382754e-001
6.308384e+003	-2.624923e-001
6.318414e+003	-2.601238e-001
6.328424e+003	-2.699983e-001
6.338424e+003	-2.676253e-001
6.348434e+003	-2.641813e-001
6.358445e+003	-2.477084e-001
6.368465e+003	-2.560973e-001
6.378475e+003	-2.661697e-001
6.388476e+003	-2.512686e-001
6.398467e+003	-2.867389e-001
6.408469e+003	-2.699378e-001
6.418479e+003	-2.457171e-001
6.428490e+003	-2.817698e-001
6.438479e+003	-2.695021e-001
6.448479e+003	-2.599579e-001
6.458490e+003	-2.648875e-001
6.468491e+003	-2.472471e-001
6.478521e+003	-2.736539e-001
6.488530e+003	-2.489088e-001
6.498530e+003	-2.578235e-001
6.508541e+003	-2.647924e-001
6.518550e+003	-2.488533e-001
6.528552e+003	-2.735780e-001
6.538603e+003	-2.669383e-001
6.548602e+003	-2.668279e-001
6.558603e+003	-2.605067e-001
6.568634e+003	-2.647491e-001
6.578625e+003	-2.756138e-001
6.588625e+003	-2.652202e-001
6.598636e+003	-2.530404e-001
6.608635e+003	-2.861909e-001
6.618668e+003	-2.484468e-001
6.628667e+003	-2.650832e-001
6.638699e+003	-2.739948e-001
6.648698e+003	-2.544899e-001
6.658708e+003	-2.711352e-001
6.668700e+003	-2.671196e-001
6.678711e+003	-2.601122e-001
6.688761e+003	-2.849589e-001
6.698732e+003	-2.738663e-001
6.708785e+003	-2.716985e-001
6.718763e+003	-2.392453e-001
6.728774e+003	-2.811465e-001
6.738794e+003	-2.637138e-001
6.748829e+003	-2.672327e-001
6.758806e+003	-2.683578e-001
6.768816e+003	-2.698551e-001
6.778825e+003	-2.560420e-001
6.788817e+003	-2.683118e-001
6.798817e+003	-2.578895e-001
6.808830e+003	-2.581200e-001
6.818830e+003	-2.672533e-001
6.828840e+003	-2.687191e-001
6.838850e+003	-2.918365e-001
6.848850e+003	-2.672892e-001
6.858841e+003	-2.708731e-001
6.868852e+003	-2.726388e-001
6.878852e+003	-2.617492e-001
6.888843e+003	-2.571075e-001
6.898855e+003	-2.486197e-001
6.908854e+003	-2.580064e-001
6.918864e+003	-2.670226e-001
6.928875e+003	-2.758721e-001
6.938874e+003	-2.587278e-001
6.948865e+003	-2.616748e-001
6.958876e+003	-2.652611e-001
6.968865e+003	-2.757246e-001
6.978865e+003	-2.636003e-001
6.988875e+003	-2.456506e-001
6.998877e+003	-2.843840e-001
7.008888e+003	-2.581820e-001
7.018898e+003	-2.633018e-001
7.028889e+003	-2.636830e-001
7.038888e+003	-2.511859e-001
7.048899e+003	-2.543867e-001
7.058899e+003	-2.854518e-001
7.068910e+003	-2.502851e-001
7.078920e+003	-2.658766e-001
7.088901e+003	-2.674957e-001
7.098911e+003	-2.956183e-001
7.108922e+003	-2.681031e-001
7.118921e+003	-2.884775e-001
7.128932e+003	-2.672526e-001
7.138942e+003	-2.818840e-001
7.148931e+003	-2.730082e-001
7.158932e+003	-2.600334e-001
7.168941e+003	-2.800470e-001
7.178942e+003	-2.810839e-001
7.188952e+003	-2.566177e-001
7.198944e+003	-2.801050e-001
7.208953e+003	-2.691438e-001
7.218953e+003	-2.813849e-001
7.228963e+003	-2.726051e-001
7.238965e+003	-2.803408e-001
7.249003e+003	-2.790970e-001
7.258996e+003	-2.551868e-001
7.269008e+003	-2.882005e-001
7.279009e+003	-2.623375e-001
7.289060e+003	-2.581339e-001
7.299039e+003	-2.547081e-001
7.309076e+003	-2.783548e-001
7.319040e+003	-2.750633e-001
7.329043e+003	-2.744468e-001
7.339054e+003	-2.745194e-001
7.349074e+003	-2.675491e-001
7.359083e+003	-2.619343e-001
7.369105e+003	-2.655157e-001
7.379115e+003	-2.777840e-001
7.389135e+003	-2.874334e-001
7.399146e+003	-3.012847e-001
7.409147e+003	-2.678421e-001
7.419158e+003	-2.503927e-001
7.429169e+003	-2.596002e-001
7.439170e+003	-2.847383e-001
7.449180e+003	-2.820231e-001
7.459182e+003	-2.636455e-001
7.469194e+003	-2.603258e-001
7.479213e+003	-2.686559e-001
7.489243e+003	-2.706565e-001
7.499243e+003	-2.779776e-001
7.509253e+003	-2.804939e-001
7.519244e+003	-2.629428e-001
7.529288e+003	-2.657547e-001
7.539273e+003	-2.815044e-001
7.549283e+003	-2.792882e-001
7.559283e+003	-2.871378e-001
7.569293e+003	-2.786181e-001
7.579303e+003	-2.821260e-001
7.589293e+003	-2.726950e-001
7.599294e+003	-2.437398e-001
7.609304e+003	-2.693565e-001
7.619313e+003	-2.861132e-001
7.629348e+003	-2.766622e-001
7.639323e+003	-2.831068e-001
7.649324e+003	-2.701491e-001
7.659336e+003	-2.603075e-001
7.669345e+003	-2.917397e-001
7.679335e+003	-2.669037e-001
7.689336e+003	-2.819015e-001
7.699326e+003	-2.642959e-001
7.709336e+003	-2.881587e-001
7.719326e+003	-2.827067e-001
7.729328e+003	-2.875299e-001
7.739339e+003	-2.694513e-001
7.749319e+003	-2.689644e-001
7.759329e+003	-2.732560e-001
7.769339e+003	-2.774463e-001
7.779339e+003	-2.722114e-001
7.789349e+003	-2.773778e-001
7.799359e+003	-2.818569e-001
7.809359e+003	-2.886344e-001
7.819371e+003	-2.650685e-001
7.829380e+003	-2.922413e-001
7.839362e+003	-2.686939e-001
7.849372e+003	-2.799366e-001
7.859383e+003	-2.746089e-001
7.869383e+003	-2.772954e-001
7.879393e+003	-2.878430e-001
7.889403e+003	-2.806446e-001
7.899384e+003	-2.637972e-001
7.909394e+003	-2.742946e-001
7.919405e+003	-2.723087e-001
7.929405e+003	-2.674354e-001
7.939415e+003	-2.573426e-001
7.949425e+003	-2.672458e-001
7.959407e+003	-2.675231e-001
7.969416e+003	-2.804245e-001
7.979425e+003	-2.785445e-001
7.989426e+003	-2.731408e-001
7.999437e+003	-2.854867e-001
8.009446e+003	-2.754020e-001
8.019447e+003	-2.768829e-001
8.029457e+003	-2.880344e-001
8.039458e+003	-2.810559e-001
8.049469e+003	-2.777979e-001
8.059472e+003	-2.804831e-001
8.069481e+003	-2.908097e-001
8.079491e+003	-2.827415e-001
8.089492e+003	-2.795711e-001
8.099503e+003	-2.767136e-001
8.109505e+003	-2.628534e-001
8.119569e+003	-2.714992e-001
8.129535e+003	-2.807488e-001
8.139545e+003	-2.939399e-001
8.149556e+003	-2.908403e-001
8.159555e+003	-2.858140e-001
8.169612e+003	-2.894350e-001
8.179586e+003	-2.881444e-001
8.189597e+003	-2.682262e-001
8.199588e+003	-2.861788e-001
8.209639e+003	-2.862497e-001
8.219619e+003	-2.749221e-001
8.229671e+003	-2.910566e-001
8.239648e+003	-2.826472e-001
8.249701e+003	-2.672409e-001
8.259680e+003	-2.781752e-001
8.269691e+003	-2.962472e-001
8.279691e+003	-2.843365e-001
8.289683e+003	-2.676408e-001
8.299685e+003	-2.672136e-001
8.309694e+003	-2.746340e-001
8.319705e+003	-2.738789e-001
8.329705e+003	-2.931141e-001
8.339715e+003	-2.897929e-001
8.349726e+003	-2.893806e-001
8.359725e+003	-2.959817e-001
8.369737e+003	-2.790683e-001
8.379737e+003	-2.798647e-001
8.389746e+003	-2.870886e-001
8.399737e+003	-2.807546e-001
8.409758e+003	-2.860467e-001
8.419768e+003	-2.720086e-001
8.429789e+003	-2.864132e-001
8.439798e+003	-2.712397e-001
8.449809e+003	-2.914526e-001
8.459791e+003	-2.767779e-001
8.469820e+003	-2.871986e-001
8.479820e+003	-2.665019e-001
8.489831e+003	-2.680554e-001
8.499840e+003	-2.742567e-001
8.509841e+003	-2.703576e-001
8.519852e+003	-2.620866e-001
8.529861e+003	-2.652937e-001
8.539851e+003	-2.595501e-001
8.549852e+003	-2.675084e-001
8.559861e+003	-2.742684e-001
8.569863e+003	-2.700769e-001
8.579874e+003	-2.666110e-001
8.589911e+003	-2.751827e-001
8.599905e+003	-2.818259e-001
8.609907e+003	-2.822009e-001
8.619917e+003	-2.715473e-001
8.629927e+003	-2.903086e-001
8.639908e+003	-2.827494e-001
8.649921e+003	-2.816045e-001
8.659932e+003	-2.801053e-001
8.669932e+003	-2.763594e-001
8.679943e+003	-2.907637e-001
8.689942e+003	-2.750609e-001
8.699996e+003	-2.788298e-001
8.709974e+003	-2.747975e-001
8.720005e+003	-2.862146e-001
8.730004e+003	-2.710470e-001
8.740014e+003	-2.839062e-001
8.750025e+003	-2.808576e-001
8.760025e+003	-2.865869e-001
8.770036e+003	-2.675889e-001
8.780088e+003	-2.931403e-001
8.790065e+003	-2.762243e-001
8.800075e+003	-2.761420e-001
8.810065e+003	-2.633879e-001
8.820065e+003	-2.876333e-001
8.830076e+003	-2.812102e-001
8.840086e+003	-2.755273e-001
8.850085e+003	-2.787012e-001
8.860095e+003	-2.787779e-001
8.870105e+003	-2.937457e-001
8.880105e+003	-2.778999e-001
8.890115e+003	-2.838345e-001
8.900125e+003	-2.643966e-001
8.910146e+003	-2.947505e-001
8.920157e+003	-2.678816e-001
8.930156e+003	-2.872118e-001
8.940166e+003	-3.042883e-001
8.950167e+003	-2.917094e-001
8.960221e+003	-2.863635e-001
8.970198e+003	-2.884031e-001
8.980229e+003	-2.635674e-001
8.990228e+003	-2.923527e-001
9.000238e+003	-2.604220e-001
9.010249e+003	-2.877777e-001
9.020249e+003	-2.916012e-001
9.030279e+003	-2.733547e-001
9.040280e+003	-3.003815e-001
9.050290e+003	-2.886420e-001
9.060300e+003	-2.828232e-001
9.070300e+003	-2.768513e-001
9.080312e+003	-2.774902e-001
9.090313e+003	-2.728243e-001
9.100323e+003	-2.805941e-001
9.110316e+003	-2.819518e-001
9.120316e+003	-2.784819e-001
9.130347e+003	-2.789211e-001
9.140346e+003	-2.794702e-001
9.150358e+003	-2.800191e-001
9.160369e+003	-3.041681e-001
9.170369e+003	-2.735372e-001
9.180379e+003	-2.887902e-001
9.190380e+003	-2.887334e-001
9.200388e+003	-2.824016e-001
9.210398e+003	-2.814462e-001
9.220399e+003	-2.894374e-001
9.230408e+003	-2.918477e-001
9.240419e+003	-2.777426e-001
9.250418e+003	-3.094021e-001
9.260428e+003	-2.877714e-001
9.270439e+003	-2.845664e-001
9.280438e+003	-2.838959e-001
9.290448e+003	-2.761832e-001
9.300459e+003	-2.837071e-001
9.310458e+003	-2.803397e-001
9.320469e+003	-3.005967e-001
9.330479e+003	-2.938266e-001
9.340469e+003	-2.951481e-001
9.350471e+003	-2.737257e-001
9.360461e+003	-2.751131e-001
9.370472e+003	-2.826091e-001
9.380453e+003	-2.942615e-001
9.390462e+003	-2.835377e-001
9.400472e+003	-2.853881e-001
9.410473e+003	-2.977612e-001
9.420482e+003	-2.745739e-001
9.430494e+003	-2.910654e-001
9.440495e+003	-2.906221e-001
9.450485e+003	-2.870317e-001
9.460487e+003	-2.719879e-001
9.470497e+003	-2.910016e-001
9.480488e+003	-3.127341e-001
9.490498e+003	-3.066358e-001
9.500520e+003	-2.805502e-001
9.510519e+003	-2.822874e-001
9.520529e+003	-2.881974e-001
9.530522e+003	-2.889599e-001
9.540541e+003	-2.777014e-001
9.550554e+003	-2.941488e-001
9.560554e+003	-2.920041e-001
9.570566e+003	-2.865896e-001
9.580585e+003	-2.862116e-001
9.590596e+003	-2.931417e-001
9.600617e+003	-2.791197e-001
9.610627e+003	-2.921175e-001
9.620647e+003	-2.857645e-001
9.630658e+003	-2.937687e-001
9.640678e+003	-2.698422e-001
9.650687e+003	-2.721070e-001
9.660698e+003	-2.852208e-001
9.670697e+003	-2.826648e-001
9.680707e+003	-2.988086e-001
9.690710e+003	-2.735557e-001
9.700740e+003	-2.740028e-001
9.710741e+003	-2.817374e-001
9.720750e+003	-2.993014e-001
9.730761e+003	-2.926753e-001
9.740760e+003	-2.815906e-001
9.750771e+003	-2.827585e-001
9.760780e+003	-2.887046e-001
9.770782e+003	-2.953771e-001
9.780791e+003	-2.791745e-001
9.790801e+003	-2.929838e-001
9.800792e+003	-2.960501e-001
9.810791e+003	-3.079880e-001
9.820801e+003	-2.800096e-001
9.830811e+003	-2.924641e-001
9.840811e+003	-2.858880e-001
9.850803e+003	-2.689615e-001
9.860813e+003	-2.792077e-001
9.870813e+003	-3.031039e-001
9.880823e+003	-2.906667e-001
9.890824e+003	-2.949816e-001
9.900836e+003	-3.000055e-001
