0.000000e+000	-2.478675e-003
9.970000e+000	-1.083318e-002
1.998200e+001	-8.135458e-003
2.998300e+001	-1.049219e-002
3.999300e+001	4.842216e-003
5.000300e+001	-1.540731e-002
6.000300e+001	-2.274749e-002
7.001400e+001	-4.774793e-003
8.002400e+001	2.498899e-003
9.002400e+001	-2.221026e-002
1.000340e+002	-2.933864e-003
1.100560e+002	-4.615744e-004
1.200660e+002	-1.086481e-002
1.300770e+002	2.797116e-003
1.400770e+002	-2.672433e-002
1.500870e+002	3.132193e-003
1.600880e+002	-7.661640e-003
1.700990e+002	-2.128499e-002
1.801080e+002	-1.870068e-002
1.900890e+002	1.754115e-003
2.001380e+002	-2.400501e-002
2.101200e+002	1.292961e-003
2.201310e+002	1.409892e-004
2.301700e+002	-5.507880e-003
2.401400e+002	1.129017e-002
2.501510e+002	-1.100799e-002
2.601900e+002	-8.506870e-003
2.701510e+002	1.541357e-003
2.801510e+002	-1.507453e-002
2.901420e+002	1.567596e-003
3.001520e+002	-8.941772e-003
3.101510e+002	5.435409e-003
3.201620e+002	-9.003332e-003
3.301720e+002	-2.879443e-002
3.401620e+002	1.070428e-003
3.501630e+002	-9.093085e-003
3.601730e+002	-7.735292e-003
3.701550e+002	-8.741534e-003
3.801860e+002	8.701512e-003
3.901870e+002	-8.240670e-003
4.001970e+002	-1.301386e-003
4.102070e+002	-1.001579e-002
4.202070e+002	-2.814691e-003
4.302170e+002	-1.362582e-002
4.402270e+002	-8.750929e-003
4.502270e+002	-2.222283e-002
4.602370e+002	-1.623050e-002
4.702470e+002	-1.477235e-002
4.802370e+002	-1.712247e-002
4.902390e+002	-2.304649e-002
5.002500e+002	-1.312187e-002
5.102310e+002	1.069302e-003
5.202410e+002	-1.862135e-002
5.302510e+002	-1.801107e-002
5.402510e+002	-9.831815e-003
5.502610e+002	-1.292678e-002
5.602520e+002	-1.394656e-002
5.702720e+002	-1.322096e-002
5.802820e+002	-1.015998e-002
5.902920e+002	-1.435679e-002
6.002920e+002	-7.953259e-003
6.103010e+002	-1.984914e-002
6.203110e+002	-2.826473e-002
6.303020e+002	-1.006683e-002
6.403010e+002	-8.081332e-003
6.503120e+002	-2.485993e-002
6.603130e+002	-4.779488e-003
6.703230e+002	-1.256512e-002
6.803330e+002	-2.641565e-002
6.903240e+002	-3.018802e-003
7.003590e+002	-9.521430e-003
7.103150e+002	-2.464777e-002
7.203160e+002	-2.780206e-002
7.303710e+002	-1.432868e-002
7.403470e+002	-3.189228e-002
7.503570e+002	-1.331152e-002
7.603670e+002	-3.417313e-002
7.703680e+002	-1.438961e-002
7.803790e+002	-2.394568e-002
7.903990e+002	-4.113820e-003
8.004090e+002	6.083881e-003
8.104190e+002	-2.977385e-002
8.204090e+002	-2.120777e-002
8.304090e+002	-1.468058e-002
8.404190e+002	-3.034505e-003
8.504290e+002	-1.209852e-002
8.604290e+002	-1.184207e-002
8.704390e+002	-1.052840e-002
8.804490e+002	-7.242668e-003
8.904490e+002	-2.141912e-002
9.004580e+002	-5.137082e-003
9.104700e+002	-1.530857e-002
9.204690e+002	-2.793975e-002
9.304790e+002	-1.576320e-002
9.404900e+002	-2.793507e-002
9.504920e+002	-3.334449e-002
9.605120e+002	-2.427101e-002
9.705230e+002	-2.019047e-002
9.805710e+002	-2.521714e-002
9.905730e+002	-4.126753e-003
1.000573e+003	4.539608e-003
1.010583e+003	-9.521456e-003
1.020593e+003	-1.930956e-002
1.030593e+003	-2.956959e-003
1.040603e+003	-4.122352e-003
1.050613e+003	-3.474700e-002
1.060613e+003	-2.080453e-002
1.070623e+003	-2.445901e-002
1.080633e+003	6.046184e-003
1.090623e+003	-1.655420e-002
1.100624e+003	-3.658636e-002
1.110634e+003	-2.132915e-002
1.120634e+003	-2.060740e-002
1.130644e+003	-4.366712e-002
1.140654e+003	-1.962916e-002
1.150654e+003	-1.992788e-002
1.160664e+003	-2.090137e-002
1.170655e+003	-2.290822e-002
1.180656e+003	-1.825993e-002
1.190666e+003	-2.045786e-002
1.200657e+003	-2.056235e-002
1.210677e+003	-1.486768e-002
1.220687e+003	-2.515983e-002
1.230697e+003	-3.354676e-002
1.240687e+003	-1.745185e-002
1.250687e+003	-2.564488e-002
1.260697e+003	-2.675976e-002
1.270707e+003	-2.601731e-002
1.280707e+003	-8.194507e-003
1.290698e+003	-3.121791e-002
1.300708e+003	-1.303899e-002
1.310698e+003	-2.547384e-002
1.320699e+003	-1.221344e-002
1.330710e+003	-2.949108e-002
1.340710e+003	-4.195016e-002
1.350721e+003	-1.921676e-002
1.360730e+003	-3.185232e-002
1.370721e+003	-2.592537e-002
1.380722e+003	-3.423993e-002
1.390732e+003	-7.505642e-003
1.400731e+003	-3.516701e-002
1.410742e+003	-1.611177e-002
1.420752e+003	-2.269046e-002
1.430752e+003	-3.293273e-002
1.440782e+003	-2.253383e-002
1.450791e+003	-2.680068e-002
1.460791e+003	-5.023698e-004
1.470782e+003	-1.469842e-002
1.480784e+003	-2.810596e-002
1.490795e+003	-7.582509e-003
1.500805e+003	-2.875449e-002
1.510795e+003	-1.922670e-002
1.520795e+003	-2.610300e-002
1.530785e+003	-2.968372e-002
1.540796e+003	-2.191158e-002
1.550796e+003	-2.644183e-002
1.560808e+003	-1.079705e-002
1.570808e+003	-3.385989e-002
1.580818e+003	-2.522199e-002
1.590809e+003	-3.386255e-002
1.600809e+003	-2.567459e-002
1.610820e+003	-2.397705e-002
1.620833e+003	-2.174268e-002
1.630889e+003	-9.072886e-003
1.640855e+003	-3.601890e-002
1.650866e+003	-2.404922e-002
1.660904e+003	-2.446969e-002
1.670916e+003	-2.553051e-002
1.680916e+003	-4.389158e-002
1.690926e+003	-1.188129e-002
1.700936e+003	-3.304372e-002
1.710936e+003	-1.639264e-002
1.720948e+003	-2.361049e-002
1.730958e+003	-4.922525e-002
1.740958e+003	-2.633150e-002
1.750968e+003	-2.020174e-002
1.760978e+003	-5.375000e-003
1.770978e+003	-1.178850e-002
1.780989e+003	-7.494705e-003
1.790999e+003	-2.263491e-002
1.800999e+003	-8.973629e-003
1.811009e+003	-3.421842e-002
1.821019e+003	-1.852836e-002
1.831019e+003	-3.468303e-002
1.841029e+003	-4.448038e-002
1.851038e+003	-4.320516e-002
1.861038e+003	-3.396364e-002
1.871048e+003	-5.428627e-002
1.881049e+003	-6.205976e-002
1.891059e+003	-6.071922e-002
1.901062e+003	-4.440915e-002
1.911072e+003	-5.603462e-002
1.921082e+003	-5.598441e-002
1.931082e+003	-7.511741e-002
1.941112e+003	-5.985594e-002
1.951122e+003	-6.915127e-002
1.961175e+003	-5.624468e-002
1.971144e+003	-5.990797e-002
1.981174e+003	-7.654137e-002
1.991184e+003	-8.562719e-002
2.001184e+003	-7.136537e-002
2.011175e+003	-8.894936e-002
2.021177e+003	-8.888617e-002
2.031208e+003	-9.982828e-002
2.041208e+003	-1.112375e-001
2.051238e+003	-1.090333e-001
2.061248e+003	-1.190269e-001
2.071248e+003	-1.237559e-001
2.081239e+003	-1.303760e-001
2.091250e+003	-1.290544e-001
2.101250e+003	-1.353049e-001
2.111260e+003	-1.555240e-001
2.121271e+003	-1.348659e-001
2.131271e+003	-1.438696e-001
2.141281e+003	-1.508831e-001
2.151281e+003	-1.654183e-001
2.161291e+003	-1.704402e-001
2.171282e+003	-1.552600e-001
2.181302e+003	-1.810406e-001
2.191332e+003	-1.875161e-001
2.201331e+003	-1.803205e-001
2.211343e+003	-1.847791e-001
2.221353e+003	-2.033058e-001
2.231353e+003	-2.187354e-001
2.241362e+003	-2.243108e-001
2.251372e+003	-2.294938e-001
2.261372e+003	-2.431255e-001
2.271382e+003	-2.368469e-001
2.281393e+003	-2.526777e-001
2.291393e+003	-2.537501e-001
2.301384e+003	-2.460845e-001
2.311394e+003	-2.613990e-001
2.321394e+003	-2.702619e-001
2.331404e+003	-2.612997e-001
2.341414e+003	-2.730939e-001
2.351404e+003	-2.710949e-001
2.361404e+003	-2.795186e-001
2.371414e+003	-2.712261e-001
2.381424e+003	-2.637727e-001
2.391424e+003	-2.671227e-001
2.401434e+003	-2.626171e-001
2.411444e+003	-2.915441e-001
2.421465e+003	-2.877621e-001
2.431475e+003	-2.775301e-001
2.441475e+003	-2.854131e-001
2.451485e+003	-2.761579e-001
2.461495e+003	-2.850347e-001
2.471495e+003	-2.816219e-001
2.481505e+003	-2.781108e-001
2.491505e+003	-2.755540e-001
2.501517e+003	-2.733854e-001
2.511528e+003	-2.789181e-001
2.521577e+003	-2.743407e-001
2.531550e+003	-2.828007e-001
2.541594e+003	-2.877237e-001
2.551581e+003	-3.022348e-001
2.561592e+003	-3.032356e-001
2.571613e+003	-2.934764e-001
2.581675e+003	-2.889172e-001
2.591644e+003	-3.086213e-001
2.601674e+003	-3.199495e-001
2.611674e+003	-3.283835e-001
2.621684e+003	-3.002528e-001
2.631694e+003	-3.047586e-001
2.641695e+003	-3.095718e-001
2.651705e+003	-3.152262e-001
2.661715e+003	-3.062346e-001
2.671715e+003	-3.188523e-001
2.681725e+003	-3.235135e-001
2.691734e+003	-3.091995e-001
2.701734e+003	-3.171413e-001
2.711787e+003	-3.194635e-001
2.721766e+003	-3.325680e-001
2.731776e+003	-3.189524e-001
2.741777e+003	-3.186591e-001
2.751787e+003	-3.272749e-001
2.761797e+003	-3.199089e-001
2.771796e+003	-3.207016e-001
2.781827e+003	-3.292397e-001
2.791837e+003	-3.318770e-001
2.801837e+003	-3.353742e-001
2.811847e+003	-3.258312e-001
2.821857e+003	-3.272917e-001
2.831857e+003	-3.199542e-001
2.841867e+003	-3.383877e-001
2.851867e+003	-3.298086e-001
2.862012e+003	-3.182770e-001
