0.000000e+000	-2.162314e-001
9.997000e+000	-2.188025e-001
2.000800e+001	-2.326851e-001
3.000700e+001	-2.304634e-001
4.001800e+001	-2.584201e-001
5.002800e+001	-2.368152e-001
6.004900e+001	-2.482394e-001
7.005900e+001	-2.457126e-001
8.005900e+001	-2.609250e-001
9.006900e+001	-2.609532e-001
1.000690e+002	-2.682126e-001
1.100790e+002	-2.427001e-001
1.200890e+002	-2.548601e-001
1.300890e+002	-2.524409e-001
1.400990e+002	-2.657393e-001
1.501090e+002	-2.795097e-001
1.601100e+002	-2.570835e-001
1.701200e+002	-2.682110e-001
1.801300e+002	-2.749281e-001
1.901300e+002	-2.931990e-001
2.001410e+002	-3.031003e-001
2.101510e+002	-3.119479e-001
2.201410e+002	-3.094973e-001
2.301410e+002	-3.076779e-001
2.401510e+002	-3.127256e-001
2.501610e+002	-3.005528e-001
2.601620e+002	-3.086072e-001
2.701530e+002	-3.054392e-001
2.801620e+002	-3.014814e-001
2.901620e+002	-3.062708e-001
3.001730e+002	-2.994180e-001
3.101740e+002	-3.022045e-001
3.201830e+002	-3.070235e-001
3.302200e+002	-3.045550e-001
3.401830e+002	-3.051453e-001
3.501850e+002	-2.939510e-001
3.601950e+002	-3.043271e-001
3.701950e+002	-3.166823e-001
3.802060e+002	-3.101835e-001
3.902270e+002	-3.094517e-001
4.002370e+002	-2.913360e-001
4.102470e+002	-2.932420e-001
4.202370e+002	-3.040533e-001
4.302370e+002	-2.943437e-001
4.402470e+002	-3.125651e-001
4.502580e+002	-3.223985e-001
4.602580e+002	-2.811750e-001
4.702680e+002	-3.077336e-001
4.802680e+002	-3.069678e-001
4.902980e+002	-3.349303e-001
5.003080e+002	-3.233504e-001
5.103080e+002	-3.190772e-001
5.203180e+002	-3.181654e-001
5.303280e+002	-3.273213e-001
5.403280e+002	-3.156066e-001
5.503380e+002	-3.308695e-001
5.603400e+002	-3.104911e-001
5.703880e+002	-3.422255e-001
5.803700e+002	-3.472129e-001
5.903800e+002	-3.485587e-001
6.003900e+002	-3.406605e-001
6.103890e+002	-3.259657e-001
6.204000e+002	-3.490669e-001
6.304100e+002	-3.369479e-001
6.404100e+002	-3.315011e-001
6.504210e+002	-3.337409e-001
6.604310e+002	-3.603188e-001
6.704310e+002	-3.400026e-001
6.804410e+002	-3.418358e-001
6.904610e+002	-3.423857e-001
7.004990e+002	-3.445189e-001
7.104820e+002	-3.440495e-001
7.204820e+002	-3.597835e-001
7.304920e+002	-3.517759e-001
7.405020e+002	-3.363474e-001
7.505230e+002	-3.496413e-001
7.605330e+002	-3.290208e-001
7.705330e+002	-3.368210e-001
7.805430e+002	-3.527087e-001
7.905530e+002	-3.321818e-001
8.005740e+002	-3.352400e-001
8.105840e+002	-3.536133e-001
8.206050e+002	-3.448512e-001
8.306150e+002	-3.302887e-001
8.406170e+002	-3.555041e-001
8.506710e+002	-3.520549e-001
8.606670e+002	-3.400797e-001
8.706680e+002	-3.362555e-001
8.806980e+002	-3.538634e-001
8.906980e+002	-3.638180e-001
9.007080e+002	-3.583050e-001
9.106990e+002	-3.588852e-001
9.207190e+002	-3.763290e-001
9.307290e+002	-3.729266e-001
9.407500e+002	-3.642913e-001
9.507600e+002	-3.690860e-001
9.607630e+002	-3.729066e-001
9.707730e+002	-3.669473e-001
9.807830e+002	-3.785631e-001
9.907830e+002	-3.723807e-001
1.000793e+003	-3.773111e-001
1.010803e+003	-3.919838e-001
1.020803e+003	-3.870791e-001
1.030814e+003	-3.823727e-001
1.040824e+003	-3.868338e-001
1.050824e+003	-3.939390e-001
1.060834e+003	-4.020169e-001
1.070844e+003	-3.970278e-001
1.080833e+003	-4.254471e-001
1.090833e+003	-4.199965e-001
1.100842e+003	-4.326927e-001
1.110843e+003	-4.304135e-001
1.120854e+003	-4.186881e-001
1.130844e+003	-4.270565e-001
1.140855e+003	-4.503479e-001
1.150857e+003	-4.535692e-001
1.160867e+003	-4.398560e-001
1.170849e+003	-4.390215e-001
1.180909e+003	-4.421056e-001
1.190878e+003	-4.495447e-001
1.200889e+003	-4.500528e-001
1.210899e+003	-4.656069e-001
1.220900e+003	-4.609044e-001
1.230910e+003	-4.872218e-001
1.240931e+003	-4.859726e-001
1.250942e+003	-4.809199e-001
1.260962e+003	-4.928462e-001
1.270972e+003	-4.874398e-001
1.280982e+003	-5.055998e-001
1.290972e+003	-4.903852e-001
1.300972e+003	-5.023744e-001
1.310982e+003	-4.858033e-001
1.320992e+003	-5.066828e-001
1.330993e+003	-5.110001e-001
1.341003e+003	-5.226575e-001
1.351003e+003	-5.223724e-001
1.361058e+003	-5.407229e-001
1.371043e+003	-5.457439e-001
1.381044e+003	-5.509115e-001
1.391054e+003	-5.371557e-001
1.401055e+003	-5.638029e-001
1.411117e+003	-5.626751e-001
1.421095e+003	-5.693930e-001
1.431116e+003	-5.893317e-001
1.441116e+003	-5.582617e-001
1.451126e+003	-5.821587e-001
1.461136e+003	-5.765904e-001
1.471136e+003	-5.698273e-001
1.481145e+003	-5.854295e-001
1.491156e+003	-5.941296e-001
1.501157e+003	-6.007491e-001
1.511166e+003	-6.086378e-001
1.521176e+003	-6.184032e-001
1.531157e+003	-6.050538e-001
1.541167e+003	-6.193994e-001
1.551177e+003	-6.315824e-001
1.561177e+003	-6.215862e-001
1.571187e+003	-6.425111e-001
1.581197e+003	-6.231635e-001
1.591197e+003	-6.395177e-001
1.601207e+003	-6.357283e-001
1.611217e+003	-6.457072e-001
1.621217e+003	-6.583586e-001
1.631228e+003	-6.690835e-001
1.641238e+003	-6.694655e-001
1.651228e+003	-6.948995e-001
1.661229e+003	-6.788184e-001
1.671239e+003	-6.786277e-001
1.681239e+003	-7.001353e-001
1.691250e+003	-7.061430e-001
1.701260e+003	-7.120331e-001
1.711250e+003	-7.284975e-001
1.721231e+003	-7.145882e-001
1.731241e+003	-7.273668e-001
1.741261e+003	-7.196905e-001
1.751273e+003	-7.406829e-001
1.761283e+003	-7.346699e-001
1.771283e+003	-7.428306e-001
1.781274e+003	-7.524374e-001
1.791295e+003	-7.629466e-001
1.801306e+003	-7.453193e-001
1.811315e+003	-7.698536e-001
1.821306e+003	-7.710327e-001
1.831307e+003	-7.820523e-001
1.841298e+003	-7.755209e-001
1.851318e+003	-8.069269e-001
1.861328e+003	-7.901095e-001
1.871338e+003	-8.061940e-001
1.881338e+003	-8.003980e-001
1.891348e+003	-8.104193e-001
1.901359e+003	-8.097353e-001
1.911359e+003	-8.114756e-001
1.921368e+003	-7.962436e-001
1.931378e+003	-8.137563e-001
1.941379e+003	-8.290695e-001
1.951389e+003	-8.143576e-001
1.961389e+003	-8.427639e-001
1.971419e+003	-8.434007e-001
1.981411e+003	-8.440462e-001
1.991411e+003	-8.420150e-001
2.001422e+003	-8.488909e-001
2.011423e+003	-8.562881e-001
2.021434e+003	-8.723639e-001
2.031454e+003	-8.856422e-001
2.041465e+003	-8.750259e-001
2.051467e+003	-8.648029e-001
2.061477e+003	-8.732941e-001
2.071487e+003	-8.987796e-001
2.081487e+003	-9.001517e-001
2.091498e+003	-9.022031e-001
2.101499e+003	-9.101940e-001
2.111530e+003	-9.054799e-001
2.121512e+003	-9.091696e-001
2.131542e+003	-9.125265e-001
2.141543e+003	-9.227009e-001
2.151553e+003	-9.265615e-001
2.161563e+003	-9.217419e-001
2.171563e+003	-9.181198e-001
2.181573e+003	-9.436566e-001
2.191583e+003	-9.443889e-001
2.201583e+003	-9.579811e-001
2.211593e+003	-9.656029e-001
2.221603e+003	-9.747654e-001
2.231604e+003	-9.486867e-001
2.241615e+003	-9.588276e-001
2.251625e+003	-9.611881e-001
2.261615e+003	-9.674213e-001
2.271615e+003	-9.709152e-001
2.281607e+003	-9.852308e-001
2.291627e+003	-9.853521e-001
2.301637e+003	-9.898905e-001
2.311647e+003	-9.864951e-001
2.321628e+003	-9.969127e-001
2.331638e+003	-9.995293e-001
2.341648e+003	-9.886395e-001
2.351648e+003	-1.018596e+000
2.361657e+003	-1.007285e+000
2.371667e+003	-1.010559e+000
2.381667e+003	-1.031602e+000
2.391726e+003	-1.015438e+000
2.401698e+003	-1.023391e+000
2.411728e+003	-1.023590e+000
2.421738e+003	-1.039865e+000
2.431738e+003	-1.037629e+000
2.441749e+003	-1.049042e+000
2.451758e+003	-1.040657e+000
2.461758e+003	-1.056496e+000
2.471768e+003	-1.044953e+000
2.481768e+003	-1.066656e+000
2.491778e+003	-1.051609e+000
2.501788e+003	-1.068194e+000
2.511789e+003	-1.071790e+000
2.521799e+003	-1.077194e+000
2.531809e+003	-1.086047e+000
2.541809e+003	-1.089052e+000
2.551820e+003	-1.079163e+000
2.561840e+003	-1.114689e+000
2.571850e+003	-1.091473e+000
2.581871e+003	-1.114081e+000
2.591882e+003	-1.111674e+000
2.601892e+003	-1.108982e+000
2.611892e+003	-1.126386e+000
2.621902e+003	-1.110960e+000
2.631903e+003	-1.117540e+000
2.641913e+003	-1.120049e+000
2.651923e+003	-1.128768e+000
2.661924e+003	-1.133528e+000
2.671936e+003	-1.137987e+000
2.681945e+003	-1.152306e+000
2.691926e+003	-1.147980e+000
2.701936e+003	-1.153574e+000
2.711946e+003	-1.162982e+000
2.721929e+003	-1.146792e+000
2.731965e+003	-1.159338e+000
2.741960e+003	-1.147636e+000
2.751971e+003	-1.176538e+000
2.761991e+003	-1.171539e+000
2.772001e+003	-1.162285e+000
2.782011e+003	-1.160531e+000
2.792000e+003	-1.175084e+000
2.802000e+003	-1.171942e+000
2.812010e+003	-1.180606e+000
2.822011e+003	-1.182500e+000
2.832021e+003	-1.174264e+000
2.842032e+003	-1.190375e+000
2.852031e+003	-1.203703e+000
2.862041e+003	-1.180750e+000
2.872051e+003	-1.195645e+000
2.882051e+003	-1.202311e+000
2.892080e+003	-1.191524e+000
2.902091e+003	-1.206244e+000
2.912091e+003	-1.223104e+000
2.922082e+003	-1.204241e+000
2.932102e+003	-1.223757e+000
2.942132e+003	-1.218929e+000
2.952132e+003	-1.211218e+000
2.962142e+003	-1.226526e+000
2.972133e+003	-1.229635e+000
2.982173e+003	-1.224949e+000
2.992144e+003	-1.231651e+000
3.002135e+003	-1.222792e+000
3.012146e+003	-1.236094e+000
3.022146e+003	-1.239245e+000
3.032157e+003	-1.249904e+000
3.042158e+003	-1.246866e+000
3.052187e+003	-1.247838e+000
3.062188e+003	-1.238157e+000
3.072246e+003	-1.244653e+000
3.082228e+003	-1.257610e+000
3.092228e+003	-1.259248e+000
3.102238e+003	-1.252544e+000
3.112238e+003	-1.266660e+000
3.122249e+003	-1.258426e+000
3.132259e+003	-1.274715e+000
3.142259e+003	-1.266758e+000
3.152269e+003	-1.276401e+000
3.162260e+003	-1.275653e+000
3.172280e+003	-1.276887e+000
3.182289e+003	-1.275718e+000
3.192300e+003	-1.279953e+000
3.202300e+003	-1.272786e+000
3.212310e+003	-1.275885e+000
3.222331e+003	-1.303934e+000
3.232366e+003	-1.279598e+000
3.242350e+003	-1.288105e+000
3.252340e+003	-1.303146e+000
3.262340e+003	-1.298948e+000
3.272332e+003	-1.301971e+000
3.282341e+003	-1.306829e+000
3.292331e+003	-1.302115e+000
3.302331e+003	-1.310059e+000
3.312341e+003	-1.303558e+000
3.322351e+003	-1.326377e+000
3.332351e+003	-1.303549e+000
3.342361e+003	-1.316960e+000
3.352371e+003	-1.322937e+000
3.362371e+003	-1.329954e+000
3.372381e+003	-1.313985e+000
3.382391e+003	-1.305422e+000
3.392391e+003	-1.323886e+000
3.402401e+003	-1.333259e+000
3.412411e+003	-1.326703e+000
3.422411e+003	-1.325964e+000
3.432402e+003	-1.339715e+000
3.442439e+003	-1.335588e+000
3.452452e+003	-1.337138e+000
3.462452e+003	-1.333251e+000
3.472462e+003	-1.346667e+000
3.482472e+003	-1.343459e+000
3.492472e+003	-1.351509e+000
3.502503e+003	-1.344934e+000
3.512503e+003	-1.343161e+000
3.522513e+003	-1.355323e+000
3.532504e+003	-1.371299e+000
3.542525e+003	-1.356720e+000
3.552536e+003	-1.366576e+000
3.562556e+003	-1.357191e+000
3.572593e+003	-1.352114e+000
3.582577e+003	-1.368311e+000
3.592577e+003	-1.364851e+000
3.602587e+003	-1.374447e+000
3.612596e+003	-1.365627e+000
3.622598e+003	-1.379208e+000
3.632608e+003	-1.388244e+000
3.642608e+003	-1.376012e+000
3.652619e+003	-1.362334e+000
3.662629e+003	-1.362053e+000
3.672609e+003	-1.384549e+000
3.682620e+003	-1.375400e+000
3.692630e+003	-1.380199e+000
3.702611e+003	-1.387808e+000
3.712622e+003	-1.385702e+000
3.722632e+003	-1.392966e+000
3.732632e+003	-1.386629e+000
3.742642e+003	-1.415486e+000
3.752652e+003	-1.391571e+000
3.762642e+003	-1.401808e+000
3.772642e+003	-1.390006e+000
3.782652e+003	-1.405667e+000
3.792653e+003	-1.396924e+000
3.802663e+003	-1.402801e+000
3.812673e+003	-1.403350e+000
3.822674e+003	-1.414492e+000
3.832684e+003	-1.412998e+000
3.842694e+003	-1.409318e+000
3.852684e+003	-1.415187e+000
3.862684e+003	-1.403972e+000
3.872694e+003	-1.405240e+000
3.882704e+003	-1.436861e+000
3.892725e+003	-1.414694e+000
3.902735e+003	-1.425872e+000
3.912735e+003	-1.415194e+000
3.922745e+003	-1.436272e+000
3.932745e+003	-1.426180e+000
3.942758e+003	-1.410841e+000
3.952778e+003	-1.438913e+000
3.962809e+003	-1.435360e+000
3.972818e+003	-1.428925e+000
3.982818e+003	-1.432797e+000
3.992840e+003	-1.419990e+000
4.002851e+003	-1.442604e+000
4.012871e+003	-1.435688e+000
4.022883e+003	-1.434028e+000
4.032893e+003	-1.438303e+000
4.042893e+003	-1.447969e+000
4.052884e+003	-1.437329e+000
4.062903e+003	-1.444463e+000
4.072933e+003	-1.448957e+000
4.082934e+003	-1.450225e+000
4.092943e+003	-1.443751e+000
4.102954e+003	-1.431894e+000
4.112953e+003	-1.454881e+000
4.122963e+003	-1.443190e+000
4.132973e+003	-1.458450e+000
4.142974e+003	-1.457341e+000
4.152984e+003	-1.456773e+000
4.162994e+003	-1.471189e+000
4.172994e+003	-1.487583e+000
4.183003e+003	-1.453592e+000
4.193014e+003	-1.466725e+000
4.203004e+003	-1.458344e+000
4.213004e+003	-1.466922e+000
4.223014e+003	-1.466409e+000
4.233024e+003	-1.458920e+000
4.243024e+003	-1.458675e+000
4.253069e+003	-1.475516e+000
4.263026e+003	-1.481041e+000
4.273026e+003	-1.477310e+000
4.283036e+003	-1.471940e+000
4.293046e+003	-1.480538e+000
4.303046e+003	-1.476877e+000
4.313056e+003	-1.479993e+000
4.323066e+003	-1.482322e+000
4.333066e+003	-1.468584e+000
4.343076e+003	-1.469148e+000
4.353086e+003	-1.488236e+000
4.363087e+003	-1.484661e+000
4.373097e+003	-1.476271e+000
4.383107e+003	-1.489818e+000
4.393107e+003	-1.487131e+000
4.403117e+003	-1.478191e+000
4.413117e+003	-1.501974e+000
4.423174e+003	-1.486719e+000
4.433149e+003	-1.506955e+000
4.443160e+003	-1.502453e+000
4.453171e+003	-1.508048e+000
4.463192e+003	-1.505672e+000
4.473193e+003	-1.505679e+000
4.483244e+003	-1.503091e+000
4.493223e+003	-1.508520e+000
4.503278e+003	-1.507233e+000
4.513254e+003	-1.506293e+000
4.523308e+003	-1.512096e+000
4.533284e+003	-1.507161e+000
4.543294e+003	-1.503069e+000
4.553304e+003	-1.507499e+000
4.563305e+003	-1.508025e+000
4.573316e+003	-1.517555e+000
4.583336e+003	-1.522225e+000
4.593347e+003	-1.516585e+000
4.603367e+003	-1.503111e+000
4.613377e+003	-1.507506e+000
4.623387e+003	-1.525446e+000
4.633368e+003	-1.507215e+000
4.643377e+003	-1.508068e+000
4.653388e+003	-1.525030e+000
4.663388e+003	-1.525353e+000
4.673398e+003	-1.510982e+000
4.683408e+003	-1.525613e+000
4.693409e+003	-1.525533e+000
4.703438e+003	-1.517576e+000
4.713448e+003	-1.527534e+000
4.723448e+003	-1.529441e+000
4.733458e+003	-1.530550e+000
4.743468e+003	-1.540582e+000
4.753468e+003	-1.536628e+000
4.763478e+003	-1.552121e+000
4.773489e+003	-1.534535e+000
4.783489e+003	-1.550055e+000
4.793499e+003	-1.541861e+000
4.803500e+003	-1.535432e+000
4.813530e+003	-1.539392e+000
4.823531e+003	-1.550382e+000
4.833560e+003	-1.544263e+000
4.843561e+003	-1.541358e+000
4.853571e+003	-1.551476e+000
4.863581e+003	-1.539306e+000
4.873581e+003	-1.547055e+000
4.883591e+003	-1.548778e+000
4.893600e+003	-1.535987e+000
4.903601e+003	-1.536668e+000
4.913614e+003	-1.546461e+000
4.923614e+003	-1.546882e+000
4.933624e+003	-1.548467e+000
4.943634e+003	-1.551681e+000
4.953634e+003	-1.552294e+000
4.963644e+003	-1.560825e+000
4.973665e+003	-1.557203e+000
4.983676e+003	-1.557797e+000
4.993686e+003	-1.553403e+000
5.003686e+003	-1.554384e+000
5.013696e+003	-1.539191e+000
5.023698e+003	-1.569265e+000
5.033708e+003	-1.548513e+000
5.043718e+003	-1.556809e+000
5.053708e+003	-1.571400e+000
5.063709e+003	-1.561813e+000
5.073700e+003	-1.568636e+000
5.083720e+003	-1.562682e+000
5.093730e+003	-1.567362e+000
5.103740e+003	-1.564262e+000
5.113730e+003	-1.558077e+000
5.123730e+003	-1.560626e+000
5.133740e+003	-1.565336e+000
5.143750e+003	-1.559269e+000
5.153750e+003	-1.582040e+000
5.163741e+003	-1.550122e+000
5.173752e+003	-1.576685e+000
5.183733e+003	-1.582402e+000
5.193743e+003	-1.570075e+000
5.203752e+003	-1.583459e+000
5.213754e+003	-1.575461e+000
5.223763e+003	-1.580987e+000
5.233785e+003	-1.578996e+000
5.243795e+003	-1.586701e+000
5.253830e+003	-1.573659e+000
5.263808e+003	-1.569881e+000
5.273817e+003	-1.568751e+000
5.283817e+003	-1.599875e+000
5.293827e+003	-1.587602e+000
5.303837e+003	-1.582202e+000
5.313827e+003	-1.578037e+000
5.323830e+003	-1.579753e+000
5.333850e+003	-1.583188e+000
5.343860e+003	-1.581082e+000
5.353870e+003	-1.582921e+000
5.363851e+003	-1.592943e+000
5.373861e+003	-1.569678e+000
5.383871e+003	-1.592258e+000
5.393872e+003	-1.593989e+000
5.403882e+003	-1.594291e+000
5.413929e+003	-1.585675e+000
5.423914e+003	-1.573148e+000
5.433935e+003	-1.574089e+000
5.443944e+003	-1.579122e+000
5.453954e+003	-1.570618e+000
5.463944e+003	-1.590004e+000
5.473945e+003	-1.605990e+000
5.483955e+003	-1.597293e+000
5.493956e+003	-1.596629e+000
5.503965e+003	-1.595585e+000
5.513976e+003	-1.585238e+000
5.523975e+003	-1.595993e+000
5.534005e+003	-1.583489e+000
5.544015e+003	-1.588610e+000
5.554015e+003	-1.579980e+000
5.564007e+003	-1.604035e+000
5.574017e+003	-1.597584e+000
5.584017e+003	-1.602656e+000
5.594028e+003	-1.598528e+000
5.604038e+003	-1.615461e+000
5.614038e+003	-1.600609e+000
5.624048e+003	-1.590618e+000
5.634058e+003	-1.610300e+000
5.644079e+003	-1.594171e+000
5.654089e+003	-1.601901e+000
5.664089e+003	-1.592484e+000
5.674099e+003	-1.594704e+000
5.684099e+003	-1.610780e+000
5.694108e+003	-1.582137e+000
5.704118e+003	-1.605572e+000
5.714118e+003	-1.612826e+000
5.724128e+003	-1.611493e+000
5.734119e+003	-1.610370e+000
5.744139e+003	-1.617570e+000
5.754149e+003	-1.604421e+000
5.764159e+003	-1.613965e+000
5.774159e+003	-1.595100e+000
5.784169e+003	-1.616824e+000
5.794179e+003	-1.610712e+000
5.804161e+003	-1.618057e+000
5.814171e+003	-1.603470e+000
5.824181e+003	-1.606216e+000
5.834181e+003	-1.616231e+000
5.844192e+003	-1.603512e+000
5.854212e+003	-1.614624e+000
5.864222e+003	-1.615481e+000
5.874234e+003	-1.609921e+000
5.884233e+003	-1.612069e+000
5.894243e+003	-1.609583e+000
5.904253e+003	-1.618661e+000
5.914253e+003	-1.612654e+000
5.924244e+003	-1.618378e+000
5.934253e+003	-1.618722e+000
5.944235e+003	-1.612215e+000
5.954246e+003	-1.617454e+000
5.964267e+003	-1.618212e+000
5.974302e+003	-1.614491e+000
5.984280e+003	-1.613606e+000
5.994333e+003	-1.609352e+000
6.004311e+003	-1.623822e+000
6.014321e+003	-1.606272e+000
6.024331e+003	-1.604181e+000
6.034332e+003	-1.627060e+000
6.044341e+003	-1.646387e+000
6.054352e+003	-1.621248e+000
6.064333e+003	-1.616799e+000
6.074342e+003	-1.614956e+000
6.084353e+003	-1.632077e+000
6.094354e+003	-1.626631e+000
6.104363e+003	-1.638619e+000
6.114384e+003	-1.622674e+000
6.124395e+003	-1.638208e+000
6.134396e+003	-1.616147e+000
6.144406e+003	-1.623152e+000
6.154416e+003	-1.617399e+000
6.164416e+003	-1.631268e+000
6.174426e+003	-1.627936e+000
6.184417e+003	-1.618534e+000
6.194452e+003	-1.636196e+000
6.204428e+003	-1.622496e+000
6.214438e+003	-1.625076e+000
6.224439e+003	-1.644334e+000
6.234448e+003	-1.644193e+000
6.244458e+003	-1.631827e+000
6.254458e+003	-1.639736e+000
6.264468e+003	-1.619151e+000
6.274459e+003	-1.631560e+000
6.284468e+003	-1.624371e+000
6.294470e+003	-1.636663e+000
6.304460e+003	-1.628069e+000
6.314480e+003	-1.633798e+000
6.324493e+003	-1.628524e+000
6.334494e+003	-1.637778e+000
6.344524e+003	-1.646703e+000
6.354524e+003	-1.631801e+000
6.364555e+003	-1.633325e+000
6.374555e+003	-1.637955e+000
6.384565e+003	-1.634477e+000
6.394575e+003	-1.626499e+000
6.404576e+003	-1.643012e+000
6.414586e+003	-1.634213e+000
6.424577e+003	-1.657772e+000
6.434597e+003	-1.638008e+000
6.444607e+003	-1.635340e+000
6.454618e+003	-1.647169e+000
6.464619e+003	-1.647313e+000
6.474611e+003	-1.652886e+000
6.484611e+003	-1.644206e+000
6.494623e+003	-1.636974e+000
6.504634e+003	-1.658808e+000
6.514634e+003	-1.636491e+000
6.524644e+003	-1.642882e+000
6.534644e+003	-1.639437e+000
6.544708e+003	-1.639485e+000
6.554674e+003	-1.636989e+000
6.564683e+003	-1.642674e+000
6.574675e+003	-1.647181e+000
6.584695e+003	-1.644794e+000
6.594705e+003	-1.638422e+000
6.604715e+003	-1.643734e+000
6.614715e+003	-1.661766e+000
6.624726e+003	-1.648853e+000
6.634783e+003	-1.645919e+000
6.644756e+003	-1.647723e+000
6.654767e+003	-1.644305e+000
6.664768e+003	-1.625718e+000
6.674759e+003	-1.641802e+000
6.684760e+003	-1.648852e+000
6.694770e+003	-1.624074e+000
6.704780e+003	-1.638754e+000
6.714780e+003	-1.648353e+000
6.724811e+003	-1.636537e+000
6.734812e+003	-1.648608e+000
6.744822e+003	-1.653298e+000
6.754831e+003	-1.655582e+000
6.764831e+003	-1.633808e+000
6.774841e+003	-1.638417e+000
6.784851e+003	-1.642280e+000
6.794851e+003	-1.632126e+000
6.804917e+003	-1.636034e+000
6.814883e+003	-1.640252e+000
6.824913e+003	-1.624557e+000
6.834923e+003	-1.595037e+000
6.844923e+003	-1.617778e+000
6.854933e+003	-1.599140e+000
6.864943e+003	-1.606738e+000
6.874943e+003	-1.605426e+000
6.884952e+003	-1.614181e+000
6.894954e+003	-1.608661e+000
6.904984e+003	-1.620005e+000
6.914984e+003	-1.613155e+000
6.924994e+003	-1.606277e+000
6.935003e+003	-1.615207e+000
6.945003e+003	-1.623918e+000
6.955013e+003	-1.619506e+000
6.965004e+003	-1.618662e+000
6.975024e+003	-1.607812e+000
6.985034e+003	-1.598896e+000
6.995055e+003	-1.616130e+000
7.005065e+003	-1.616935e+000
7.015075e+003	-1.608415e+000
7.025057e+003	-1.618974e+000
7.035067e+003	-1.622588e+000
7.045077e+003	-1.599776e+000
7.055058e+003	-1.618912e+000
7.065107e+003	-1.629349e+000
7.075089e+003	-1.625710e+000
7.085099e+003	-1.628372e+000
7.095090e+003	-1.626971e+000
7.105110e+003	-1.628455e+000
7.115121e+003	-1.620539e+000
7.125122e+003	-1.625599e+000
7.135132e+003	-1.616313e+000
7.145123e+003	-1.634433e+000
7.155143e+003	-1.628546e+000
7.165153e+003	-1.631679e+000
7.175155e+003	-1.614347e+000
7.185165e+003	-1.632239e+000
7.195157e+003	-1.634246e+000
7.205158e+003	-1.621017e+000
7.215169e+003	-1.633990e+000
7.225172e+003	-1.629595e+000
7.235183e+003	-1.628750e+000
7.245193e+003	-1.621761e+000
7.255183e+003	-1.637829e+000
7.265184e+003	-1.632818e+000
7.275193e+003	-1.620783e+000
7.285195e+003	-1.600786e+000
7.295204e+003	-1.629338e+000
7.305215e+003	-1.621490e+000
7.315198e+003	-1.617921e+000
7.325209e+003	-1.614079e+000
7.335209e+003	-1.617167e+000
7.345239e+003	-1.618941e+000
7.355238e+003	-1.611796e+000
7.365249e+003	-1.634740e+000
7.375259e+003	-1.626158e+000
7.385259e+003	-1.618410e+000
7.395269e+003	-1.627103e+000
7.405279e+003	-1.620284e+000
7.415279e+003	-1.620683e+000
7.425309e+003	-1.622817e+000
7.435311e+003	-1.610707e+000
7.445321e+003	-1.631444e+000
7.455331e+003	-1.624336e+000
7.465321e+003	-1.603883e+000
7.475321e+003	-1.616642e+000
7.485312e+003	-1.632457e+000
7.495322e+003	-1.615618e+000
7.505312e+003	-1.628772e+000
7.515312e+003	-1.629295e+000
7.525323e+003	-1.630640e+000
7.535323e+003	-1.620924e+000
7.545333e+003	-1.639172e+000
7.555324e+003	-1.619288e+000
7.565334e+003	-1.614935e+000
7.575334e+003	-1.610791e+000
7.585345e+003	-1.628708e+000
7.595355e+003	-1.623783e+000
7.605355e+003	-1.625529e+000
7.615365e+003	-1.621108e+000
7.625366e+003	-1.614525e+000
7.635396e+003	-1.617299e+000
7.645397e+003	-1.620159e+000
7.655407e+003	-1.609650e+000
7.665418e+003	-1.630238e+000
7.675408e+003	-1.624731e+000
7.685389e+003	-1.637790e+000
7.695399e+003	-1.634719e+000
7.705409e+003	-1.634668e+000
7.715399e+003	-1.633942e+000
7.725401e+003	-1.633374e+000
7.735411e+003	-1.624860e+000
7.745410e+003	-1.617000e+000
7.755420e+003	-1.629260e+000
7.765441e+003	-1.637915e+000
7.775450e+003	-1.628240e+000
7.785461e+003	-1.611065e+000
7.795442e+003	-1.619285e+000
7.805452e+003	-1.609259e+000
7.815462e+003	-1.579992e+000
7.825462e+003	-1.588845e+000
7.835472e+003	-1.557458e+000
7.845482e+003	-1.556257e+000
7.855482e+003	-1.531749e+000
7.865512e+003	-1.534956e+000
7.875522e+003	-1.513508e+000
7.885522e+003	-1.506738e+000
7.895532e+003	-1.482329e+000
7.905542e+003	-1.486162e+000
7.915541e+003	-1.474163e+000
7.925552e+003	-1.458212e+000
7.935552e+003	-1.433980e+000
7.945564e+003	-1.430492e+000
7.955584e+003	-1.414181e+000
7.965642e+003	-1.370275e+000
7.975614e+003	-1.377442e+000
7.985673e+003	-1.366264e+000
7.995645e+003	-1.363301e+000
8.005655e+003	-1.349589e+000
8.015665e+003	-1.330224e+000
8.025665e+003	-1.298469e+000
8.035675e+003	-1.313570e+000
8.045685e+003	-1.304405e+000
8.055686e+003	-1.274333e+000
8.065716e+003	-1.252560e+000
8.075726e+003	-1.264289e+000
8.085728e+003	-1.247022e+000
8.095739e+003	-1.254610e+000
8.105738e+003	-1.234586e+000
8.115730e+003	-1.223879e+000
8.125740e+003	-1.207769e+000
8.135740e+003	-1.202995e+000
8.145750e+003	-1.178714e+000
8.155759e+003	-1.177855e+000
8.165740e+003	-1.172276e+000
8.175750e+003	-1.161796e+000
8.185741e+003	-1.151488e+000
8.195751e+003	-1.144434e+000
8.205751e+003	-1.142672e+000
8.215761e+003	-1.120603e+000
8.225762e+003	-1.119402e+000
8.235772e+003	-1.099681e+000
8.245781e+003	-1.106476e+000
8.255782e+003	-1.094703e+000
8.265792e+003	-1.091776e+000
8.275783e+003	-1.081675e+000
8.285793e+003	-1.075402e+000
8.295794e+003	-1.065541e+000
8.305785e+003	-1.051528e+000
8.315805e+003	-1.032829e+000
8.325815e+003	-1.047572e+000
8.335825e+003	-1.022390e+000
8.345815e+003	-1.034761e+000
8.355815e+003	-9.998211e-001
8.365825e+003	-1.006809e+000
8.375835e+003	-1.013345e+000
8.385835e+003	-9.891792e-001
8.395846e+003	-9.881391e-001
8.405837e+003	-9.682348e-001
8.415838e+003	-9.683969e-001
8.425848e+003	-9.636448e-001
8.435848e+003	-9.634203e-001
8.445858e+003	-9.515600e-001
8.455848e+003	-9.595203e-001
8.465887e+003	-9.460553e-001
8.475860e+003	-9.257906e-001
8.485869e+003	-9.266145e-001
8.495879e+003	-9.232103e-001
8.505860e+003	-9.130464e-001
8.515871e+003	-8.905139e-001
8.525881e+003	-9.265461e-001
8.535871e+003	-9.173557e-001
8.545891e+003	-9.040528e-001
8.555881e+003	-9.007754e-001
8.565891e+003	-8.854238e-001
8.575891e+003	-8.666095e-001
8.585901e+003	-8.650185e-001
8.595911e+003	-8.663432e-001
8.605911e+003	-8.469128e-001
8.615921e+003	-8.345477e-001
8.625930e+003	-8.421414e-001
8.635930e+003	-8.465191e-001
8.645940e+003	-8.321882e-001
8.655950e+003	-8.309402e-001
8.665971e+003	-7.997120e-001
8.675972e+003	-8.090847e-001
8.686026e+003	-8.035622e-001
8.696003e+003	-8.054524e-001
8.706052e+003	-7.891394e-001
8.716033e+003	-7.906238e-001
8.726043e+003	-7.860546e-001
8.736053e+003	-7.587552e-001
8.746054e+003	-7.784412e-001
8.756065e+003	-7.636986e-001
8.766085e+003	-7.573440e-001
8.776095e+003	-7.533062e-001
8.786105e+003	-7.566305e-001
8.796105e+003	-7.451695e-001
8.806115e+003	-7.353698e-001
8.816117e+003	-7.255091e-001
8.826127e+003	-7.346141e-001
8.836137e+003	-7.237591e-001
8.846137e+003	-7.076746e-001
8.856148e+003	-7.159392e-001
8.866150e+003	-7.099603e-001
8.876181e+003	-6.977629e-001
8.886181e+003	-6.922666e-001
8.896191e+003	-7.006967e-001
8.906182e+003	-6.798517e-001
8.916192e+003	-6.617665e-001
8.926191e+003	-7.018768e-001
8.936235e+003	-6.891906e-001
8.946212e+003	-6.962033e-001
8.956202e+003	-6.809532e-001
8.966202e+003	-6.853761e-001
8.976212e+003	-6.745378e-001
8.986213e+003	-6.799021e-001
8.996224e+003	-6.633644e-001
9.006234e+003	-6.680754e-001
9.016234e+003	-6.702341e-001
9.026242e+003	-6.598560e-001
9.036254e+003	-6.405331e-001
9.046234e+003	-6.638991e-001
9.056245e+003	-6.448085e-001
9.066255e+003	-6.249376e-001
9.076237e+003	-6.312264e-001
9.086267e+003	-6.253046e-001
9.096267e+003	-6.251913e-001
9.106277e+003	-6.224236e-001
9.116287e+003	-6.270899e-001
9.126287e+003	-6.304973e-001
9.136297e+003	-6.104329e-001
9.146307e+003	-6.156119e-001
9.156308e+003	-6.055582e-001
9.166318e+003	-6.168970e-001
9.176329e+003	-5.908688e-001
9.186330e+003	-5.882519e-001
9.196340e+003	-5.961373e-001
9.206340e+003	-5.935547e-001
9.216350e+003	-5.732741e-001
9.226342e+003	-5.843791e-001
9.236351e+003	-5.722275e-001
9.246351e+003	-5.680274e-001
9.256360e+003	-5.661597e-001
9.266362e+003	-5.797952e-001
9.276372e+003	-5.631029e-001
9.286382e+003	-5.502972e-001
9.296382e+003	-5.433735e-001
9.306436e+003	-5.554230e-001
9.316413e+003	-5.492381e-001
9.326471e+003	-5.312488e-001
9.336454e+003	-5.512395e-001
9.346454e+003	-5.261077e-001
9.356445e+003	-5.231849e-001
9.366465e+003	-5.248018e-001
9.376476e+003	-5.213463e-001
9.386528e+003	-5.293224e-001
9.396526e+003	-5.126009e-001
9.406560e+003	-5.240184e-001
9.416557e+003	-5.119079e-001
9.426557e+003	-5.095181e-001
9.436588e+003	-5.037810e-001
9.446589e+003	-5.210944e-001
9.456618e+003	-5.052886e-001
9.466600e+003	-4.994212e-001
9.476610e+003	-5.065022e-001
9.486620e+003	-4.777281e-001
9.496620e+003	-4.975098e-001
9.506630e+003	-4.883631e-001
9.516640e+003	-4.866172e-001
9.526640e+003	-5.214402e-001
9.536651e+003	-4.884097e-001
9.546661e+003	-5.108279e-001
9.556662e+003	-4.957666e-001
9.566671e+003	-4.803691e-001
9.576681e+003	-4.786039e-001
9.586681e+003	-5.019137e-001
9.596692e+003	-4.849914e-001
9.606702e+003	-4.771311e-001
9.616702e+003	-4.744236e-001
9.626712e+003	-4.727541e-001
9.636713e+003	-4.850232e-001
9.646723e+003	-4.875510e-001
9.656733e+003	-4.572465e-001
9.666724e+003	-4.744606e-001
9.676724e+003	-4.531727e-001
9.686734e+003	-4.733986e-001
9.696744e+003	-4.708624e-001
9.706744e+003	-4.590510e-001
9.716754e+003	-4.547845e-001
9.726764e+003	-4.358367e-001
9.736812e+003	-4.477644e-001
9.746795e+003	-4.500215e-001
9.756795e+003	-4.293665e-001
9.766809e+003	-4.478658e-001
9.776809e+003	-4.423667e-001
9.786819e+003	-4.318887e-001
9.796829e+003	-4.502351e-001
9.806829e+003	-4.437812e-001
9.816820e+003	-4.476716e-001
9.826831e+003	-4.439535e-001
9.836831e+003	-4.347247e-001
9.846840e+003	-4.324071e-001
9.856851e+003	-4.221164e-001
9.866872e+003	-4.121739e-001
9.876881e+003	-4.176513e-001
9.886881e+003	-4.184256e-001
9.896891e+003	-4.063864e-001
9.906901e+003	-4.027209e-001
9.916903e+003	-3.800584e-001
9.926914e+003	-3.856106e-001
9.936914e+003	-3.721233e-001
9.946924e+003	-3.784925e-001
9.956925e+003	-3.865577e-001
9.966955e+003	-3.671549e-001
9.976956e+003	-3.944565e-001
9.986986e+003	-3.828568e-001
9.996996e+003	-3.822651e-001
1.000700e+004	-3.753472e-001
1.001701e+004	-3.792920e-001
1.002701e+004	-3.737181e-001
1.003702e+004	-3.739829e-001
1.004701e+004	-3.850593e-001
1.005703e+004	-3.800368e-001
1.006704e+004	-3.802993e-001
1.007706e+004	-3.666481e-001
1.008707e+004	-3.710855e-001
1.009708e+004	-3.854375e-001
1.010708e+004	-3.611086e-001
1.011709e+004	-3.631720e-001
1.012711e+004	-3.676312e-001
1.013712e+004	-3.563538e-001
1.014714e+004	-3.625154e-001
1.015715e+004	-3.286809e-001
1.016716e+004	-3.443213e-001
1.017715e+004	-3.441132e-001
1.018715e+004	-3.525491e-001
1.019716e+004	-3.340429e-001
1.020716e+004	-3.483592e-001
1.021717e+004	-3.431056e-001
1.022718e+004	-3.344093e-001
1.023718e+004	-3.370607e-001
1.024720e+004	-3.247585e-001
1.025719e+004	-3.338557e-001
1.026721e+004	-3.397914e-001
1.027722e+004	-3.377825e-001
1.028720e+004	-3.262379e-001
1.029721e+004	-3.352375e-001
1.030722e+004	-3.230387e-001
1.031722e+004	-3.631694e-001
1.032723e+004	-3.559174e-001
1.033722e+004	-3.303063e-001
1.034723e+004	-3.391748e-001
1.035723e+004	-3.427982e-001
1.036724e+004	-3.462127e-001
1.037725e+004	-3.391003e-001
1.038725e+004	-3.349817e-001
1.039726e+004	-3.403548e-001
1.040727e+004	-3.218983e-001
1.041727e+004	-3.246322e-001
1.042726e+004	-3.315049e-001
1.043727e+004	-3.203224e-001
1.044726e+004	-3.260565e-001
1.045726e+004	-3.397280e-001
1.046727e+004	-3.291047e-001
1.047728e+004	-3.291067e-001
1.048730e+004	-3.277387e-001
1.049729e+004	-3.146471e-001
1.050729e+004	-3.307914e-001
1.051730e+004	-3.169950e-001
1.052730e+004	-3.273444e-001
1.053731e+004	-3.083329e-001
1.054730e+004	-3.098693e-001
1.055731e+004	-2.916801e-001
1.056731e+004	-3.178245e-001
1.057732e+004	-3.159572e-001
1.058733e+004	-3.094617e-001
1.059733e+004	-3.023279e-001
1.060734e+004	-3.087061e-001
1.061735e+004	-2.940596e-001
1.062736e+004	-2.829183e-001
1.063737e+004	-2.925679e-001
1.064737e+004	-3.089086e-001
1.065738e+004	-2.877050e-001
1.066739e+004	-3.019255e-001
1.067739e+004	-2.871147e-001
1.068740e+004	-3.012807e-001
1.069741e+004	-3.043905e-001
1.070741e+004	-3.025421e-001
1.071742e+004	-2.811950e-001
1.072742e+004	-2.964449e-001
1.073745e+004	-2.888296e-001
1.074746e+004	-2.947898e-001
1.075746e+004	-2.762703e-001
1.076745e+004	-2.794552e-001
1.077747e+004	-2.805849e-001
1.078753e+004	-2.806498e-001
1.079750e+004	-2.952932e-001
1.080751e+004	-2.856532e-001
1.081750e+004	-2.901114e-001
1.082751e+004	-2.924591e-001
1.083751e+004	-2.676978e-001
1.084752e+004	-2.619247e-001
1.085752e+004	-2.662558e-001
1.086758e+004	-2.686942e-001
1.087755e+004	-2.542804e-001
1.088762e+004	-2.760151e-001
1.089758e+004	-2.582446e-001
1.090759e+004	-2.610149e-001
1.091760e+004	-2.542401e-001
1.092760e+004	-2.529701e-001
1.093761e+004	-2.553393e-001
1.094762e+004	-2.597516e-001
1.095762e+004	-2.491439e-001
1.096763e+004	-2.500127e-001
1.097764e+004	-2.538927e-001
1.098763e+004	-2.474227e-001
1.099763e+004	-2.473200e-001
1.100764e+004	-2.588672e-001
1.101765e+004	-2.543092e-001
1.102765e+004	-2.571706e-001
1.103764e+004	-2.499057e-001
1.104765e+004	-2.343030e-001
1.105764e+004	-2.421743e-001
1.106765e+004	-2.413353e-001
1.107766e+004	-2.386408e-001
1.108766e+004	-2.310852e-001
1.109767e+004	-2.398724e-001
1.110767e+004	-2.246494e-001
1.111768e+004	-2.562082e-001
1.112769e+004	-2.336624e-001
1.113769e+004	-2.396233e-001
1.114770e+004	-2.327003e-001
1.115771e+004	-2.476919e-001
1.116771e+004	-2.648605e-001
1.117772e+004	-2.483350e-001
1.118773e+004	-2.461603e-001
1.119773e+004	-2.357766e-001
1.120772e+004	-2.114365e-001
1.121773e+004	-2.327842e-001
1.122773e+004	-2.366765e-001
1.123774e+004	-2.346948e-001
1.124774e+004	-2.318552e-001
1.125775e+004	-2.190056e-001
1.126776e+004	-2.209039e-001
1.127776e+004	-2.194872e-001
1.128777e+004	-2.162551e-001
1.129778e+004	-2.181133e-001
1.130777e+004	-2.380553e-001
1.131777e+004	-2.191575e-001
1.132778e+004	-2.308268e-001
1.133779e+004	-2.096366e-001
1.134780e+004	-2.090843e-001
1.135781e+004	-2.159048e-001
1.136779e+004	-2.091785e-001
1.137780e+004	-2.128974e-001
1.138781e+004	-2.084565e-001
1.139781e+004	-2.106072e-001
1.140782e+004	-2.148386e-001
1.141781e+004	-2.198677e-001
1.142781e+004	-2.069447e-001
1.143782e+004	-2.128352e-001
1.144781e+004	-2.073260e-001
1.145783e+004	-2.105674e-001
1.146784e+004	-1.985052e-001
1.147790e+004	-2.194966e-001
1.148787e+004	-2.125986e-001
1.149788e+004	-1.914848e-001
1.150786e+004	-2.116072e-001
1.151787e+004	-2.206382e-001
1.152788e+004	-1.999266e-001
1.153789e+004	-2.036018e-001
1.154790e+004	-2.070282e-001
1.155790e+004	-2.293243e-001
1.156791e+004	-2.210940e-001
1.157790e+004	-2.000794e-001
1.158790e+004	-2.064634e-001
1.159791e+004	-1.965835e-001
1.160792e+004	-2.038885e-001
1.161792e+004	-2.187179e-001
1.162793e+004	-2.050020e-001
1.163794e+004	-2.011044e-001
1.164794e+004	-2.050226e-001
1.165798e+004	-1.980629e-001
1.166795e+004	-1.958625e-001
1.167798e+004	-2.141933e-001
1.168798e+004	-2.096539e-001
1.169805e+004	-2.024634e-001
1.170801e+004	-2.236988e-001
1.171802e+004	-2.074911e-001
1.172803e+004	-2.182616e-001
1.173803e+004	-2.145733e-001
1.174804e+004	-1.954099e-001
1.175805e+004	-2.013036e-001
1.176805e+004	-2.100019e-001
1.177806e+004	-1.979964e-001
1.178807e+004	-2.103596e-001
1.179806e+004	-2.029280e-001
1.180806e+004	-1.969731e-001
1.181807e+004	-1.930845e-001
1.182808e+004	-2.174389e-001
1.183808e+004	-2.098766e-001
1.184809e+004	-1.974912e-001
1.185810e+004	-2.101375e-001
1.186811e+004	-2.071130e-001
1.187812e+004	-2.156615e-001
1.188812e+004	-2.095747e-001
1.189813e+004	-1.964262e-001
1.190813e+004	-2.098655e-001
1.191819e+004	-2.203331e-001
1.192815e+004	-2.060161e-001
1.193815e+004	-2.041910e-001
1.194816e+004	-2.106320e-001
1.195816e+004	-1.900671e-001
1.196817e+004	-2.111039e-001
1.197818e+004	-2.085312e-001
1.198818e+004	-2.090366e-001
1.199819e+004	-2.073647e-001
1.200820e+004	-1.864264e-001
1.201820e+004	-1.865899e-001
1.202821e+004	-1.864628e-001
1.203821e+004	-1.866685e-001
1.204824e+004	-1.896891e-001
1.205825e+004	-1.786308e-001
1.206825e+004	-1.985865e-001
1.207826e+004	-1.770490e-001
1.208827e+004	-1.948097e-001
1.209827e+004	-1.888726e-001
1.210828e+004	-1.981211e-001
1.211829e+004	-1.959848e-001
1.212829e+004	-1.663528e-001
1.213828e+004	-1.810692e-001
1.214830e+004	-1.824175e-001
1.215832e+004	-1.957122e-001
1.216837e+004	-1.881894e-001
1.217835e+004	-1.707875e-001
1.218836e+004	-1.750518e-001
1.219838e+004	-1.850454e-001
1.220838e+004	-1.868193e-001
1.221839e+004	-1.747558e-001
1.222838e+004	-1.833665e-001
1.223839e+004	-1.704752e-001
1.224839e+004	-1.617016e-001
1.225840e+004	-1.581489e-001
1.226841e+004	-1.545039e-001
1.227841e+004	-1.710314e-001
1.228842e+004	-1.622539e-001
1.229842e+004	-1.757823e-001
1.230843e+004	-1.815115e-001
1.231844e+004	-1.725937e-001
1.232844e+004	-1.637212e-001
1.233847e+004	-1.818747e-001
1.234844e+004	-1.562994e-001
1.235846e+004	-1.693224e-001
1.236847e+004	-1.690534e-001
1.237849e+004	-1.666156e-001
1.238850e+004	-1.723548e-001
1.239855e+004	-1.669170e-001
1.240853e+004	-1.599355e-001
1.241854e+004	-1.824894e-001
1.242853e+004	-1.685583e-001
1.243853e+004	-1.791274e-001
1.244854e+004	-1.547212e-001
1.245855e+004	-1.830663e-001
1.246856e+004	-1.732239e-001
1.247857e+004	-1.740321e-001
1.248857e+004	-1.626023e-001
1.249856e+004	-1.633179e-001
1.250857e+004	-1.849065e-001
1.251855e+004	-1.738396e-001
1.252856e+004	-1.744119e-001
1.253857e+004	-1.811943e-001
1.254857e+004	-1.814235e-001
1.255861e+004	-1.838078e-001
1.256859e+004	-1.798456e-001
1.257859e+004	-1.687079e-001
1.258860e+004	-1.774016e-001
1.259861e+004	-1.952165e-001
1.260861e+004	-1.898651e-001
1.261862e+004	-1.924695e-001
1.262863e+004	-1.989349e-001
1.263861e+004	-1.828237e-001
1.264862e+004	-2.045462e-001
1.265861e+004	-1.997988e-001
1.266863e+004	-2.096815e-001
1.267864e+004	-1.955303e-001
1.268865e+004	-2.155591e-001
1.269865e+004	-1.925126e-001
1.270866e+004	-1.961473e-001
1.271867e+004	-1.935561e-001
1.272867e+004	-1.835243e-001
1.273868e+004	-1.972234e-001
1.274868e+004	-1.857703e-001
1.275871e+004	-1.893609e-001
1.276872e+004	-1.934169e-001
1.277872e+004	-1.906190e-001
1.278873e+004	-1.886429e-001
1.279874e+004	-1.778967e-001
1.280876e+004	-1.905179e-001
1.281878e+004	-1.782549e-001
1.282878e+004	-1.786842e-001
