0.000000e+000	1.122351e+000
9.993000e+000	1.138013e+000
2.002500e+001	1.135904e+000
3.002400e+001	1.110449e+000
4.003400e+001	1.126516e+000
5.004600e+001	1.138150e+000
6.004400e+001	1.147914e+000
7.005600e+001	1.153781e+000
8.004500e+001	1.122248e+000
9.006500e+001	1.115203e+000
1.000770e+002	1.152577e+000
1.100860e+002	1.102957e+000
1.200680e+002	1.128619e+000
1.300780e+002	1.142076e+000
1.400880e+002	1.117960e+000
1.500880e+002	1.100287e+000
1.600980e+002	1.135187e+000
1.701090e+002	1.100456e+000
1.801080e+002	1.134716e+000
1.901210e+002	1.116591e+000
2.001200e+002	1.125031e+000
2.101300e+002	1.127307e+000
2.201210e+002	1.114020e+000
2.301410e+002	1.109952e+000
2.401520e+002	1.135384e+000
2.501720e+002	1.140188e+000
2.601810e+002	1.161943e+000
2.701920e+002	1.129271e+000
2.801830e+002	1.096522e+000
2.901810e+002	1.136103e+000
3.001930e+002	1.137316e+000
3.102010e+002	1.104416e+000
3.202010e+002	1.110407e+000
3.302120e+002	1.110427e+000
3.402230e+002	1.104875e+000
3.502430e+002	1.109898e+000
3.602520e+002	1.142015e+000
3.702540e+002	1.124402e+000
3.802630e+002	1.133071e+000
3.902630e+002	1.124320e+000
4.002940e+002	1.125521e+000
4.103050e+002	1.167212e+000
4.203030e+002	1.122981e+000
4.303140e+002	1.111961e+000
4.403130e+002	1.166030e+000
4.503250e+002	1.101930e+000
4.603330e+002	1.147649e+000
4.703330e+002	1.128416e+000
4.803430e+002	1.145984e+000
4.903350e+002	1.121812e+000
5.003540e+002	1.105654e+000
5.103650e+002	1.134319e+000
5.203860e+002	1.136515e+000
5.303960e+002	1.113196e+000
5.404060e+002	1.138336e+000
5.503860e+002	1.136805e+000
5.603990e+002	1.136411e+000
5.704100e+002	1.125344e+000
5.803890e+002	1.129725e+000
5.904000e+002	1.117044e+000
6.004100e+002	1.105274e+000
6.103920e+002	1.098630e+000
6.204010e+002	1.129740e+000
6.304110e+002	1.109947e+000
6.404120e+002	1.136191e+000
6.504210e+002	1.142415e+000
6.604310e+002	1.104775e+000
6.704330e+002	1.115185e+000
6.804420e+002	1.120067e+000
6.904520e+002	1.116200e+000
7.004320e+002	1.134396e+000
7.104420e+002	1.150617e+000
7.204520e+002	1.128904e+000
7.304550e+002	1.123346e+000
7.404660e+002	1.125887e+000
7.504860e+002	1.120610e+000
7.604970e+002	1.113775e+000
7.705170e+002	1.137476e+000
7.805250e+002	1.136786e+000
7.905690e+002	1.126018e+000
8.005250e+002	1.146809e+000
8.105250e+002	1.144652e+000
8.205190e+002	1.174481e+000
8.305370e+002	1.127278e+000
8.405490e+002	1.129707e+000
8.505590e+002	1.110297e+000
8.605580e+002	1.123330e+000
8.705670e+002	1.149850e+000
8.805770e+002	1.124127e+000
8.905580e+002	1.149139e+000
9.005680e+002	1.145024e+000
9.105800e+002	1.129143e+000
9.205780e+002	1.132755e+000
9.305890e+002	1.109962e+000
9.405790e+002	1.142153e+000
9.505800e+002	1.133609e+000
9.605910e+002	1.108944e+000
9.706000e+002	1.103180e+000
9.806000e+002	1.142961e+000
9.906320e+002	1.117268e+000
1.000642e+003	1.124834e+000
1.010642e+003	1.125856e+000
1.020653e+003	1.129877e+000
1.030652e+003	1.139756e+000
1.040682e+003	1.113288e+000
1.050683e+003	1.109624e+000
1.060713e+003	1.125573e+000
1.070723e+003	1.131729e+000
1.080723e+003	1.138261e+000
1.090733e+003	1.136886e+000
1.100733e+003	1.125544e+000
1.110743e+003	1.132020e+000
1.120752e+003	1.112385e+000
1.130752e+003	1.146320e+000
1.140762e+003	1.120627e+000
1.150772e+003	1.116476e+000
1.160774e+003	1.143237e+000
1.170782e+003	1.162722e+000
1.180793e+003	1.158939e+000
1.190793e+003	1.138161e+000
1.200835e+003	1.146812e+000
1.210814e+003	1.116375e+000
1.220804e+003	1.146688e+000
1.230805e+003	1.147172e+000
1.240813e+003	1.139913e+000
1.250825e+003	1.112689e+000
1.260823e+003	1.145715e+000
1.270835e+003	1.148400e+000
1.280843e+003	1.129490e+000
1.290845e+003	1.088457e+000
1.300855e+003	1.075326e+000
1.310847e+003	1.106139e+000
1.320845e+003	1.115029e+000
1.330855e+003	1.126342e+000
1.340865e+003	1.135710e+000
1.350865e+003	1.121224e+000
1.360857e+003	1.125435e+000
1.370867e+003	1.134169e+000
1.380848e+003	1.119188e+000
1.390857e+003	1.122063e+000
1.400867e+003	1.074722e+000
1.410869e+003	1.056300e+000
1.420898e+003	1.059529e+000
1.430900e+003	1.062908e+000
1.440929e+003	1.069428e+000
1.450932e+003	1.066117e+000
1.460960e+003	1.057343e+000
1.470971e+003	1.060796e+000
1.480970e+003	1.066885e+000
1.490980e+003	1.014337e+000
1.500980e+003	1.011324e+000
1.510991e+003	1.028496e+000
1.521000e+003	1.035260e+000
1.531001e+003	1.042907e+000
1.541011e+003	1.022275e+000
1.551021e+003	1.037226e+000
1.561019e+003	1.009101e+000
1.571052e+003	9.931358e-001
1.581050e+003	9.838849e-001
1.591060e+003	9.890834e-001
1.601072e+003	9.635010e-001
1.611070e+003	9.682550e-001
1.621080e+003	9.486999e-001
1.631090e+003	9.486614e-001
1.641090e+003	9.514453e-001
1.651121e+003	9.448873e-001
1.661130e+003	9.432560e-001
1.671131e+003	9.116874e-001
1.681141e+003	9.256927e-001
1.691141e+003	9.066583e-001
1.701153e+003	8.532994e-001
1.711172e+003	8.600425e-001
1.721202e+003	8.603049e-001
1.731202e+003	8.727105e-001
1.741213e+003	8.745836e-001
1.751222e+003	8.462577e-001
1.761222e+003	9.025443e-001
1.771233e+003	8.719140e-001
1.781242e+003	8.964104e-001
1.791243e+003	8.777400e-001
1.801252e+003	9.082186e-001
1.811262e+003	8.564516e-001
1.821262e+003	8.538473e-001
1.831274e+003	8.438212e-001
1.841282e+003	8.730804e-001
1.851265e+003	8.209433e-001
1.861276e+003	8.431303e-001
1.871286e+003	8.438946e-001
1.881287e+003	8.404986e-001
1.891297e+003	8.035254e-001
1.901317e+003	8.609772e-001
1.911328e+003	8.244736e-001
1.921337e+003	8.490821e-001
1.931318e+003	8.517592e-001
1.941329e+003	8.420532e-001
1.951338e+003	8.207559e-001
1.961337e+003	8.197694e-001
1.971349e+003	8.045069e-001
1.981357e+003	7.820260e-001
1.991357e+003	7.785940e-001
2.001387e+003	7.856683e-001
2.011397e+003	7.660244e-001
2.021398e+003	8.195809e-001
2.031407e+003	8.129211e-001
2.041418e+003	7.729468e-001
2.051419e+003	8.036936e-001
2.061427e+003	7.594494e-001
2.071429e+003	7.592805e-001
2.081458e+003	7.634306e-001
2.091458e+003	8.438504e-001
2.101469e+003	8.268402e-001
2.111491e+003	8.277952e-001
2.121520e+003	7.830314e-001
2.131523e+003	8.121517e-001
2.141551e+003	8.175156e-001
2.151551e+003	8.060700e-001
2.161561e+003	7.800727e-001
2.171571e+003	8.024752e-001
2.181573e+003	8.099859e-001
2.191585e+003	7.658042e-001
2.201605e+003	7.825326e-001
2.211615e+003	7.977753e-001
2.221623e+003	7.790336e-001
2.231615e+003	7.583138e-001
2.241614e+003	7.609780e-001
2.251624e+003	7.583806e-001
2.261626e+003	7.322234e-001
2.271636e+003	7.299308e-001
2.281646e+003	7.414831e-001
2.291636e+003	7.494465e-001
2.301637e+003	7.266886e-001
2.311647e+003	7.335650e-001
2.321637e+003	7.233672e-001
2.331618e+003	6.955639e-001
2.341629e+003	7.154383e-001
2.351639e+003	7.231896e-001
2.361637e+003	7.144301e-001
2.371650e+003	7.607612e-001
2.381658e+003	7.728633e-001
2.391660e+003	7.377506e-001
2.401670e+003	7.442658e-001
2.411678e+003	7.258682e-001
2.421668e+003	6.871719e-001
2.431669e+003	7.140631e-001
2.441679e+003	7.552154e-001
2.451682e+003	7.087093e-001
2.461691e+003	7.267445e-001
2.471701e+003	7.130905e-001
2.481700e+003	7.351334e-001
2.491711e+003	7.138884e-001
2.501721e+003	7.326924e-001
2.511724e+003	7.033330e-001
2.521732e+003	7.229536e-001
2.531732e+003	7.161362e-001
2.541742e+003	6.525644e-001
2.551752e+003	6.853845e-001
2.561743e+003	6.796889e-001
2.571743e+003	6.844124e-001
2.581753e+003	6.788276e-001
2.591754e+003	7.093140e-001
2.601766e+003	7.020110e-001
2.611778e+003	6.903986e-001
2.621776e+003	6.816396e-001
2.631767e+003	7.007364e-001
2.641778e+003	6.942075e-001
2.651779e+003	6.850607e-001
2.661788e+003	6.883871e-001
2.671800e+003	6.737129e-001
2.681790e+003	6.611215e-001
2.691788e+003	6.788591e-001
2.701798e+003	6.904606e-001
2.711800e+003	6.900224e-001
2.721810e+003	7.179138e-001
2.731820e+003	6.844527e-001
2.741812e+003	6.819567e-001
2.751810e+003	6.892805e-001
2.761801e+003	6.858127e-001
2.771823e+003	6.571353e-001
2.781834e+003	7.120856e-001
2.791834e+003	6.687273e-001
2.801845e+003	6.990486e-001
2.811836e+003	6.507747e-001
2.821845e+003	6.608777e-001
2.831866e+003	6.647926e-001
2.841867e+003	6.572478e-001
2.851877e+003	6.671125e-001
2.861886e+003	6.522584e-001
2.871886e+003	6.398300e-001
2.881898e+003	6.616436e-001
2.891908e+003	6.271624e-001
2.901907e+003	6.176297e-001
2.911918e+003	6.247267e-001
2.921938e+003	6.273066e-001
2.931948e+003	6.556442e-001
2.941969e+003	6.220816e-001
2.951979e+003	6.275795e-001
2.961992e+003	5.892739e-001
2.971991e+003	5.897310e-001
2.981982e+003	6.108967e-001
2.992001e+003	5.953490e-001
3.002012e+003	6.189462e-001
3.012021e+003	6.090368e-001
3.022024e+003	6.002150e-001
3.032033e+003	6.050193e-001
3.042043e+003	5.941828e-001
3.052043e+003	5.954265e-001
3.062053e+003	5.738917e-001
3.072054e+003	5.999140e-001
3.082064e+003	6.056947e-001
3.092057e+003	5.737234e-001
3.102056e+003	5.885054e-001
3.112067e+003	5.723075e-001
3.122078e+003	5.814646e-001
3.132067e+003	5.981469e-001
3.142067e+003	5.782092e-001
3.152077e+003	5.308834e-001
3.162087e+003	5.488948e-001
3.172077e+003	5.519947e-001
3.182077e+003	5.610217e-001
3.192088e+003	5.673732e-001
3.202090e+003	5.167626e-001
3.212098e+003	5.476144e-001
3.222089e+003	5.520234e-001
3.232091e+003	5.157700e-001
3.242101e+003	5.518933e-001
3.252121e+003	5.491491e-001
3.262131e+003	5.632190e-001
3.272142e+003	5.360269e-001
3.282141e+003	5.352254e-001
3.292181e+003	5.010887e-001
3.302163e+003	5.110254e-001
3.312163e+003	5.262115e-001
3.322175e+003	5.179256e-001
3.332173e+003	5.197783e-001
3.342184e+003	5.091296e-001
3.352206e+003	4.998483e-001
3.362215e+003	5.205822e-001
3.372225e+003	4.891645e-001
3.382215e+003	5.196561e-001
3.392215e+003	5.425032e-001
3.402225e+003	4.959983e-001
3.412237e+003	4.747153e-001
3.422235e+003	5.178712e-001
3.432245e+003	5.269914e-001
3.442255e+003	4.888605e-001
3.452255e+003	4.892645e-001
3.462266e+003	4.971410e-001
3.472257e+003	4.898671e-001
3.482257e+003	5.034840e-001
3.492267e+003	4.657209e-001
3.502268e+003	4.630827e-001
3.512299e+003	4.640752e-001
3.522299e+003	4.706646e-001
3.532329e+003	4.747145e-001
3.542340e+003	4.742039e-001
3.552362e+003	4.576439e-001
3.562363e+003	4.913265e-001
3.572392e+003	4.648997e-001
3.582402e+003	4.410581e-001
3.592423e+003	4.382549e-001
3.602424e+003	4.588678e-001
3.612456e+003	4.503433e-001
3.622454e+003	4.642582e-001
3.632464e+003	4.544601e-001
3.642455e+003	4.294602e-001
3.652466e+003	4.235462e-001
3.662467e+003	3.935376e-001
3.672475e+003	4.371011e-001
3.682475e+003	4.447067e-001
3.692508e+003	4.274245e-001
3.702506e+003	4.004450e-001
3.712516e+003	4.135692e-001
3.722507e+003	4.357560e-001
3.732527e+003	4.162599e-001
3.742538e+003	4.018944e-001
3.752560e+003	3.920309e-001
3.762568e+003	4.006966e-001
3.772578e+003	3.477904e-001
3.782559e+003	3.742357e-001
3.792571e+003	4.148132e-001
3.802579e+003	3.884641e-001
3.812580e+003	3.795375e-001
3.822591e+003	3.438501e-001
3.832599e+003	3.593146e-001
3.842601e+003	3.696640e-001
3.852610e+003	3.553937e-001
3.862619e+003	3.478807e-001
3.872610e+003	3.500118e-001
3.882611e+003	3.499131e-001
3.892622e+003	3.361773e-001
3.902630e+003	3.233467e-001
3.912631e+003	3.446747e-001
3.922642e+003	3.331732e-001
3.932651e+003	3.151456e-001
3.942650e+003	3.054434e-001
3.952661e+003	3.019831e-001
3.962661e+003	3.127129e-001
3.972673e+003	3.139888e-001
3.982683e+003	3.106747e-001
3.992673e+003	3.068786e-001
4.002674e+003	2.846712e-001
4.012683e+003	3.170034e-001
4.022694e+003	3.043279e-001
4.032695e+003	2.775655e-001
4.042705e+003	2.889837e-001
4.052686e+003	2.761641e-001
4.062698e+003	2.837611e-001
4.072719e+003	2.661822e-001
4.082731e+003	2.415683e-001
4.092730e+003	2.807365e-001
4.102740e+003	2.619712e-001
4.112750e+003	2.606148e-001
4.122749e+003	2.414811e-001
4.132759e+003	2.291545e-001
4.142769e+003	2.480071e-001
4.152769e+003	2.236130e-001
4.162799e+003	2.710396e-001
4.172809e+003	2.535021e-001
4.182809e+003	2.402969e-001
4.192821e+003	2.053863e-001
4.202829e+003	2.291749e-001
4.212831e+003	2.232114e-001
4.222851e+003	2.146816e-001
4.232914e+003	1.980632e-001
4.242883e+003	2.184320e-001
4.252912e+003	1.968899e-001
4.262912e+003	1.947785e-001
4.272922e+003	2.172292e-001
4.282933e+003	1.789213e-001
4.292932e+003	1.881151e-001
4.302943e+003	1.642703e-001
4.312953e+003	2.137620e-001
4.322955e+003	1.959517e-001
4.332964e+003	1.564572e-001
4.342973e+003	1.776056e-001
4.352973e+003	1.734870e-001
4.362983e+003	1.254760e-001
4.372993e+003	1.544401e-001
4.382983e+003	1.456561e-001
4.392984e+003	1.539566e-001
4.402993e+003	1.567746e-001
4.413005e+003	1.454242e-001
4.423005e+003	1.369194e-001
4.433014e+003	1.581612e-001
4.443015e+003	1.255689e-001
4.453026e+003	1.261983e-001
4.463036e+003	1.594656e-001
4.473026e+003	1.280760e-001
4.483026e+003	1.327094e-001
4.493019e+003	8.511318e-002
4.503027e+003	1.041438e-001
4.513017e+003	1.087365e-001
4.523019e+003	1.089165e-001
4.533028e+003	1.022572e-001
4.543030e+003	1.068724e-001
4.553039e+003	1.181211e-001
4.563050e+003	1.090162e-001
4.573038e+003	6.793400e-002
4.583042e+003	1.165872e-001
4.593050e+003	1.213418e-001
4.603050e+003	1.120518e-001
4.613063e+003	5.918552e-002
4.623063e+003	8.883781e-002
4.633072e+003	4.314205e-002
4.643083e+003	4.801448e-002
4.653065e+003	7.430859e-002
4.663076e+003	6.522564e-002
4.673084e+003	6.680370e-002
4.683084e+003	5.464182e-002
4.693094e+003	6.356034e-002
4.703104e+003	4.306678e-002
4.713105e+003	3.405205e-002
4.723149e+003	5.977926e-002
4.733126e+003	4.983838e-003
4.743126e+003	5.945018e-002
4.753135e+003	5.530661e-002
4.763146e+003	3.451277e-002
4.773128e+003	3.846187e-002
4.783137e+003	4.827327e-002
4.793148e+003	-8.796452e-003
4.803149e+003	3.612847e-002
4.813157e+003	2.895663e-002
4.823159e+003	2.639243e-004
4.833171e+003	8.076276e-003
4.843161e+003	1.902928e-003
4.853163e+003	2.575981e-002
4.863173e+003	-3.237480e-002
4.873183e+003	3.066803e-002
4.883183e+003	-1.051239e-002
4.893194e+003	-1.943804e-002
4.903214e+003	-4.478700e-004
4.913244e+003	-1.653098e-002
4.923244e+003	-7.277467e-003
4.933256e+003	-1.675128e-002
4.943277e+003	-2.580642e-002
4.953286e+003	-4.005986e-002
4.963295e+003	-2.875733e-002
4.973297e+003	-1.188890e-002
4.983305e+003	-3.201352e-002
4.993315e+003	-1.236176e-002
5.003299e+003	-2.504862e-002
5.013310e+003	-2.469594e-002
5.023328e+003	-3.758650e-002
5.033339e+003	-7.343426e-003
5.043340e+003	-3.718717e-002
5.053407e+003	-3.487843e-002
5.063371e+003	-1.291956e-002
5.073381e+003	-3.950366e-002
5.083391e+003	-4.673205e-002
5.093391e+003	-3.366353e-002
5.103402e+003	-5.500128e-002
5.113413e+003	-5.474339e-002
5.123412e+003	-7.531222e-002
5.133423e+003	-6.189454e-002
5.143435e+003	-6.102263e-002
5.153433e+003	-5.484561e-002
5.163445e+003	-8.907488e-002
5.173444e+003	-4.838521e-002
5.183454e+003	-5.498876e-002
5.193464e+003	-6.257960e-002
5.203464e+003	-5.808619e-002
5.213522e+003	-8.874952e-002
5.223506e+003	-5.402993e-002
5.233504e+003	-1.065269e-001
5.243515e+003	-7.418954e-002
5.253508e+003	-9.699300e-002
5.263507e+003	-1.002907e-001
5.273498e+003	-8.742202e-002
5.283509e+003	-8.412179e-002
5.293498e+003	-9.344955e-002
5.303500e+003	-9.235670e-002
5.313509e+003	-1.060164e-001
5.323503e+003	-9.634943e-002
5.333522e+003	-1.161885e-001
5.343523e+003	-9.905123e-002
5.353533e+003	-1.065395e-001
5.363543e+003	-1.483226e-001
5.373542e+003	-1.053771e-001
5.383552e+003	-1.257748e-001
5.393562e+003	-1.141835e-001
5.403562e+003	-1.265890e-001
5.413573e+003	-1.126370e-001
5.423584e+003	-1.021342e-001
5.433585e+003	-1.454026e-001
5.443594e+003	-1.289418e-001
5.453596e+003	-1.055075e-001
5.463605e+003	-1.214876e-001
5.473615e+003	-1.316086e-001
5.483605e+003	-1.453080e-001
5.493607e+003	-1.463590e-001
5.503615e+003	-1.365155e-001
5.513616e+003	-1.470737e-001
5.523627e+003	-1.159663e-001
5.533639e+003	-1.707565e-001
5.543637e+003	-1.292426e-001
5.553647e+003	-1.705383e-001
5.563657e+003	-1.720366e-001
5.573638e+003	-1.438120e-001
5.583649e+003	-1.225269e-001
5.593639e+003	-1.648959e-001
5.603659e+003	-1.903301e-001
5.613671e+003	-1.648613e-001
5.623679e+003	-1.693600e-001
5.633669e+003	-1.974757e-001
5.643671e+003	-1.648425e-001
5.653680e+003	-1.883212e-001
5.663682e+003	-1.920266e-001
5.673693e+003	-1.736115e-001
5.683703e+003	-1.812566e-001
5.693705e+003	-1.716556e-001
5.703715e+003	-1.555939e-001
5.713715e+003	-1.847223e-001
5.723727e+003	-2.075495e-001
5.733746e+003	-1.647546e-001
5.743757e+003	-1.856156e-001
5.753758e+003	-1.927962e-001
5.763768e+003	-1.923486e-001
5.773778e+003	-2.077115e-001
5.783778e+003	-1.708513e-001
5.793789e+003	-1.956519e-001
5.803798e+003	-2.374533e-001
5.813797e+003	-1.998414e-001
5.823810e+003	-2.084767e-001
5.833819e+003	-1.920217e-001
5.843800e+003	-2.249006e-001
5.853809e+003	-1.989062e-001
5.863820e+003	-2.032164e-001
5.873820e+003	-2.205754e-001
5.883850e+003	-2.019701e-001
5.893859e+003	-2.065782e-001
5.903859e+003	-2.056581e-001
5.913850e+003	-1.997806e-001
5.923861e+003	-2.246680e-001
5.933861e+003	-2.274254e-001
5.943905e+003	-2.423467e-001
5.953883e+003	-2.325550e-001
5.963881e+003	-2.454333e-001
5.973872e+003	-2.118355e-001
5.983883e+003	-2.349230e-001
5.993874e+003	-2.349263e-001
6.003872e+003	-2.243620e-001
6.013884e+003	-2.384636e-001
6.023883e+003	-2.296830e-001
6.033913e+003	-2.411406e-001
6.043925e+003	-2.430598e-001
6.053944e+003	-2.450336e-001
6.063946e+003	-2.518109e-001
6.073976e+003	-2.362074e-001
6.083986e+003	-2.608737e-001
6.094009e+003	-2.476774e-001
6.104018e+003	-2.683924e-001
6.114017e+003	-2.811641e-001
6.124028e+003	-2.520445e-001
6.134028e+003	-2.528629e-001
6.144038e+003	-2.462951e-001
6.154048e+003	-2.638129e-001
6.164032e+003	-2.639171e-001
6.174042e+003	-2.742564e-001
6.184053e+003	-2.644172e-001
6.194053e+003	-2.503876e-001
6.204062e+003	-2.501298e-001
6.214062e+003	-2.849316e-001
6.224093e+003	-2.809034e-001
6.234102e+003	-2.324100e-001
6.244102e+003	-2.700022e-001
6.254093e+003	-2.527883e-001
6.264114e+003	-3.116218e-001
6.274124e+003	-3.144074e-001
6.284126e+003	-2.784134e-001
6.294156e+003	-2.734095e-001
6.304166e+003	-2.882068e-001
6.314166e+003	-2.644203e-001
6.324178e+003	-2.729205e-001
6.334176e+003	-2.743177e-001
6.344187e+003	-2.959632e-001
6.354196e+003	-2.996999e-001
6.364196e+003	-2.568747e-001
6.374206e+003	-2.937406e-001
6.384216e+003	-3.055041e-001
6.394216e+003	-2.879008e-001
6.404226e+003	-2.890189e-001
6.414237e+003	-2.881124e-001
6.424237e+003	-3.051700e-001
6.434246e+003	-3.077555e-001
6.444237e+003	-3.155869e-001
6.454247e+003	-2.718814e-001
6.464229e+003	-3.194026e-001
6.474240e+003	-3.194153e-001
6.484250e+003	-3.025575e-001
6.494249e+003	-2.998645e-001
6.504259e+003	-3.033746e-001
6.514269e+003	-2.964611e-001
6.524251e+003	-2.960013e-001
6.534262e+003	-3.288729e-001
6.544282e+003	-2.726689e-001
6.554295e+003	-3.060724e-001
6.564294e+003	-3.066560e-001
6.574305e+003	-3.237690e-001
6.584313e+003	-2.790155e-001
6.594313e+003	-3.125428e-001
6.604325e+003	-3.239103e-001
6.614333e+003	-3.069993e-001
6.624333e+003	-3.123548e-001
6.634346e+003	-3.007970e-001
6.644354e+003	-3.073116e-001
6.654344e+003	-3.354812e-001
6.664326e+003	-3.202321e-001
6.674335e+003	-3.210569e-001
6.684345e+003	-3.062023e-001
6.694346e+003	-3.271633e-001
6.704357e+003	-3.584702e-001
6.714357e+003	-3.495048e-001
6.724367e+003	-3.494549e-001
6.734359e+003	-3.329767e-001
6.744359e+003	-2.991210e-001
6.754369e+003	-3.009298e-001
6.764381e+003	-3.193639e-001
6.774380e+003	-3.362301e-001
6.784411e+003	-3.253239e-001
6.794412e+003	-3.310783e-001
6.804424e+003	-3.320537e-001
6.814425e+003	-3.424833e-001
6.824454e+003	-3.340397e-001
6.834446e+003	-3.417356e-001
6.844450e+003	-3.550641e-001
6.854459e+003	-3.263958e-001
6.864442e+003	-3.540556e-001
6.874453e+003	-3.384807e-001
6.884462e+003	-3.363769e-001
6.894463e+003	-3.586373e-001
6.904474e+003	-3.217208e-001
6.914473e+003	-3.513650e-001
6.924485e+003	-3.232115e-001
6.934493e+003	-3.585251e-001
6.944493e+003	-3.466645e-001
6.954524e+003	-3.388011e-001
6.964534e+003	-3.703284e-001
6.974533e+003	-3.540701e-001
6.984542e+003	-3.674824e-001
6.994552e+003	-3.506188e-001
7.004552e+003	-3.364926e-001
7.014562e+003	-3.307392e-001
7.024562e+003	-3.290471e-001
7.034572e+003	-3.607423e-001
7.044582e+003	-3.713018e-001
7.054583e+003	-3.807947e-001
7.064613e+003	-3.553027e-001
7.074614e+003	-3.794370e-001
7.084626e+003	-3.771222e-001
7.094669e+003	-3.548732e-001
7.104656e+003	-3.719022e-001
7.114666e+003	-3.612752e-001
7.124665e+003	-3.857418e-001
7.134676e+003	-3.549940e-001
7.144686e+003	-3.566604e-001
7.154677e+003	-3.932403e-001
7.164676e+003	-3.541549e-001
7.174688e+003	-3.870866e-001
7.184686e+003	-3.830577e-001
7.194696e+003	-3.720362e-001
7.204706e+003	-3.702812e-001
7.214697e+003	-4.003834e-001
7.224697e+003	-3.702912e-001
7.234688e+003	-3.740779e-001
7.244698e+003	-3.992273e-001
7.254680e+003	-3.891421e-001
7.264690e+003	-3.789063e-001
7.274702e+003	-3.515248e-001
7.284701e+003	-3.752577e-001
7.294710e+003	-3.809318e-001
7.304721e+003	-3.819272e-001
7.314720e+003	-3.781054e-001
7.324733e+003	-3.604457e-001
7.334741e+003	-3.906944e-001
7.344723e+003	-3.775885e-001
7.354734e+003	-3.539470e-001
7.364756e+003	-3.773867e-001
7.374764e+003	-3.967715e-001
7.384785e+003	-4.035774e-001
7.394794e+003	-3.784543e-001
7.404805e+003	-3.657735e-001
7.414804e+003	-3.890243e-001
7.424814e+003	-3.976017e-001
7.434824e+003	-3.893716e-001
7.444807e+003	-3.915200e-001
7.454816e+003	-3.920424e-001
7.464827e+003	-3.845545e-001
7.474828e+003	-4.091727e-001
7.484837e+003	-3.813025e-001
7.494841e+003	-3.881989e-001
7.504849e+003	-3.992915e-001
7.514859e+003	-4.102373e-001
7.524860e+003	-3.722250e-001
7.534869e+003	-3.750555e-001
7.544881e+003	-3.967519e-001
7.554860e+003	-3.901620e-001
7.564872e+003	-3.904876e-001
7.574883e+003	-3.998510e-001
7.584883e+003	-4.070014e-001
7.594892e+003	-4.264418e-001
7.604903e+003	-4.269841e-001
7.614901e+003	-3.940827e-001
7.624912e+003	-4.019496e-001
7.634921e+003	-3.963941e-001
7.644912e+003	-4.038558e-001
7.654912e+003	-4.133211e-001
7.664923e+003	-3.809923e-001
7.674923e+003	-3.710991e-001
7.684953e+003	-3.935153e-001
7.694963e+003	-3.696397e-001
7.705014e+003	-4.064181e-001
7.714994e+003	-4.042085e-001
7.724994e+003	-4.006473e-001
7.735004e+003	-4.235525e-001
7.745017e+003	-4.178951e-001
7.755014e+003	-3.991519e-001
7.765006e+003	-4.375543e-001
7.775017e+003	-3.973454e-001
7.785017e+003	-3.958895e-001
7.795025e+003	-4.126803e-001
7.805017e+003	-4.146429e-001
7.815020e+003	-4.118026e-001
7.825028e+003	-4.057374e-001
7.835028e+003	-4.288254e-001
7.845089e+003	-4.146855e-001
7.855068e+003	-4.298828e-001
7.865069e+003	-4.117375e-001
7.875080e+003	-4.277110e-001
7.885088e+003	-3.934330e-001
7.895089e+003	-4.310506e-001
7.905098e+003	-4.295965e-001
7.915108e+003	-4.075683e-001
7.925110e+003	-3.971698e-001
7.935120e+003	-3.812512e-001
7.945118e+003	-4.205194e-001
7.955128e+003	-4.094392e-001
7.965138e+003	-4.106720e-001
7.975139e+003	-3.934812e-001
7.985150e+003	-4.111766e-001
7.995158e+003	-4.160021e-001
8.005158e+003	-4.126911e-001
8.015170e+003	-4.113080e-001
8.025191e+003	-4.253694e-001
8.035200e+003	-4.185393e-001
8.045211e+003	-4.170407e-001
8.055200e+003	-4.436321e-001
8.065202e+003	-4.434056e-001
8.075191e+003	-4.326208e-001
8.085193e+003	-4.171148e-001
8.095206e+003	-4.258865e-001
8.105216e+003	-4.301341e-001
8.115218e+003	-4.241768e-001
8.125228e+003	-4.167572e-001
8.135228e+003	-4.126804e-001
8.145238e+003	-4.283404e-001
8.155247e+003	-4.079562e-001
8.165248e+003	-4.243962e-001
8.175315e+003	-4.167684e-001
8.185279e+003	-4.489932e-001
8.195309e+003	-4.044582e-001
8.205310e+003	-4.228509e-001
8.215321e+003	-3.975810e-001
8.225322e+003	-4.327292e-001
8.235331e+003	-4.322684e-001
8.245341e+003	-4.254563e-001
8.255341e+003	-4.261294e-001
8.265351e+003	-4.541468e-001
8.275343e+003	-4.188634e-001
8.285388e+003	-4.231604e-001
8.295373e+003	-3.978513e-001
8.305381e+003	-4.301141e-001
8.315382e+003	-4.422637e-001
8.325394e+003	-4.027332e-001
8.335403e+003	-4.480679e-001
8.345392e+003	-4.152803e-001
8.355394e+003	-4.443845e-001
8.365403e+003	-4.104328e-001
8.375412e+003	-4.505846e-001
8.385412e+003	-4.362846e-001
8.395422e+003	-3.957755e-001
8.405432e+003	-4.488887e-001
8.415435e+003	-4.018568e-001
8.425444e+003	-4.139412e-001
8.435425e+003	-4.396118e-001
8.445436e+003	-4.408857e-001
8.455457e+003	-4.292366e-001
8.465468e+003	-4.403900e-001
8.475477e+003	-4.344794e-001
8.485469e+003	-4.596682e-001
8.495469e+003	-4.052530e-001
8.505477e+003	-4.320885e-001
8.515487e+003	-4.234251e-001
8.525489e+003	-4.690831e-001
8.535499e+003	-4.360347e-001
8.545508e+003	-4.489763e-001
8.555509e+003	-4.376286e-001
8.565499e+003	-4.461608e-001
8.575509e+003	-4.333242e-001
8.585499e+003	-4.375039e-001
8.595499e+003	-4.374429e-001
8.605510e+003	-4.256926e-001
8.615510e+003	-4.560663e-001
8.625522e+003	-4.447210e-001
8.635532e+003	-4.546936e-001
8.645533e+003	-4.309537e-001
8.655542e+003	-4.525383e-001
8.665552e+003	-4.612596e-001
8.675551e+003	-4.623884e-001
8.685563e+003	-4.110928e-001
8.695564e+003	-4.234982e-001
8.705593e+003	-4.678416e-001
8.715602e+003	-4.335376e-001
8.725602e+003	-4.432448e-001
8.735613e+003	-4.306139e-001
8.745622e+003	-4.668324e-001
8.755622e+003	-4.205953e-001
8.765635e+003	-4.419604e-001
8.775633e+003	-4.437282e-001
8.785646e+003	-4.192130e-001
8.795657e+003	-4.378514e-001
8.805676e+003	-4.445284e-001
8.815686e+003	-4.496083e-001
8.825688e+003	-4.529634e-001
8.835697e+003	-4.295981e-001
8.845696e+003	-4.261381e-001
8.855706e+003	-4.333924e-001
8.865716e+003	-4.407461e-001
8.875716e+003	-4.371822e-001
8.885726e+003	-4.686125e-001
8.895738e+003	-4.146983e-001
8.905736e+003	-4.318529e-001
8.915746e+003	-4.287641e-001
8.925756e+003	-4.136784e-001
8.935757e+003	-4.111946e-001
8.945769e+003	-4.163148e-001
8.955777e+003	-4.054332e-001
8.965767e+003	-4.066251e-001
8.975768e+003	-3.882174e-001
8.985778e+003	-3.416954e-001
8.995789e+003	-3.480664e-001
9.005788e+003	-3.131958e-001
9.015779e+003	-2.941828e-001
9.025789e+003	-2.854470e-001
9.035772e+003	-3.206761e-001
9.045780e+003	-2.846556e-001
9.055790e+003	-2.544145e-001
9.065791e+003	-2.323733e-001
9.075801e+003	-2.298147e-001
9.085814e+003	-2.349098e-001
9.095812e+003	-2.328374e-001
9.105822e+003	-2.280355e-001
9.115833e+003	-1.654303e-001
9.125832e+003	-2.126168e-001
9.135843e+003	-1.971549e-001
9.145842e+003	-1.895102e-001
9.155900e+003	-1.763370e-001
9.165882e+003	-1.735534e-001
9.175884e+003	-1.188348e-001
9.185873e+003	-1.416797e-001
9.195884e+003	-1.250837e-001
9.205865e+003	-1.115981e-001
9.215894e+003	-1.122483e-001
9.225904e+003	-1.003386e-001
9.235905e+003	-9.294987e-002
9.245914e+003	-1.068922e-001
9.255924e+003	-8.963044e-002
9.265924e+003	-6.888480e-002
9.275935e+003	-7.488713e-002
9.285944e+003	-8.499244e-002
9.295945e+003	-7.918111e-002
9.305954e+003	-6.582163e-002
9.315954e+003	-9.527018e-002
9.325964e+003	-5.447391e-002
9.335975e+003	-7.483468e-002
9.345974e+003	-6.636600e-002
9.355986e+003	-6.798946e-002
9.365994e+003	-5.927056e-002
9.375997e+003	-7.105592e-002
9.386006e+003	-2.525840e-002
9.396016e+003	-1.940675e-002
9.405999e+003	-4.256255e-002
9.416010e+003	-2.148984e-002
9.426020e+003	-3.561573e-002
9.436020e+003	-4.802637e-002
9.446013e+003	-2.749613e-002
9.456032e+003	-5.454466e-003
9.466061e+003	-1.200871e-002
9.476054e+003	1.111318e-003
9.486053e+003	1.517706e-002
9.496063e+003	-1.069612e-002
9.506074e+003	2.199471e-002
9.516074e+003	3.590806e-003
9.526082e+003	6.091713e-002
9.536083e+003	2.913996e-002
9.546092e+003	9.226152e-002
9.556083e+003	5.901831e-002
9.566105e+003	8.645157e-002
9.576113e+003	1.029717e-001
9.586123e+003	8.547888e-002
9.596124e+003	1.169803e-001
9.606135e+003	1.261353e-001
9.616154e+003	1.129488e-001
9.626165e+003	1.257935e-001
9.636175e+003	1.156638e-001
9.646166e+003	1.541310e-001
9.656166e+003	1.462956e-001
9.666175e+003	1.381759e-001
9.676176e+003	1.346391e-001
9.686185e+003	1.287338e-001
9.696195e+003	1.324706e-001
9.706187e+003	1.551045e-001
9.716186e+003	1.799994e-001
9.726196e+003	1.677760e-001
9.736208e+003	1.684719e-001
9.746206e+003	1.681326e-001
9.756197e+003	1.912258e-001
9.766207e+003	1.728486e-001
9.776198e+003	1.802584e-001
9.786197e+003	2.206096e-001
9.796207e+003	1.879699e-001
9.806209e+003	2.217059e-001
9.816254e+003	2.036464e-001
9.826211e+003	2.330071e-001
9.836211e+003	2.091640e-001
9.846221e+003	2.041026e-001
9.856212e+003	2.294811e-001
9.866213e+003	2.213821e-001
9.876226e+003	1.996937e-001
9.886245e+003	2.341872e-001
9.896276e+003	2.234917e-001
9.906278e+003	2.369338e-001
9.916307e+003	2.377591e-001
9.926298e+003	2.588244e-001
9.936298e+003	2.283864e-001
9.946309e+003	2.636928e-001
9.956307e+003	2.361763e-001
9.966317e+003	2.556982e-001
9.976329e+003	2.561813e-001
9.986328e+003	2.620366e-001
9.996338e+003	2.204561e-001
1.000635e+004	2.480439e-001
1.001633e+004	2.468494e-001
1.002634e+004	2.739741e-001
1.003635e+004	2.650620e-001
1.004635e+004	2.527535e-001
1.005636e+004	2.961298e-001
1.006637e+004	2.737377e-001
1.007637e+004	3.350372e-001
1.008638e+004	3.230939e-001
1.009639e+004	3.316467e-001
1.010639e+004	3.262207e-001
1.011640e+004	3.407215e-001
1.012641e+004	3.517771e-001
1.013640e+004	3.613576e-001
1.014640e+004	3.847089e-001
1.015641e+004	3.744142e-001
1.016642e+004	3.864163e-001
1.017642e+004	4.085792e-001
1.018643e+004	3.489305e-001
1.019642e+004	3.866034e-001
1.020642e+004	4.129491e-001
1.021643e+004	4.182087e-001
1.022642e+004	3.985019e-001
1.023642e+004	4.309697e-001
1.024643e+004	4.219185e-001
1.025645e+004	4.452717e-001
1.026646e+004	4.614286e-001
1.027648e+004	4.190306e-001
1.028646e+004	4.401168e-001
1.029647e+004	4.288890e-001
1.030649e+004	4.724860e-001
1.031650e+004	4.814295e-001
1.032652e+004	4.464447e-001
1.033653e+004	4.671276e-001
1.034654e+004	4.430557e-001
1.035654e+004	4.559929e-001
1.036655e+004	4.363816e-001
1.037653e+004	4.371383e-001
1.038657e+004	4.416023e-001
1.039656e+004	4.614385e-001
1.040657e+004	4.611947e-001
1.041656e+004	4.510501e-001
1.042658e+004	4.645970e-001
1.043660e+004	4.770177e-001
1.044660e+004	4.833304e-001
1.045661e+004	5.109091e-001
1.046662e+004	4.929819e-001
1.047662e+004	5.216961e-001
1.048663e+004	4.967504e-001
1.049667e+004	5.206297e-001
1.050664e+004	5.062986e-001
1.051665e+004	5.311104e-001
1.052670e+004	5.121828e-001
1.053668e+004	5.313259e-001
1.054670e+004	5.052855e-001
1.055671e+004	5.111591e-001
1.056672e+004	5.244432e-001
1.057671e+004	5.289433e-001
1.058671e+004	5.340359e-001
1.059670e+004	5.369710e-001
1.060672e+004	5.396738e-001
1.061673e+004	5.394968e-001
1.062674e+004	5.862479e-001
1.063674e+004	5.640928e-001
1.064675e+004	5.515681e-001
1.065676e+004	5.846723e-001
1.066676e+004	5.679936e-001
1.067675e+004	5.637009e-001
1.068678e+004	5.776018e-001
1.069679e+004	5.841477e-001
1.070680e+004	5.918299e-001
1.071680e+004	6.067087e-001
1.072682e+004	5.990523e-001
1.073683e+004	6.051132e-001
1.074684e+004	6.051499e-001
1.075684e+004	6.005221e-001
1.076685e+004	6.236682e-001
1.077686e+004	6.324071e-001
1.078686e+004	6.321367e-001
1.079687e+004	6.113846e-001
1.080687e+004	6.671057e-001
1.081688e+004	6.464392e-001
1.082689e+004	6.627650e-001
1.083689e+004	6.756332e-001
1.084695e+004	6.468064e-001
1.085692e+004	6.867632e-001
1.086695e+004	6.782550e-001
1.087696e+004	6.558235e-001
1.088696e+004	6.728339e-001
1.089697e+004	6.611418e-001
1.090698e+004	6.379390e-001
1.091698e+004	6.608506e-001
1.092699e+004	6.708603e-001
1.093699e+004	6.629497e-001
1.094702e+004	6.487790e-001
1.095702e+004	6.992929e-001
1.096703e+004	6.615484e-001
1.097704e+004	6.986749e-001
1.098704e+004	6.620842e-001
1.099705e+004	6.837592e-001
1.100705e+004	6.934984e-001
1.101707e+004	6.857331e-001
1.102708e+004	6.842633e-001
1.103708e+004	6.648040e-001
1.104707e+004	6.894380e-001
1.105707e+004	7.201406e-001
1.106709e+004	7.125075e-001
1.107709e+004	7.215407e-001
1.108709e+004	7.065453e-001
1.109711e+004	7.170175e-001
1.110711e+004	7.401360e-001
1.111712e+004	7.087026e-001
1.112713e+004	7.177922e-001
1.113711e+004	7.327396e-001
1.114712e+004	7.282189e-001
1.115716e+004	7.442224e-001
1.116715e+004	7.362168e-001
1.117716e+004	7.465529e-001
1.118715e+004	7.537165e-001
1.119715e+004	7.827244e-001
1.120716e+004	7.492613e-001
1.121717e+004	7.240124e-001
1.122717e+004	7.437540e-001
1.123719e+004	7.638283e-001
1.124720e+004	7.614555e-001
1.125721e+004	7.601645e-001
1.126720e+004	7.590039e-001
1.127720e+004	7.565126e-001
1.128721e+004	8.000353e-001
1.129722e+004	7.625131e-001
1.130722e+004	7.733117e-001
1.131721e+004	7.504057e-001
1.132722e+004	7.976323e-001
1.133721e+004	7.971310e-001
1.134721e+004	8.005870e-001
1.135722e+004	8.080850e-001
1.136722e+004	8.227939e-001
1.137723e+004	7.737010e-001
1.138724e+004	8.024149e-001
1.139724e+004	8.039721e-001
1.140724e+004	7.806584e-001
1.141725e+004	8.141083e-001
1.142725e+004	8.229571e-001
1.143725e+004	7.740234e-001
1.144726e+004	7.675144e-001
1.145726e+004	8.031581e-001
1.146726e+004	7.879489e-001
1.147727e+004	8.087080e-001
1.148727e+004	8.150738e-001
1.149728e+004	8.134145e-001
1.150730e+004	8.207183e-001
1.151731e+004	8.285812e-001
1.152732e+004	8.566934e-001
1.153731e+004	8.414812e-001
1.154731e+004	8.523693e-001
1.155736e+004	8.517425e-001
1.156732e+004	8.696180e-001
1.157733e+004	8.536217e-001
1.158734e+004	8.815193e-001
1.159734e+004	8.599767e-001
1.160737e+004	8.565195e-001
1.161738e+004	8.680064e-001
1.162738e+004	8.648044e-001
1.163739e+004	8.661840e-001
1.164740e+004	8.520690e-001
1.165740e+004	8.544922e-001
1.166739e+004	8.538433e-001
1.167741e+004	8.551631e-001
1.168742e+004	8.815620e-001
1.169742e+004	8.550629e-001
1.170742e+004	8.443404e-001
1.171743e+004	8.677447e-001
1.172743e+004	8.804624e-001
1.173744e+004	8.761780e-001
1.174745e+004	8.455313e-001
1.175745e+004	8.388209e-001
1.176746e+004	8.274551e-001
1.177750e+004	8.714292e-001
1.178747e+004	8.430476e-001
1.179748e+004	8.463780e-001
1.180748e+004	8.278086e-001
1.181749e+004	8.600618e-001
1.182750e+004	8.568372e-001
1.183748e+004	8.574097e-001
1.184749e+004	8.604629e-001
1.185750e+004	8.661927e-001
1.186750e+004	9.124050e-001
1.187756e+004	9.441129e-001
1.188754e+004	9.034877e-001
1.189754e+004	9.041187e-001
1.190761e+004	9.084474e-001
1.191842e+004	8.841759e-001
