0.000000e+000	-1.827413e-003
9.984000e+000	7.395557e-003
2.000400e+001	9.490691e-003
3.001600e+001	4.168297e-003
4.003500e+001	3.689286e-002
5.009300e+001	1.019637e-002
6.006600e+001	3.934206e-004
7.012300e+001	2.098936e-002
8.009600e+001	7.830374e-003
9.013500e+001	1.128569e-002
1.001180e+002	6.880940e-003
1.101210e+002	3.598728e-003
1.201320e+002	1.102848e-002
1.301840e+002	1.552805e-002
1.401540e+002	1.437754e-002
1.501840e+002	-6.274333e-003
1.601940e+002	-1.467549e-003
1.702430e+002	9.037649e-003
1.802150e+002	-2.495701e-003
1.902270e+002	-4.189034e-003
2.002380e+002	-1.922088e-002
2.102410e+002	-1.250263e-003
2.202610e+002	3.981489e-003
2.303220e+002	-1.057155e-003
2.402920e+002	-3.371572e-003
2.503510e+002	-9.640914e-003
2.603220e+002	-3.144078e-002
2.703320e+002	-3.507394e-003
2.803420e+002	-3.124448e-003
2.903420e+002	-3.349041e-003
3.003980e+002	-1.502548e-002
3.103730e+002	-1.503812e-002
3.203840e+002	-1.551946e-002
3.303930e+002	-3.777953e-003
3.403930e+002	-4.621072e-002
3.504040e+002	-5.869718e-002
3.604140e+002	-6.097992e-002
3.704140e+002	-6.874129e-002
3.804240e+002	-6.879478e-002
3.904260e+002	-8.796350e-002
4.004360e+002	-8.524036e-002
4.104460e+002	-9.758781e-002
4.204360e+002	-9.615954e-002
4.304360e+002	-8.686187e-002
4.404460e+002	-8.048593e-002
4.504560e+002	-1.033516e-001
4.604560e+002	-9.135228e-002
4.704470e+002	-1.005398e-001
4.804570e+002	-1.131533e-001
4.904570e+002	-1.261793e-001
5.004670e+002	-1.438655e-001
5.104770e+002	-1.493154e-001
5.204670e+002	-1.652186e-001
5.304670e+002	-1.807022e-001
5.404770e+002	-1.786306e-001
5.504870e+002	-1.956018e-001
5.604890e+002	-2.016845e-001
5.704990e+002	-1.996972e-001
5.804890e+002	-2.000986e-001
5.904890e+002	-2.223482e-001
6.004810e+002	-2.228945e-001
6.105020e+002	-2.401534e-001
6.205130e+002	-2.704827e-001
6.305230e+002	-2.846484e-001
6.405240e+002	-2.447217e-001
6.505340e+002	-2.456458e-001
6.605340e+002	-2.453775e-001
6.705450e+002	-2.388036e-001
6.805550e+002	-2.398458e-001
6.905560e+002	-2.590072e-001
7.005470e+002	-2.697115e-001
7.105570e+002	-2.665884e-001
7.205560e+002	-2.754828e-001
7.305660e+002	-2.757678e-001
7.405760e+002	-2.889950e-001
7.505650e+002	-2.833000e-001
7.605660e+002	-2.710741e-001
7.705570e+002	-2.758454e-001
7.805670e+002	-2.817958e-001
7.905570e+002	-2.857629e-001
8.005570e+002	-3.017015e-001
8.105670e+002	-2.872557e-001
8.205770e+002	-3.074040e-001
8.305780e+002	-2.768539e-001
8.405880e+002	-3.012755e-001
8.505880e+002	-3.209125e-001
8.606180e+002	-3.120817e-001
8.706280e+002	-2.992479e-001
8.806280e+002	-3.177009e-001
8.906370e+002	-3.113936e-001
9.006480e+002	-3.243737e-001
9.106480e+002	-3.139303e-001
9.206580e+002	-3.087500e-001
9.306580e+002	-3.183251e-001
9.406680e+002	-2.894466e-001
9.506780e+002	-2.928478e-001
9.606780e+002	-2.960663e-001
9.706900e+002	-2.923679e-001
9.807100e+002	-3.604914e-001
9.907400e+002	-2.670399e-001
1.000740e+003	-2.743984e-001
1.010750e+003	-2.843558e-001
1.020741e+003	-2.798749e-001
1.030742e+003	-2.808213e-001
1.040753e+003	-2.696635e-001
1.050763e+003	-2.847107e-001
1.060763e+003	-3.065369e-001
1.070774e+003	-3.029342e-001
1.080784e+003	-2.992415e-001
1.090784e+003	-3.158080e-001
1.100794e+003	-3.140802e-001
1.110803e+003	-2.861350e-001
1.120804e+003	-2.932998e-001
1.130815e+003	-2.983601e-001
1.140824e+003	-3.077367e-001
1.150825e+003	-2.972566e-001
1.160835e+003	-3.035002e-001
1.170835e+003	-3.177840e-001
1.180865e+003	-3.135897e-001
1.190874e+003	-3.208371e-001
1.200874e+003	-3.322260e-001
1.210867e+003	-3.210688e-001
1.220877e+003	-3.335429e-001
1.230878e+003	-3.142975e-001
1.240887e+003	-3.276520e-001
1.250896e+003	-3.362925e-001
1.260897e+003	-3.320839e-001
1.270907e+003	-3.256908e-001
1.280917e+003	-3.282040e-001
1.290918e+003	-3.348136e-001
1.300927e+003	-3.269002e-001
1.310973e+003	-3.316546e-001
1.320958e+003	-3.348879e-001
1.330968e+003	-3.330114e-001
1.340989e+003	-3.488031e-001
1.350989e+003	-3.387616e-001
1.361020e+003	-3.213598e-001
1.371019e+003	-3.143477e-001
1.381030e+003	-3.435216e-001
1.391040e+003	-3.252220e-001
1.401040e+003	-3.283394e-001
1.411051e+003	-3.270511e-001
1.421061e+003	-3.238449e-001
1.431042e+003	-3.296042e-001
1.441053e+003	-3.416478e-001
1.451045e+003	-3.431956e-001
1.461046e+003	-3.438106e-001
1.471076e+003	-3.286429e-001
1.481076e+003	-3.221663e-001
1.491086e+003	-3.345195e-001
1.501077e+003	-3.433013e-001
1.511097e+003	-3.220953e-001
1.521127e+003	-3.317104e-001
1.531127e+003	-3.497978e-001
1.541138e+003	-3.342993e-001
1.551147e+003	-3.326831e-001
1.561128e+003	-3.467183e-001
1.571159e+003	-3.396915e-001
1.581159e+003	-3.514337e-001
1.591169e+003	-3.450658e-001
1.601179e+003	-3.519618e-001
1.611179e+003	-3.609256e-001
1.621189e+003	-3.656201e-001
1.631179e+003	-3.638446e-001
1.641199e+003	-3.540771e-001
1.651229e+003	-3.669349e-001
1.661239e+003	-3.561387e-001
1.671239e+003	-3.727599e-001
1.681249e+003	-3.829615e-001
1.691259e+003	-3.795435e-001
1.701259e+003	-3.836291e-001
1.711269e+003	-3.630434e-001
1.721279e+003	-4.000272e-001
1.731279e+003	-3.904931e-001
1.741289e+003	-3.915897e-001
1.751272e+003	-4.044249e-001
1.761302e+003	-3.983143e-001
1.771312e+003	-4.080297e-001
1.781312e+003	-3.984088e-001
1.791322e+003	-4.045170e-001
1.801322e+003	-4.086072e-001
1.811332e+003	-4.175270e-001
1.821342e+003	-4.411760e-001
1.831342e+003	-4.198385e-001
1.841352e+003	-4.182839e-001
1.851362e+003	-4.462118e-001
1.861363e+003	-4.405041e-001
1.871375e+003	-4.387582e-001
1.881395e+003	-4.167799e-001
1.891405e+003	-4.440017e-001
1.901415e+003	-4.462364e-001
1.911415e+003	-4.423978e-001
1.921425e+003	-4.482797e-001
1.931434e+003	-4.609679e-001
1.941425e+003	-4.648242e-001
1.951426e+003	-4.631168e-001
1.961462e+003	-4.583343e-001
1.971436e+003	-4.668171e-001
1.981466e+003	-4.706981e-001
1.991466e+003	-4.777855e-001
2.001507e+003	-4.923206e-001
2.011506e+003	-4.782888e-001
2.021506e+003	-5.002011e-001
2.031517e+003	-4.889867e-001
2.041526e+003	-4.988102e-001
2.051526e+003	-4.953969e-001
2.061536e+003	-4.916903e-001
2.071536e+003	-5.020276e-001
2.081546e+003	-5.088079e-001
2.091556e+003	-5.117643e-001
2.101556e+003	-5.159886e-001
2.111566e+003	-5.116403e-001
2.121576e+003	-5.271368e-001
2.131576e+003	-5.275659e-001
2.141586e+003	-5.368043e-001
2.151596e+003	-5.358795e-001
2.161596e+003	-5.484388e-001
2.171626e+003	-5.437896e-001
2.181636e+003	-5.428159e-001
2.191657e+003	-5.574886e-001
2.201667e+003	-5.467299e-001
2.211667e+003	-5.567600e-001
2.221658e+003	-5.615134e-001
2.231668e+003	-5.592700e-001
2.241658e+003	-5.764890e-001
2.251658e+003	-5.723358e-001
2.261669e+003	-5.725331e-001
2.271679e+003	-5.872031e-001
2.281679e+003	-5.906219e-001
2.291670e+003	-6.036240e-001
2.301681e+003	-6.107922e-001
2.311681e+003	-6.031591e-001
2.321692e+003	-6.156098e-001
2.331692e+003	-6.057338e-001
2.341703e+003	-6.176945e-001
2.351713e+003	-6.333748e-001
2.361693e+003	-6.247935e-001
2.371723e+003	-6.477273e-001
2.381724e+003	-6.451157e-001
2.391736e+003	-6.465811e-001
2.401737e+003	-6.546905e-001
2.411747e+003	-6.504202e-001
2.421738e+003	-6.546097e-001
2.431758e+003	-6.551893e-001
2.441769e+003	-6.804241e-001
2.451752e+003	-6.655533e-001
2.461783e+003	-6.938364e-001
2.471784e+003	-6.880194e-001
2.481814e+003	-6.920437e-001
2.491814e+003	-7.081797e-001
2.501824e+003	-7.054071e-001
2.511834e+003	-7.029992e-001
2.521834e+003	-7.149010e-001
2.531844e+003	-7.171728e-001
2.541835e+003	-7.221365e-001
2.551855e+003	-7.356978e-001
2.561866e+003	-7.319065e-001
2.571876e+003	-7.434723e-001
2.581877e+003	-7.321877e-001
2.591869e+003	-7.453284e-001
2.601869e+003	-7.484857e-001
2.611900e+003	-7.387672e-001
2.621900e+003	-7.577221e-001
2.631910e+003	-7.639861e-001
2.641919e+003	-7.808335e-001
2.651920e+003	-7.801184e-001
2.661932e+003	-7.847193e-001
2.671933e+003	-7.948156e-001
2.681944e+003	-7.844297e-001
2.691954e+003	-7.944806e-001
2.701953e+003	-7.908845e-001
2.711964e+003	-8.111498e-001
2.721955e+003	-8.154745e-001
2.731957e+003	-8.151877e-001
2.741997e+003	-8.126667e-001
2.751987e+003	-8.218228e-001
2.761997e+003	-8.267969e-001
2.772007e+003	-8.393534e-001
2.782007e+003	-8.346544e-001
2.792017e+003	-8.402378e-001
2.802027e+003	-8.563141e-001
2.812008e+003	-8.508143e-001
2.822060e+003	-8.520261e-001
2.832039e+003	-8.588794e-001
2.842075e+003	-8.773170e-001
2.852059e+003	-8.806605e-001
2.862059e+003	-8.548437e-001
2.872069e+003	-8.790783e-001
2.882079e+003	-8.829766e-001
2.892079e+003	-9.022377e-001
2.902109e+003	-8.839989e-001
2.912110e+003	-9.016387e-001
2.922140e+003	-9.063004e-001
2.932150e+003	-9.101577e-001
2.942150e+003	-9.027421e-001
2.952160e+003	-9.210642e-001
2.962170e+003	-9.313810e-001
2.972170e+003	-9.335118e-001
2.982180e+003	-9.185018e-001
2.992181e+003	-9.523586e-001
3.002211e+003	-9.204973e-001
3.012210e+003	-9.348980e-001
3.022221e+003	-9.518686e-001
3.032231e+003	-9.422266e-001
3.042231e+003	-9.449998e-001
3.052241e+003	-9.539304e-001
3.062251e+003	-9.482188e-001
3.072252e+003	-9.615675e-001
3.082261e+003	-9.676756e-001
3.092271e+003	-9.659867e-001
3.102261e+003	-9.940354e-001
3.112263e+003	-9.715757e-001
3.122273e+003	-9.819767e-001
3.132283e+003	-9.919228e-001
3.142285e+003	-9.778058e-001
3.152294e+003	-9.675305e-001
3.162295e+003	-9.954347e-001
3.172305e+003	-1.008190e+000
3.182315e+003	-9.937837e-001
3.192305e+003	-1.004661e+000
3.202306e+003	-9.947119e-001
3.212297e+003	-1.011862e+000
3.222306e+003	-1.008738e+000
3.232307e+003	-1.032202e+000
3.242317e+003	-1.015876e+000
3.252317e+003	-1.026630e+000
3.262327e+003	-1.027049e+000
3.272337e+003	-1.035514e+000
3.282338e+003	-1.028354e+000
3.292348e+003	-1.021180e+000
3.302358e+003	-1.047560e+000
3.312348e+003	-1.048654e+000
3.322348e+003	-1.060617e+000
3.332339e+003	-1.060602e+000
3.342360e+003	-1.060599e+000
3.352370e+003	-1.049480e+000
3.362381e+003	-1.064993e+000
3.372380e+003	-1.062129e+000
3.382372e+003	-1.057889e+000
3.392382e+003	-1.068309e+000
3.402382e+003	-1.059333e+000
3.412393e+003	-1.077448e+000
3.422403e+003	-1.081234e+000
3.432404e+003	-1.089994e+000
3.442414e+003	-1.090518e+000
3.452414e+003	-1.082574e+000
3.462424e+003	-1.107530e+000
3.472414e+003	-1.100293e+000
3.482434e+003	-1.092254e+000
3.492490e+003	-1.103263e+000
3.502475e+003	-1.103611e+000
3.512475e+003	-1.110405e+000
3.522466e+003	-1.108245e+000
3.532477e+003	-1.123323e+000
3.542477e+003	-1.103654e+000
3.552487e+003	-1.126493e+000
3.562497e+003	-1.120942e+000
3.572518e+003	-1.124703e+000
3.582510e+003	-1.118148e+000
3.592510e+003	-1.139190e+000
3.602521e+003	-1.124615e+000
3.612530e+003	-1.138887e+000
3.622529e+003	-1.144950e+000
3.632540e+003	-1.149061e+000
3.642540e+003	-1.162503e+000
3.652591e+003	-1.156529e+000
3.662580e+003	-1.144172e+000
3.672580e+003	-1.161704e+000
3.682572e+003	-1.158419e+000
3.692591e+003	-1.147781e+000
3.702621e+003	-1.165627e+000
3.712621e+003	-1.156976e+000
3.722631e+003	-1.157469e+000
3.732641e+003	-1.164429e+000
3.742642e+003	-1.174667e+000
3.752651e+003	-1.166472e+000
3.762661e+003	-1.167665e+000
3.772661e+003	-1.185331e+000
3.782673e+003	-1.170614e+000
3.792726e+003	-1.176096e+000
3.802704e+003	-1.175951e+000
3.812714e+003	-1.188355e+000
3.822714e+003	-1.186013e+000
3.832724e+003	-1.184606e+000
3.842734e+003	-1.203283e+000
3.852734e+003	-1.203143e+000
3.862744e+003	-1.201942e+000
3.872754e+003	-1.187708e+000
3.882754e+003	-1.206713e+000
3.892764e+003	-1.211293e+000
3.902773e+003	-1.204351e+000
3.912774e+003	-1.216950e+000
3.922784e+003	-1.224258e+000
3.932786e+003	-1.215112e+000
3.942816e+003	-1.212748e+000
3.952817e+003	-1.211748e+000
3.962847e+003	-1.219062e+000
3.972839e+003	-1.218871e+000
3.982839e+003	-1.222300e+000
3.992829e+003	-1.232026e+000
4.002840e+003	-1.232655e+000
4.012830e+003	-1.217453e+000
4.022830e+003	-1.221034e+000
4.032840e+003	-1.242110e+000
4.042832e+003	-1.262150e+000
4.052831e+003	-1.262028e+000
4.062841e+003	-1.270669e+000
4.072851e+003	-1.271682e+000
4.082907e+003	-1.283736e+000
4.092882e+003	-1.273456e+000
4.102919e+003	-1.294698e+000
4.112913e+003	-1.268625e+000
4.122967e+003	-1.299457e+000
4.132944e+003	-1.285283e+000
4.142944e+003	-1.282326e+000
4.152954e+003	-1.287474e+000
4.162954e+003	-1.281907e+000
4.172985e+003	-1.305328e+000
4.182986e+003	-1.302608e+000
4.193016e+003	-1.308766e+000
4.203016e+003	-1.320618e+000
4.213028e+003	-1.299529e+000
4.223048e+003	-1.310778e+000
4.233058e+003	-1.308951e+000
4.243079e+003	-1.321403e+000
4.253089e+003	-1.324593e+000
4.263099e+003	-1.321736e+000
4.273099e+003	-1.317394e+000
4.283109e+003	-1.328935e+000
4.293119e+003	-1.334001e+000
4.303109e+003	-1.334387e+000
4.313109e+003	-1.310010e+000
4.323101e+003	-1.327136e+000
4.333110e+003	-1.320305e+000
4.343111e+003	-1.339031e+000
4.353122e+003	-1.354201e+000
4.363132e+003	-1.333349e+000
4.373132e+003	-1.340795e+000
4.383142e+003	-1.353966e+000
4.393144e+003	-1.347808e+000
4.403153e+003	-1.347343e+000
4.413162e+003	-1.364128e+000
4.423163e+003	-1.356240e+000
4.433173e+003	-1.360042e+000
4.443183e+003	-1.347395e+000
4.453173e+003	-1.354978e+000
4.463174e+003	-1.372415e+000
4.473184e+003	-1.362793e+000
4.483184e+003	-1.360852e+000
4.493214e+003	-1.364604e+000
4.503224e+003	-1.365611e+000
4.513224e+003	-1.376584e+000
4.523234e+003	-1.342230e+000
4.533243e+003	-1.370582e+000
4.543244e+003	-1.366769e+000
4.553254e+003	-1.360077e+000
4.563254e+003	-1.373169e+000
4.573264e+003	-1.364477e+000
4.583306e+003	-1.359575e+000
4.593274e+003	-1.382284e+000
4.603284e+003	-1.382185e+000
4.613276e+003	-1.379967e+000
4.623276e+003	-1.383264e+000
4.633286e+003	-1.390863e+000
4.643296e+003	-1.385292e+000
4.653296e+003	-1.386793e+000
4.663306e+003	-1.387989e+000
4.673297e+003	-1.396708e+000
4.683317e+003	-1.391983e+000
4.693327e+003	-1.390425e+000
4.703337e+003	-1.382269e+000
4.713318e+003	-1.388682e+000
4.723328e+003	-1.398688e+000
4.733338e+003	-1.410546e+000
4.743340e+003	-1.385700e+000
4.753350e+003	-1.401058e+000
4.763359e+003	-1.411823e+000
4.773359e+003	-1.396084e+000
4.783370e+003	-1.408743e+000
4.793391e+003	-1.420829e+000
4.803402e+003	-1.399521e+000
4.813412e+003	-1.409401e+000
4.823412e+003	-1.409718e+000
4.833422e+003	-1.409776e+000
4.843424e+003	-1.411805e+000
4.853434e+003	-1.419657e+000
4.863443e+003	-1.412320e+000
4.873423e+003	-1.396430e+000
4.883434e+003	-1.407368e+000
4.893444e+003	-1.412051e+000
4.903444e+003	-1.431697e+000
4.913454e+003	-1.418450e+000
4.923464e+003	-1.422871e+000
4.933464e+003	-1.426155e+000
4.943495e+003	-1.435876e+000
4.953504e+003	-1.431292e+000
4.963504e+003	-1.440084e+000
4.973495e+003	-1.429478e+000
4.983505e+003	-1.417425e+000
4.993495e+003	-1.416569e+000
5.003495e+003	-1.442228e+000
5.013505e+003	-1.425186e+000
5.023515e+003	-1.439301e+000
5.033536e+003	-1.422904e+000
5.043546e+003	-1.430613e+000
5.053546e+003	-1.429515e+000
5.063556e+003	-1.431178e+000
5.073566e+003	-1.437302e+000
5.083566e+003	-1.443937e+000
5.093576e+003	-1.453081e+000
5.103575e+003	-1.444069e+000
5.113586e+003	-1.449992e+000
5.123596e+003	-1.450742e+000
5.133597e+003	-1.451051e+000
5.143607e+003	-1.451358e+000
5.153617e+003	-1.445952e+000
5.163616e+003	-1.453213e+000
5.173627e+003	-1.442372e+000
5.183637e+003	-1.453316e+000
5.193638e+003	-1.452813e+000
5.203648e+003	-1.445126e+000
5.213658e+003	-1.451196e+000
5.223640e+003	-1.457905e+000
5.233650e+003	-1.477495e+000
5.243671e+003	-1.452034e+000
5.253682e+003	-1.447976e+000
5.263692e+003	-1.459865e+000
5.273692e+003	-1.458219e+000
5.283702e+003	-1.460431e+000
5.293704e+003	-1.456262e+000
5.303714e+003	-1.452162e+000
5.313723e+003	-1.451991e+000
5.323703e+003	-1.455707e+000
5.333714e+003	-1.471666e+000
5.343724e+003	-1.457165e+000
5.353725e+003	-1.471510e+000
5.363736e+003	-1.478090e+000
5.373756e+003	-1.469968e+000
5.383766e+003	-1.479191e+000
5.393776e+003	-1.478776e+000
5.403766e+003	-1.472868e+000
5.413766e+003	-1.472873e+000
5.423776e+003	-1.475780e+000
5.433786e+003	-1.469414e+000
5.443786e+003	-1.471776e+000
5.453796e+003	-1.492370e+000
5.463806e+003	-1.478667e+000
5.473806e+003	-1.472612e+000
5.483816e+003	-1.484513e+000
5.493826e+003	-1.469416e+000
5.503826e+003	-1.473948e+000
5.513836e+003	-1.470092e+000
5.523837e+003	-1.486673e+000
5.533902e+003	-1.472948e+000
5.543868e+003	-1.475484e+000
5.553898e+003	-1.486193e+000
5.563898e+003	-1.490065e+000
5.573908e+003	-1.471429e+000
5.583899e+003	-1.476178e+000
5.593919e+003	-1.474534e+000
5.603929e+003	-1.484523e+000
5.613940e+003	-1.480924e+000
5.623940e+003	-1.486818e+000
5.633951e+003	-1.513375e+000
5.643953e+003	-1.490349e+000
5.653961e+003	-1.483457e+000
5.663972e+003	-1.508263e+000
5.673972e+003	-1.496608e+000
5.683982e+003	-1.496080e+000
5.693992e+003	-1.499357e+000
5.703992e+003	-1.500392e+000
5.714002e+003	-1.490498e+000
5.724012e+003	-1.482319e+000
5.734011e+003	-1.481539e+000
5.744066e+003	-1.489882e+000
5.754052e+003	-1.488673e+000
5.764051e+003	-1.505792e+000
5.774043e+003	-1.486356e+000
5.784053e+003	-1.511227e+000
5.794054e+003	-1.496091e+000
5.804064e+003	-1.501015e+000
5.814065e+003	-1.499667e+000
5.824094e+003	-1.510786e+000
5.834104e+003	-1.516056e+000
5.844104e+003	-1.508028e+000
5.854114e+003	-1.521617e+000
5.864124e+003	-1.514648e+000
5.874124e+003	-1.512950e+000
5.884133e+003	-1.506640e+000
5.894135e+003	-1.513152e+000
5.904187e+003	-1.510188e+000
5.914166e+003	-1.512566e+000
5.924196e+003	-1.519811e+000
5.934197e+003	-1.499059e+000
5.944206e+003	-1.520212e+000
5.954216e+003	-1.525709e+000
5.964198e+003	-1.508205e+000
5.974208e+003	-1.509789e+000
5.984199e+003	-1.506173e+000
5.994219e+003	-1.523454e+000
6.004229e+003	-1.513874e+000
6.014239e+003	-1.506088e+000
6.024239e+003	-1.532411e+000
6.034251e+003	-1.534121e+000
6.044252e+003	-1.530491e+000
6.054262e+003	-1.527903e+000
6.064272e+003	-1.516476e+000
6.074272e+003	-1.516361e+000
6.084283e+003	-1.512456e+000
6.094293e+003	-1.513710e+000
6.104272e+003	-1.524958e+000
6.114284e+003	-1.513142e+000
6.124294e+003	-1.532968e+000
6.134293e+003	-1.529094e+000
6.144336e+003	-1.531803e+000
6.154314e+003	-1.523761e+000
6.164314e+003	-1.523256e+000
6.174325e+003	-1.537342e+000
6.184327e+003	-1.516950e+000
6.194377e+003	-1.521178e+000
6.204357e+003	-1.528685e+000
6.214397e+003	-1.528386e+000
6.224377e+003	-1.533488e+000
6.234377e+003	-1.539637e+000
6.244387e+003	-1.528347e+000
6.254397e+003	-1.535388e+000
6.264397e+003	-1.532851e+000
6.274427e+003	-1.538363e+000
6.284437e+003	-1.532044e+000
6.294439e+003	-1.531987e+000
6.304482e+003	-1.549696e+000
6.314439e+003	-1.535194e+000
6.324439e+003	-1.532870e+000
6.334430e+003	-1.540668e+000
6.344440e+003	-1.539335e+000
6.354421e+003	-1.529335e+000
6.364431e+003	-1.530063e+000
6.374442e+003	-1.528545e+000
6.384442e+003	-1.538053e+000
6.394452e+003	-1.544145e+000
6.404462e+003	-1.550656e+000
6.414451e+003	-1.539334e+000
6.424452e+003	-1.523206e+000
6.434443e+003	-1.545094e+000
6.444454e+003	-1.540131e+000
6.454454e+003	-1.548391e+000
6.464464e+003	-1.539901e+000
6.474474e+003	-1.542300e+000
6.484464e+003	-1.538076e+000
6.494465e+003	-1.537523e+000
6.504475e+003	-1.560515e+000
6.514475e+003	-1.538577e+000
6.524526e+003	-1.552517e+000
6.534515e+003	-1.536594e+000
6.544515e+003	-1.539884e+000
6.554506e+003	-1.539565e+000
6.564516e+003	-1.543532e+000
6.574568e+003	-1.560505e+000
6.584547e+003	-1.535784e+000
6.594547e+003	-1.538529e+000
6.604557e+003	-1.556458e+000
6.614596e+003	-1.537459e+000
6.624567e+003	-1.562429e+000
6.634576e+003	-1.549192e+000
6.644612e+003	-1.549044e+000
6.654587e+003	-1.560271e+000
6.664578e+003	-1.555530e+000
6.674598e+003	-1.540288e+000
6.684628e+003	-1.537678e+000
6.694628e+003	-1.546893e+000
6.704688e+003	-1.558078e+000
6.714659e+003	-1.529663e+000
6.724669e+003	-1.553985e+000
6.734679e+003	-1.535710e+000
6.744680e+003	-1.544740e+000
6.754690e+003	-1.549675e+000
6.764700e+003	-1.542131e+000
6.774700e+003	-1.555938e+000
6.784710e+003	-1.537113e+000
6.794720e+003	-1.559023e+000
6.804710e+003	-1.551758e+000
6.814710e+003	-1.557737e+000
6.824720e+003	-1.538862e+000
6.834730e+003	-1.555999e+000
6.844731e+003	-1.560962e+000
6.854740e+003	-1.552999e+000
6.864750e+003	-1.551523e+000
6.874751e+003	-1.550233e+000
6.884760e+003	-1.562314e+000
6.894770e+003	-1.567646e+000
6.904770e+003	-1.577000e+000
6.914781e+003	-1.561840e+000
6.924782e+003	-1.571349e+000
6.934794e+003	-1.564331e+000
6.944802e+003	-1.559940e+000
6.954825e+003	-1.561001e+000
6.964835e+003	-1.571839e+000
6.974834e+003	-1.551322e+000
6.984826e+003	-1.571082e+000
6.994868e+003	-1.561552e+000
7.004836e+003	-1.571076e+000
7.014846e+003	-1.563487e+000
7.024856e+003	-1.563041e+000
7.034877e+003	-1.568236e+000
7.044887e+003	-1.573203e+000
7.054887e+003	-1.567905e+000
7.064897e+003	-1.565279e+000
7.074907e+003	-1.561134e+000
7.084907e+003	-1.553145e+000
7.094917e+003	-1.579507e+000
7.104919e+003	-1.558879e+000
7.114959e+003	-1.571267e+000
7.124948e+003	-1.554939e+000
7.134960e+003	-1.571579e+000
7.144980e+003	-1.557233e+000
7.154990e+003	-1.582506e+000
7.165000e+003	-1.559668e+000
7.174981e+003	-1.573357e+000
7.185045e+003	-1.568506e+000
7.195012e+003	-1.588975e+000
7.205022e+003	-1.577356e+000
7.215032e+003	-1.564819e+000
7.225032e+003	-1.571013e+000
7.235043e+003	-1.575114e+000
7.245053e+003	-1.588869e+000
7.255053e+003	-1.562701e+000
7.265063e+003	-1.573834e+000
7.275075e+003	-1.579775e+000
7.285075e+003	-1.552341e+000
7.295084e+003	-1.561285e+000
7.305095e+003	-1.564392e+000
7.315095e+003	-1.572264e+000
7.325105e+003	-1.583217e+000
7.335115e+003	-1.586250e+000
7.345136e+003	-1.573535e+000
7.355146e+003	-1.588600e+000
7.365167e+003	-1.578434e+000
7.375177e+003	-1.559870e+000
7.385177e+003	-1.568797e+000
7.395186e+003	-1.578583e+000
7.405196e+003	-1.581753e+000
7.415217e+003	-1.569403e+000
7.425217e+003	-1.594885e+000
7.435227e+003	-1.569872e+000
7.445237e+003	-1.578702e+000
7.455229e+003	-1.570337e+000
7.465229e+003	-1.581918e+000
7.475239e+003	-1.581136e+000
7.485239e+003	-1.592326e+000
7.495249e+003	-1.577362e+000
7.505262e+003	-1.577057e+000
7.515262e+003	-1.575638e+000
7.525253e+003	-1.584530e+000
7.535255e+003	-1.573787e+000
7.545265e+003	-1.573326e+000
7.555277e+003	-1.571334e+000
7.565277e+003	-1.575980e+000
7.575287e+003	-1.570564e+000
7.585297e+003	-1.572947e+000
7.595344e+003	-1.584688e+000
7.605328e+003	-1.573140e+000
7.615328e+003	-1.581584e+000
7.625320e+003	-1.589572e+000
7.635330e+003	-1.590750e+000
7.645330e+003	-1.570167e+000
7.655340e+003	-1.582194e+000
7.665351e+003	-1.594842e+000
7.675372e+003	-1.593474e+000
7.685382e+003	-1.571243e+000
7.695382e+003	-1.590974e+000
7.705392e+003	-1.575040e+000
7.715384e+003	-1.588145e+000
7.725383e+003	-1.570983e+000
7.735375e+003	-1.571716e+000
7.745385e+003	-1.579419e+000
7.755375e+003	-1.592369e+000
7.765375e+003	-1.592068e+000
7.775415e+003	-1.589755e+000
7.785367e+003	-1.580302e+000
7.795377e+003	-1.588199e+000
7.805387e+003	-1.604691e+000
7.815388e+003	-1.587996e+000
7.825398e+003	-1.599454e+000
7.835419e+003	-1.600082e+000
7.845430e+003	-1.606165e+000
7.855451e+003	-1.592273e+000
7.865461e+003	-1.598259e+000
7.875462e+003	-1.591988e+000
7.885473e+003	-1.592236e+000
7.895517e+003	-1.575539e+000
7.905483e+003	-1.593130e+000
7.915493e+003	-1.603704e+000
7.925504e+003	-1.600886e+000
7.935504e+003	-1.587361e+000
7.945496e+003	-1.585429e+000
7.955505e+003	-1.582466e+000
7.965505e+003	-1.594921e+000
7.975517e+003	-1.592255e+000
7.985565e+003	-1.593964e+000
7.995547e+003	-1.595415e+000
8.005557e+003	-1.605490e+000
8.015559e+003	-1.594334e+000
8.025569e+003	-1.590439e+000
8.035569e+003	-1.619704e+000
8.045580e+003	-1.596460e+000
8.055582e+003	-1.594717e+000
8.065592e+003	-1.602013e+000
8.075583e+003	-1.595233e+000
8.085602e+003	-1.597011e+000
8.095613e+003	-1.589023e+000
8.105634e+003	-1.593476e+000
8.115645e+003	-1.613168e+000
8.125646e+003	-1.592601e+000
8.135677e+003	-1.603302e+000
8.145677e+003	-1.599681e+000
8.155688e+003	-1.603508e+000
8.165697e+003	-1.591644e+000
8.175679e+003	-1.592301e+000
8.185709e+003	-1.592459e+000
8.195710e+003	-1.591520e+000
8.205719e+003	-1.616961e+000
8.215730e+003	-1.604781e+000
8.225711e+003	-1.597236e+000
8.235721e+003	-1.586798e+000
8.245731e+003	-1.585064e+000
8.255723e+003	-1.599593e+000
8.265723e+003	-1.596948e+000
8.275733e+003	-1.598195e+000
8.285733e+003	-1.587881e+000
8.295743e+003	-1.583324e+000
8.305753e+003	-1.593647e+000
8.315753e+003	-1.574261e+000
8.325763e+003	-1.599638e+000
8.335773e+003	-1.598955e+000
8.345774e+003	-1.575407e+000
8.355784e+003	-1.595246e+000
8.365794e+003	-1.593332e+000
8.375794e+003	-1.590827e+000
8.385804e+003	-1.595251e+000
8.395814e+003	-1.583432e+000
8.405804e+003	-1.598631e+000
8.415804e+003	-1.597458e+000
8.425814e+003	-1.606006e+000
8.435824e+003	-1.620813e+000
8.445824e+003	-1.597681e+000
8.455834e+003	-1.588854e+000
8.465845e+003	-1.596059e+000
8.475845e+003	-1.583980e+000
8.485836e+003	-1.576478e+000
8.495846e+003	-1.581750e+000
8.505836e+003	-1.555929e+000
8.515836e+003	-1.556594e+000
8.525846e+003	-1.532272e+000
8.535856e+003	-1.533328e+000
8.545876e+003	-1.512021e+000
8.555887e+003	-1.508538e+000
8.565887e+003	-1.483189e+000
8.575879e+003	-1.485064e+000
8.585888e+003	-1.471482e+000
8.595888e+003	-1.465703e+000
8.605898e+003	-1.448679e+000
8.615908e+003	-1.425106e+000
8.625908e+003	-1.426518e+000
8.635918e+003	-1.403896e+000
8.645928e+003	-1.400671e+000
8.655928e+003	-1.376212e+000
8.665938e+003	-1.373072e+000
8.675938e+003	-1.355717e+000
8.685948e+003	-1.369486e+000
8.695958e+003	-1.333172e+000
8.705958e+003	-1.332852e+000
8.715968e+003	-1.313089e+000
8.725978e+003	-1.282737e+000
8.735978e+003	-1.295788e+000
8.745989e+003	-1.270750e+000
8.755999e+003	-1.273865e+000
8.765999e+003	-1.246398e+000
8.776009e+003	-1.253301e+000
8.786018e+003	-1.241788e+000
8.796009e+003	-1.221046e+000
8.806009e+003	-1.209152e+000
8.816019e+003	-1.206414e+000
8.826029e+003	-1.209941e+000
8.836030e+003	-1.208646e+000
8.846021e+003	-1.173362e+000
8.856031e+003	-1.177973e+000
8.866033e+003	-1.170542e+000
8.876043e+003	-1.165882e+000
8.886044e+003	-1.145915e+000
8.896053e+003	-1.138065e+000
8.906063e+003	-1.141648e+000
8.916054e+003	-1.117702e+000
8.926054e+003	-1.110510e+000
8.936064e+003	-1.093604e+000
8.946074e+003	-1.101247e+000
8.956074e+003	-1.077962e+000
8.966065e+003	-1.087065e+000
8.976075e+003	-1.065554e+000
8.986065e+003	-1.071974e+000
8.996065e+003	-1.059276e+000
9.006075e+003	-1.056105e+000
9.016112e+003	-1.061143e+000
9.026087e+003	-1.041038e+000
9.036096e+003	-1.015816e+000
9.046086e+003	-1.024104e+000
9.056086e+003	-1.015488e+000
9.066096e+003	-1.015521e+000
9.076097e+003	-1.001478e+000
9.086109e+003	-9.883600e-001
9.096118e+003	-9.970394e-001
9.106108e+003	-9.904895e-001
9.116108e+003	-9.758780e-001
9.126118e+003	-9.703630e-001
9.136128e+003	-9.576023e-001
9.146128e+003	-9.527335e-001
9.156119e+003	-9.628628e-001
9.166130e+003	-9.408450e-001
9.176130e+003	-9.386977e-001
9.186140e+003	-9.354245e-001
9.196150e+003	-9.267180e-001
9.206151e+003	-9.153814e-001
9.216161e+003	-9.192445e-001
9.226152e+003	-8.998036e-001
9.236152e+003	-9.042728e-001
9.246162e+003	-8.997001e-001
9.256172e+003	-9.067856e-001
9.266172e+003	-9.067428e-001
9.276182e+003	-8.893624e-001
9.286183e+003	-8.765798e-001
9.296213e+003	-8.880665e-001
9.306223e+003	-8.590024e-001
9.316222e+003	-8.721382e-001
9.326214e+003	-8.622858e-001
9.336224e+003	-8.503296e-001
9.346215e+003	-8.376491e-001
9.356215e+003	-8.502252e-001
9.366227e+003	-8.405844e-001
9.376217e+003	-8.288576e-001
9.386217e+003	-8.249883e-001
9.396227e+003	-8.043904e-001
9.406237e+003	-8.216599e-001
9.416237e+003	-7.992615e-001
9.426247e+003	-7.941574e-001
9.436257e+003	-8.075730e-001
9.446257e+003	-7.940858e-001
9.456266e+003	-7.849269e-001
9.466276e+003	-7.759063e-001
9.476276e+003	-7.676028e-001
9.486286e+003	-7.709614e-001
9.496296e+003	-7.731498e-001
9.506296e+003	-7.609889e-001
9.516306e+003	-7.433165e-001
9.526306e+003	-7.394259e-001
9.536316e+003	-7.531475e-001
9.546326e+003	-7.284064e-001
9.556326e+003	-7.534858e-001
9.566336e+003	-7.236349e-001
9.576374e+003	-7.152189e-001
9.586347e+003	-7.278550e-001
9.596357e+003	-7.225522e-001
9.606367e+003	-7.160318e-001
9.616348e+003	-7.177549e-001
9.626358e+003	-7.053210e-001
9.636368e+003	-7.006579e-001
9.646368e+003	-6.902533e-001
9.656378e+003	-6.985820e-001
9.666369e+003	-6.840577e-001
9.676371e+003	-6.851104e-001
9.686380e+003	-6.780303e-001
9.696390e+003	-6.754040e-001
9.706391e+003	-6.653822e-001
9.716401e+003	-6.719014e-001
9.726411e+003	-6.604513e-001
9.736392e+003	-6.490605e-001
9.746402e+003	-6.487292e-001
9.756412e+003	-6.580191e-001
9.766412e+003	-6.427809e-001
9.776422e+003	-6.436872e-001
9.786413e+003	-6.400085e-001
9.796434e+003	-6.376148e-001
9.806445e+003	-6.206423e-001
9.816455e+003	-6.297349e-001
9.826453e+003	-6.301736e-001
9.836465e+003	-6.102530e-001
9.846466e+003	-6.374298e-001
9.856501e+003	-6.184142e-001
9.866486e+003	-6.106812e-001
9.876486e+003	-5.963779e-001
9.886496e+003	-6.023318e-001
9.896506e+003	-6.056143e-001
9.906496e+003	-5.887085e-001
9.916496e+003	-5.724565e-001
9.926506e+003	-5.907509e-001
9.936516e+003	-5.786237e-001
9.946517e+003	-5.744995e-001
9.956527e+003	-5.680397e-001
9.966527e+003	-5.705841e-001
9.976538e+003	-5.719116e-001
9.986548e+003	-5.579311e-001
9.996538e+003	-5.643772e-001
1.000654e+004	-5.583370e-001
1.001653e+004	-5.543463e-001
1.002654e+004	-5.607618e-001
1.003653e+004	-5.510268e-001
1.004653e+004	-5.448058e-001
1.005654e+004	-5.367411e-001
1.006654e+004	-5.248579e-001
1.007655e+004	-5.411252e-001
1.008656e+004	-5.158410e-001
1.009656e+004	-5.354623e-001
1.010657e+004	-5.239521e-001
1.011658e+004	-5.199106e-001
1.012657e+004	-4.991094e-001
1.013657e+004	-5.109875e-001
1.014658e+004	-5.152221e-001
1.015658e+004	-5.107380e-001
1.016663e+004	-5.120229e-001
1.017662e+004	-4.979830e-001
1.018662e+004	-4.942214e-001
1.019663e+004	-4.966914e-001
1.020664e+004	-4.866905e-001
1.021664e+004	-4.687707e-001
1.022663e+004	-4.824744e-001
1.023665e+004	-4.740113e-001
1.024668e+004	-4.690070e-001
1.025668e+004	-4.758068e-001
1.026672e+004	-4.820242e-001
1.027671e+004	-4.622241e-001
1.028673e+004	-4.684759e-001
1.029674e+004	-4.617817e-001
1.030674e+004	-4.687708e-001
1.031675e+004	-4.593133e-001
1.032675e+004	-4.577961e-001
1.033675e+004	-4.375365e-001
1.034676e+004	-4.602333e-001
1.035678e+004	-4.371676e-001
1.036676e+004	-4.444433e-001
1.037677e+004	-4.589166e-001
1.038678e+004	-4.354653e-001
1.039678e+004	-4.303726e-001
1.040679e+004	-4.399249e-001
1.041680e+004	-4.246116e-001
1.042679e+004	-4.229190e-001
1.043679e+004	-4.142733e-001
1.044680e+004	-4.323840e-001
1.045681e+004	-4.374012e-001
1.046681e+004	-4.120393e-001
1.047682e+004	-4.351359e-001
1.048683e+004	-4.150326e-001
1.049683e+004	-4.127533e-001
1.050684e+004	-4.138447e-001
1.051684e+004	-4.310346e-001
1.052687e+004	-4.219296e-001
1.053687e+004	-4.175407e-001
1.054690e+004	-4.229493e-001
1.055691e+004	-4.069069e-001
1.056691e+004	-4.132811e-001
1.057692e+004	-4.152280e-001
1.058692e+004	-4.028760e-001
1.059693e+004	-4.125142e-001
1.060694e+004	-3.979544e-001
1.061694e+004	-3.901652e-001
1.062697e+004	-3.907522e-001
1.063695e+004	-3.850231e-001
1.064701e+004	-3.800817e-001
1.065699e+004	-3.857207e-001
1.066700e+004	-3.879892e-001
1.067701e+004	-3.912548e-001
1.068701e+004	-3.683940e-001
1.069702e+004	-3.714583e-001
1.070703e+004	-3.604668e-001
1.071703e+004	-4.037114e-001
1.072704e+004	-3.984312e-001
1.073704e+004	-3.930371e-001
1.074705e+004	-4.011733e-001
1.075706e+004	-4.008750e-001
1.076706e+004	-3.989848e-001
1.077707e+004	-3.783279e-001
1.078708e+004	-3.726745e-001
1.079711e+004	-3.726559e-001
1.080709e+004	-3.621484e-001
1.081710e+004	-3.871492e-001
1.082710e+004	-3.691735e-001
1.083715e+004	-3.659497e-001
1.084713e+004	-3.689517e-001
1.085719e+004	-3.569872e-001
1.086717e+004	-3.747538e-001
1.087717e+004	-3.651903e-001
1.088718e+004	-3.444488e-001
1.089718e+004	-3.547315e-001
1.090723e+004	-3.643398e-001
1.091721e+004	-3.436726e-001
1.092724e+004	-3.451630e-001
1.093724e+004	-3.435422e-001
1.094727e+004	-3.353075e-001
1.095727e+004	-3.432381e-001
1.096728e+004	-3.306869e-001
1.097729e+004	-3.443453e-001
1.098729e+004	-3.332022e-001
1.099730e+004	-3.324779e-001
1.100731e+004	-3.471048e-001
1.101731e+004	-3.372122e-001
1.102732e+004	-3.372223e-001
1.103734e+004	-3.507402e-001
1.104735e+004	-3.290664e-001
1.105736e+004	-3.398965e-001
1.106736e+004	-3.264905e-001
1.107736e+004	-3.374533e-001
1.108737e+004	-3.234266e-001
1.109736e+004	-3.176263e-001
1.110736e+004	-3.105215e-001
1.111737e+004	-3.124132e-001
1.112738e+004	-3.149516e-001
1.113738e+004	-3.112017e-001
1.114739e+004	-3.083034e-001
1.115739e+004	-3.097219e-001
1.116740e+004	-2.896428e-001
1.117741e+004	-2.994237e-001
1.118741e+004	-2.958794e-001
1.119743e+004	-2.940406e-001
1.120745e+004	-3.035721e-001
1.121745e+004	-3.030654e-001
1.122746e+004	-2.944461e-001
1.123747e+004	-2.916718e-001
1.124747e+004	-2.808227e-001
1.125746e+004	-2.774724e-001
1.126748e+004	-2.899518e-001
1.127751e+004	-2.996200e-001
1.128751e+004	-2.825022e-001
1.129752e+004	-2.750970e-001
1.130753e+004	-2.820416e-001
1.131753e+004	-2.890280e-001
1.132754e+004	-2.773811e-001
1.133753e+004	-2.891484e-001
1.134755e+004	-2.744592e-001
1.135759e+004	-2.746343e-001
1.136758e+004	-2.888229e-001
1.137759e+004	-2.797939e-001
1.138760e+004	-2.730537e-001
1.139760e+004	-2.882882e-001
1.140761e+004	-2.710796e-001
1.141762e+004	-2.637391e-001
1.142762e+004	-2.866725e-001
1.143763e+004	-2.798296e-001
1.144763e+004	-2.665678e-001
1.145764e+004	-2.839261e-001
1.146765e+004	-2.760331e-001
1.147764e+004	-2.778205e-001
1.148764e+004	-2.873739e-001
1.149765e+004	-2.953654e-001
1.150766e+004	-2.997613e-001
1.151766e+004	-2.917849e-001
1.152767e+004	-2.827649e-001
1.153768e+004	-2.885687e-001
1.154768e+004	-2.728908e-001
1.155769e+004	-2.902596e-001
1.156770e+004	-2.877362e-001
1.157770e+004	-2.770001e-001
1.158771e+004	-2.849404e-001
1.159771e+004	-2.597216e-001
1.160772e+004	-2.663877e-001
1.161773e+004	-2.709098e-001
1.162773e+004	-2.762220e-001
1.163774e+004	-2.848899e-001
1.164775e+004	-2.694584e-001
1.165775e+004	-3.035399e-001
1.166776e+004	-2.814425e-001
1.167778e+004	-2.831550e-001
1.168779e+004	-2.919026e-001
1.169785e+004	-2.777330e-001
1.170782e+004	-2.748116e-001
1.171783e+004	-2.839321e-001
1.172782e+004	-2.831077e-001
1.173782e+004	-2.758508e-001
1.174783e+004	-2.798872e-001
1.175784e+004	-2.717627e-001
1.176784e+004	-2.678139e-001
1.177783e+004	-2.626377e-001
1.178785e+004	-2.612381e-001
1.179785e+004	-2.618751e-001
1.180784e+004	-2.740813e-001
1.181785e+004	-2.650491e-001
1.182785e+004	-2.538020e-001
1.183786e+004	-2.511730e-001
1.184787e+004	-2.642792e-001
1.185787e+004	-2.521454e-001
1.186786e+004	-2.377659e-001
1.187787e+004	-2.476987e-001
1.188787e+004	-2.584435e-001
1.189788e+004	-2.550291e-001
1.190790e+004	-2.490780e-001
1.191791e+004	-2.502375e-001
1.192792e+004	-2.453927e-001
1.193792e+004	-2.518758e-001
1.194793e+004	-2.512648e-001
1.195794e+004	-2.549833e-001
1.196794e+004	-2.522234e-001
1.197795e+004	-2.544911e-001
1.198796e+004	-2.384761e-001
1.199796e+004	-2.372664e-001
1.200797e+004	-2.448101e-001
1.201798e+004	-2.427675e-001
1.202798e+004	-2.386868e-001
1.203799e+004	-2.257857e-001
1.204799e+004	-2.381085e-001
1.205800e+004	-2.320683e-001
1.206801e+004	-2.522694e-001
1.207801e+004	-2.438548e-001
1.208804e+004	-2.449979e-001
1.209804e+004	-2.222915e-001
1.210807e+004	-2.438957e-001
1.211807e+004	-2.312393e-001
1.212808e+004	-2.439160e-001
1.213809e+004	-2.360825e-001
1.214809e+004	-2.337781e-001
1.215810e+004	-2.318488e-001
1.216811e+004	-2.180532e-001
1.217811e+004	-2.310262e-001
1.218817e+004	-2.260853e-001
1.219815e+004	-2.122380e-001
1.220817e+004	-2.237648e-001
1.221818e+004	-2.101127e-001
1.222823e+004	-2.104331e-001
1.223822e+004	-2.243000e-001
1.224822e+004	-2.076432e-001
1.225823e+004	-2.220966e-001
1.226823e+004	-2.310154e-001
1.227826e+004	-2.315503e-001
1.228825e+004	-2.027407e-001
1.229825e+004	-2.059841e-001
1.230826e+004	-2.107647e-001
1.231827e+004	-2.136810e-001
1.232827e+004	-2.221321e-001
1.233828e+004	-1.982978e-001
1.234827e+004	-2.179514e-001
1.235827e+004	-2.094260e-001
1.236828e+004	-2.102607e-001
1.237829e+004	-2.031389e-001
1.238829e+004	-2.112686e-001
1.239830e+004	-2.271856e-001
1.240830e+004	-2.088480e-001
1.241833e+004	-2.006939e-001
1.242833e+004	-2.108149e-001
1.243834e+004	-2.001991e-001
1.244835e+004	-2.121847e-001
1.245835e+004	-2.205123e-001
1.246836e+004	-2.082516e-001
1.247837e+004	-2.146742e-001
1.248837e+004	-2.087653e-001
1.249838e+004	-2.123061e-001
1.250839e+004	-2.145553e-001
1.251837e+004	-2.118762e-001
1.252838e+004	-2.127351e-001
1.253839e+004	-2.247604e-001
1.254839e+004	-2.279601e-001
1.255841e+004	-2.263154e-001
1.256846e+004	-2.228159e-001
1.257843e+004	-2.379258e-001
1.258845e+004	-2.275912e-001
1.259843e+004	-2.354919e-001
1.260844e+004	-2.479329e-001
1.261843e+004	-2.363620e-001
1.262845e+004	-2.411215e-001
1.263846e+004	-2.237582e-001
1.264847e+004	-2.122473e-001
1.265846e+004	-2.451691e-001
1.266846e+004	-2.380890e-001
1.267847e+004	-2.312814e-001
1.268848e+004	-2.364477e-001
1.269848e+004	-2.218066e-001
1.270849e+004	-2.354635e-001
1.271850e+004	-2.284972e-001
1.272850e+004	-2.245985e-001
1.273851e+004	-2.198470e-001
1.274851e+004	-2.310234e-001
1.275858e+004	-2.417562e-001
1.276855e+004	-2.329000e-001
1.277855e+004	-2.193480e-001
1.278854e+004	-2.177793e-001
1.279856e+004	-2.068800e-001
1.280859e+004	-2.180962e-001
1.281859e+004	-2.248588e-001
1.282860e+004	-2.119142e-001
1.283861e+004	-2.236310e-001
1.284861e+004	-2.247844e-001
1.285862e+004	-2.122149e-001
1.286863e+004	-2.038958e-001
1.287863e+004	-2.146346e-001
1.288864e+004	-2.251138e-001
1.289865e+004	-2.230131e-001
1.290863e+004	-2.218552e-001
1.291866e+004	-2.202011e-001
1.292866e+004	-2.244173e-001
1.293867e+004	-2.244870e-001
1.294869e+004	-2.163981e-001
1.295870e+004	-2.284699e-001
1.296871e+004	-2.310157e-001
1.297871e+004	-2.171226e-001
1.298872e+004	-2.107183e-001
1.299874e+004	-2.086337e-001
1.300874e+004	-2.130177e-001
1.301875e+004	-2.057028e-001
1.302875e+004	-2.073626e-001
1.303875e+004	-1.969566e-001
1.304876e+004	-2.132522e-001
1.305878e+004	-2.048642e-001
1.306878e+004	-2.165557e-001
1.307879e+004	-2.060507e-001
1.308880e+004	-2.074606e-001
1.309880e+004	-2.064494e-001
1.310881e+004	-2.067786e-001
1.311881e+004	-2.085091e-001
1.312882e+004	-2.030773e-001
1.313882e+004	-2.121161e-001
1.314887e+004	-2.223328e-001
1.315885e+004	-2.281236e-001
1.316886e+004	-2.282128e-001
1.317886e+004	-2.330601e-001
1.318888e+004	-2.132847e-001
1.319889e+004	-2.242992e-001
1.320888e+004	-2.208243e-001
1.321888e+004	-2.130754e-001
1.322892e+004	-2.154620e-001
1.323889e+004	-2.065651e-001
1.324890e+004	-2.039672e-001
1.325891e+004	-2.059786e-001
1.326890e+004	-1.987456e-001
1.327890e+004	-2.038066e-001
1.328891e+004	-2.016774e-001
1.329891e+004	-1.963141e-001
1.330892e+004	-1.913666e-001
1.331893e+004	-2.076851e-001
1.332893e+004	-2.104021e-001
1.333894e+004	-2.053795e-001
1.334895e+004	-2.147422e-001
1.335895e+004	-2.088394e-001
1.336896e+004	-2.121668e-001
1.337896e+004	-2.107072e-001
1.338897e+004	-2.231688e-001
1.339898e+004	-2.300069e-001
1.340897e+004	-2.326841e-001
1.341897e+004	-2.243730e-001
1.342898e+004	-2.244117e-001
1.343898e+004	-2.267268e-001
1.344899e+004	-2.239794e-001
1.345900e+004	-2.393744e-001
1.346900e+004	-2.298157e-001
1.347905e+004	-2.238507e-001
1.348902e+004	-2.387977e-001
1.349900e+004	-2.497890e-001
1.350901e+004	-2.332133e-001
1.351902e+004	-2.393260e-001
1.352903e+004	-2.323823e-001
1.353903e+004	-2.264304e-001
1.354909e+004	-2.295208e-001
1.355906e+004	-2.156812e-001
1.356907e+004	-2.355421e-001
1.357908e+004	-2.151036e-001
1.358908e+004	-2.137397e-001
1.359909e+004	-2.020236e-001
1.360910e+004	-2.135831e-001
1.361910e+004	-2.140347e-001
1.362911e+004	-1.981806e-001
1.363912e+004	-2.128939e-001
1.364912e+004	-2.183488e-001
1.365913e+004	-1.933273e-001
1.366915e+004	-2.045959e-001
1.367915e+004	-2.068573e-001
1.368914e+004	-1.925750e-001
1.369914e+004	-2.070750e-001
1.370915e+004	-1.952514e-001
1.371916e+004	-2.058161e-001
1.372916e+004	-1.946494e-001
1.373917e+004	-2.010551e-001
1.374918e+004	-1.947670e-001
1.375918e+004	-1.912203e-001
1.376919e+004	-1.923548e-001
1.377920e+004	-1.888331e-001
1.378918e+004	-2.029004e-001
1.379919e+004	-1.931686e-001
1.380920e+004	-2.075594e-001
1.381918e+004	-1.884084e-001
1.382919e+004	-2.105615e-001
1.383920e+004	-1.830212e-001
1.384920e+004	-2.068415e-001
1.385921e+004	-2.018744e-001
1.386922e+004	-2.062576e-001
1.387920e+004	-2.052765e-001
1.388921e+004	-1.941768e-001
1.389922e+004	-1.912527e-001
1.390922e+004	-2.023412e-001
1.391923e+004	-1.768907e-001
1.392922e+004	-1.624765e-001
1.393924e+004	-1.566171e-001
1.394925e+004	-1.644110e-001
1.395926e+004	-1.591944e-001
1.396926e+004	-1.611633e-001
1.397928e+004	-1.577387e-001
1.398928e+004	-1.393016e-001
1.399929e+004	-1.761121e-001
1.400931e+004	-1.682576e-001
1.401932e+004	-1.690333e-001
1.402933e+004	-1.537896e-001
1.403933e+004	-1.646213e-001
1.404934e+004	-1.616965e-001
1.405935e+004	-1.570249e-001
1.406934e+004	-1.530029e-001
1.407934e+004	-1.352232e-001
1.408933e+004	-1.604303e-001
1.409934e+004	-1.385562e-001
1.410934e+004	-1.492146e-001
1.411935e+004	-1.528965e-001
1.412940e+004	-1.443548e-001
1.413938e+004	-1.353338e-001
1.414939e+004	-1.369447e-001
1.415939e+004	-1.545423e-001
1.416940e+004	-1.570747e-001
1.417941e+004	-1.492562e-001
1.418941e+004	-1.530341e-001
1.419942e+004	-1.426805e-001
1.420943e+004	-1.427600e-001
1.421943e+004	-1.330495e-001
1.422942e+004	-1.301067e-001
1.423943e+004	-1.342963e-001
1.424941e+004	-1.405330e-001
1.425944e+004	-1.368320e-001
1.426944e+004	-1.222892e-001
1.427945e+004	-1.274813e-001
1.428947e+004	-1.300543e-001
1.429947e+004	-1.125104e-001
1.430948e+004	-1.306103e-001
1.431948e+004	-1.123302e-001
1.432949e+004	-1.208587e-001
1.433950e+004	-1.251189e-001
1.434948e+004	-1.173192e-001
1.435949e+004	-1.034222e-001
1.436950e+004	-1.214204e-001
1.437950e+004	-1.222539e-001
1.438951e+004	-1.101118e-001
1.439952e+004	-9.476883e-002
1.440951e+004	-9.570575e-002
1.441951e+004	-9.309101e-002
1.442950e+004	-9.845426e-002
1.443950e+004	-9.350767e-002
1.444951e+004	-7.341500e-002
1.445950e+004	-7.909367e-002
1.446952e+004	-6.700631e-002
1.447958e+004	-6.511788e-002
1.448955e+004	-7.250461e-002
1.449956e+004	-5.900566e-002
1.450957e+004	-6.506616e-002
1.451957e+004	-6.146312e-002
1.452960e+004	-7.291945e-002
1.453961e+004	-4.528238e-002
1.454962e+004	-6.493318e-002
1.455962e+004	-5.749261e-002
1.456963e+004	-4.901106e-002
1.457964e+004	-6.059691e-002
1.458964e+004	-6.247696e-002
1.459965e+004	-5.951184e-002
1.460964e+004	-5.837347e-002
1.461966e+004	-4.209815e-002
1.462966e+004	-5.347140e-002
1.463967e+004	-3.766473e-002
1.464966e+004	-5.941434e-002
1.465968e+004	-5.052034e-002
1.466971e+004	-4.965912e-002
1.467971e+004	-3.945927e-002
1.468972e+004	-5.422249e-002
1.469971e+004	-4.370034e-002
1.470973e+004	-4.328179e-002
1.471974e+004	-4.241087e-002
1.472979e+004	-4.398971e-002
1.473975e+004	-3.717238e-002
1.474976e+004	-2.650580e-002
1.475978e+004	-4.228561e-002
1.476978e+004	-4.131790e-002
1.477977e+004	-3.209812e-002
1.478979e+004	-3.007798e-002
1.479980e+004	-2.030095e-002
1.480981e+004	-3.761841e-002
1.481980e+004	-4.024141e-002
1.482980e+004	-2.235134e-002
1.483981e+004	-3.187831e-002
1.484982e+004	-3.709103e-002
1.485982e+004	-2.943809e-002
1.486983e+004	-2.470627e-002
1.487984e+004	-2.680708e-002
1.488984e+004	-1.230114e-002
1.489985e+004	-2.039816e-002
1.490984e+004	-1.824078e-002
1.491984e+004	-6.895544e-003
1.492985e+004	-1.162543e-002
1.493985e+004	7.795548e-004
1.494986e+004	3.223624e-003
1.495987e+004	-2.838385e-003
1.496985e+004	6.656099e-004
1.497986e+004	1.617140e-002
1.498987e+004	3.158752e-003
1.499987e+004	1.733412e-002
1.500988e+004	4.230503e-003
1.501990e+004	8.555934e-003
1.502990e+004	-1.760682e-003
1.503991e+004	1.215696e-002
1.504991e+004	1.047456e-002
1.505992e+004	5.332903e-003
1.506993e+004	1.262648e-002
1.507991e+004	2.793791e-002
1.508992e+004	1.102817e-002
1.509991e+004	5.108141e-003
1.510991e+004	-6.636238e-003
1.511992e+004	3.168389e-002
1.512991e+004	1.160221e-002
1.513993e+004	6.997895e-003
1.514994e+004	1.373798e-003
1.515996e+004	-2.586286e-003
1.516997e+004	1.649340e-002
1.517996e+004	1.642594e-002
1.518998e+004	-8.756521e-003
1.519999e+004	1.321003e-002
1.521000e+004	1.118764e-002
1.521999e+004	1.715904e-002
