0.000000e+000	1.495438e+000
9.983000e+000	1.496383e+000
1.999400e+001	1.489515e+000
2.999400e+001	1.492495e+000
4.005900e+001	1.493251e+000
5.002500e+001	1.495875e+000
6.005500e+001	1.509926e+000
7.005600e+001	1.499369e+000
8.006800e+001	1.496706e+000
9.007000e+001	1.502527e+000
1.000990e+002	1.513426e+000
1.101090e+002	1.495459e+000
1.201300e+002	1.512384e+000
1.301400e+002	1.499398e+000
1.401610e+002	1.507339e+000
1.501630e+002	1.516406e+000
1.601920e+002	1.507276e+000
1.701930e+002	1.510518e+000
1.802230e+002	1.515819e+000
1.902230e+002	1.513160e+000
2.002330e+002	1.498664e+000
2.102430e+002	1.502851e+000
2.202440e+002	1.525917e+000
2.302740e+002	1.514287e+000
2.402750e+002	1.512167e+000
2.502860e+002	1.504773e+000
2.602870e+002	1.511971e+000
2.702970e+002	1.512560e+000
2.803070e+002	1.518767e+000
2.903090e+002	1.516070e+000
3.003200e+002	1.517922e+000
3.103290e+002	1.520870e+000
3.203100e+002	1.518388e+000
3.303200e+002	1.527343e+000
3.403300e+002	1.522967e+000
3.503300e+002	1.526603e+000
3.603400e+002	1.536836e+000
3.703500e+002	1.526480e+000
3.803500e+002	1.520799e+000
3.903600e+002	1.542088e+000
4.003700e+002	1.518306e+000
4.103700e+002	1.562812e+000
4.203810e+002	1.534506e+000
4.303910e+002	1.538704e+000
4.403920e+002	1.525929e+000
4.504020e+002	1.527677e+000
4.604020e+002	1.543883e+000
4.704120e+002	1.531378e+000
4.804220e+002	1.526204e+000
4.904220e+002	1.529777e+000
5.004520e+002	1.530642e+000
5.104620e+002	1.522516e+000
5.204620e+002	1.522469e+000
5.304720e+002	1.527677e+000
5.404820e+002	1.536401e+000
5.504820e+002	1.539788e+000
5.604920e+002	1.533931e+000
5.704930e+002	1.535624e+000
5.805230e+002	1.537475e+000
5.905230e+002	1.538263e+000
6.005330e+002	1.535101e+000
6.105660e+002	1.537555e+000
6.205430e+002	1.538461e+000
6.305540e+002	1.550267e+000
6.405640e+002	1.555522e+000
6.505640e+002	1.549471e+000
6.605740e+002	1.555296e+000
6.705840e+002	1.548268e+000
6.805840e+002	1.556464e+000
6.905940e+002	1.550721e+000
7.006050e+002	1.555779e+000
7.106050e+002	1.556152e+000
7.205970e+002	1.559763e+000
7.306180e+002	1.565602e+000
7.406280e+002	1.566598e+000
7.506380e+002	1.554248e+000
7.606190e+002	1.564153e+000
7.706290e+002	1.577712e+000
7.806210e+002	1.561419e+000
7.906210e+002	1.564554e+000
8.006880e+002	1.558040e+000
8.106520e+002	1.570965e+000
8.206620e+002	1.572001e+000
8.307000e+002	1.571817e+000
8.406720e+002	1.572656e+000
8.506840e+002	1.581157e+000
8.607030e+002	1.573792e+000
8.707140e+002	1.583900e+000
8.807340e+002	1.585864e+000
8.907450e+002	1.586874e+000
9.007550e+002	1.574815e+000
9.107550e+002	1.586871e+000
9.207650e+002	1.581450e+000
9.307750e+002	1.585463e+000
9.407760e+002	1.580086e+000
9.507860e+002	1.584950e+000
9.607770e+002	1.596348e+000
9.707780e+002	1.581738e+000
9.807690e+002	1.603662e+000
9.907890e+002	1.605897e+000
1.000799e+003	1.602181e+000
1.010820e+003	1.601039e+000
1.020830e+003	1.618390e+000
1.030841e+003	1.597424e+000
1.040841e+003	1.599655e+000
1.050851e+003	1.616048e+000
1.060862e+003	1.616230e+000
1.070863e+003	1.615815e+000
1.080873e+003	1.597728e+000
1.090854e+003	1.616783e+000
1.100865e+003	1.611545e+000
1.110914e+003	1.610840e+000
1.120896e+003	1.607939e+000
1.130906e+003	1.620263e+000
1.140906e+003	1.618839e+000
1.150916e+003	1.622266e+000
1.160926e+003	1.619075e+000
1.170917e+003	1.623912e+000
1.180917e+003	1.627539e+000
1.190908e+003	1.629641e+000
1.200918e+003	1.630525e+000
1.210899e+003	1.632651e+000
1.220909e+003	1.645555e+000
1.230919e+003	1.625768e+000
1.240919e+003	1.640835e+000
1.250929e+003	1.639725e+000
1.260920e+003	1.645689e+000
1.270940e+003	1.645734e+000
1.280952e+003	1.651704e+000
1.290951e+003	1.639984e+000
1.300961e+003	1.657578e+000
1.310954e+003	1.658177e+000
1.320953e+003	1.662542e+000
1.331014e+003	1.664137e+000
1.340985e+003	1.661350e+000
1.350995e+003	1.674782e+000
1.361005e+003	1.662042e+000
1.371005e+003	1.658309e+000
1.381015e+003	1.667542e+000
1.391025e+003	1.657429e+000
1.401025e+003	1.656825e+000
1.411036e+003	1.672112e+000
1.421046e+003	1.667008e+000
1.431046e+003	1.677965e+000
1.441056e+003	1.684148e+000
1.451058e+003	1.663500e+000
1.461068e+003	1.673299e+000
1.471078e+003	1.677387e+000
1.481059e+003	1.678198e+000
1.491069e+003	1.667165e+000
1.501061e+003	1.665925e+000
1.511061e+003	1.660104e+000
1.521071e+003	1.667032e+000
1.531081e+003	1.663082e+000
1.541081e+003	1.679625e+000
1.551091e+003	1.657634e+000
1.561101e+003	1.658307e+000
1.571101e+003	1.658940e+000
1.581111e+003	1.651971e+000
1.591121e+003	1.652463e+000
1.601122e+003	1.654801e+000
1.611133e+003	1.638879e+000
1.621143e+003	1.645635e+000
1.631125e+003	1.647000e+000
1.641135e+003	1.652692e+000
1.651146e+003	1.649673e+000
1.661147e+003	1.639897e+000
1.671190e+003	1.650574e+000
1.681158e+003	1.651618e+000
1.691169e+003	1.665711e+000
1.701189e+003	1.646885e+000
1.711201e+003	1.650212e+000
1.721193e+003	1.660740e+000
1.731193e+003	1.674291e+000
1.741203e+003	1.667109e+000
1.751194e+003	1.659636e+000
1.761194e+003	1.671012e+000
1.771232e+003	1.670372e+000
1.781205e+003	1.658247e+000
1.791235e+003	1.675749e+000
1.801235e+003	1.668702e+000
1.811266e+003	1.670301e+000
1.821266e+003	1.671369e+000
1.831305e+003	1.675254e+000
1.841287e+003	1.680900e+000
1.851287e+003	1.675691e+000
1.861297e+003	1.676912e+000
1.871307e+003	1.681921e+000
1.881307e+003	1.675870e+000
1.891317e+003	1.678987e+000
1.901327e+003	1.669292e+000
1.911327e+003	1.671145e+000
1.921337e+003	1.663220e+000
1.931348e+003	1.668702e+000
1.941349e+003	1.669028e+000
1.951358e+003	1.668382e+000
1.961368e+003	1.677468e+000
1.971369e+003	1.663185e+000
1.981379e+003	1.666423e+000
1.991379e+003	1.661175e+000
2.001409e+003	1.673750e+000
2.011419e+003	1.670606e+000
2.021419e+003	1.661404e+000
2.031429e+003	1.663784e+000
2.041439e+003	1.658927e+000
2.051440e+003	1.654232e+000
2.061450e+003	1.662979e+000
2.071460e+003	1.648439e+000
2.081481e+003	1.651817e+000
2.091481e+003	1.662134e+000
2.101512e+003	1.656899e+000
2.111512e+003	1.671012e+000
2.121562e+003	1.657683e+000
2.131544e+003	1.670529e+000
2.141554e+003	1.667762e+000
2.151575e+003	1.662379e+000
2.161585e+003	1.671420e+000
2.171594e+003	1.675502e+000
2.181594e+003	1.674514e+000
2.191604e+003	1.684768e+000
2.201625e+003	1.686425e+000
2.211636e+003	1.680693e+000
2.221619e+003	1.671359e+000
2.231629e+003	1.675493e+000
2.241640e+003	1.690300e+000
2.251640e+003	1.683078e+000
2.261683e+003	1.691896e+000
2.271653e+003	1.687662e+000
2.281664e+003	1.687127e+000
2.291666e+003	1.697477e+000
2.301678e+003	1.689993e+000
2.311688e+003	1.698277e+000
2.321688e+003	1.694120e+000
2.331680e+003	1.692884e+000
2.341682e+003	1.698793e+000
2.351692e+003	1.715689e+000
2.361702e+003	1.704514e+000
2.371702e+003	1.704922e+000
2.381712e+003	1.714095e+000
2.391723e+003	1.713033e+000
2.401703e+003	1.704749e+000
2.411713e+003	1.712909e+000
2.421723e+003	1.721365e+000
2.431723e+003	1.719516e+000
2.441733e+003	1.715786e+000
2.451743e+003	1.715862e+000
2.461743e+003	1.711969e+000
2.471754e+003	1.719203e+000
2.481765e+003	1.707390e+000
2.491746e+003	1.705958e+000
2.501756e+003	1.704339e+000
2.511802e+003	1.702968e+000
2.521766e+003	1.721943e+000
2.531796e+003	1.709455e+000
2.541806e+003	1.707856e+000
2.551806e+003	1.699233e+000
2.561816e+003	1.715034e+000
2.571826e+003	1.695156e+000
2.581847e+003	1.710857e+000
2.591848e+003	1.701431e+000
2.601906e+003	1.707396e+000
2.611877e+003	1.702923e+000
2.621887e+003	1.693178e+000
2.631878e+003	1.690462e+000
2.641898e+003	1.701461e+000
2.651928e+003	1.703379e+000
2.661928e+003	1.704385e+000
2.671939e+003	1.706551e+000
2.681949e+003	1.709849e+000
2.691949e+003	1.699578e+000
2.701960e+003	1.704576e+000
2.711980e+003	1.709364e+000
2.721991e+003	1.702910e+000
2.732001e+003	1.712912e+000
2.742002e+003	1.704375e+000
2.751993e+003	1.692920e+000
2.761995e+003	1.693732e+000
2.772057e+003	1.696757e+000
2.782026e+003	1.692987e+000
2.792035e+003	1.702745e+000
2.802045e+003	1.689619e+000
2.812046e+003	1.705968e+000
2.822056e+003	1.702224e+000
2.832077e+003	1.704595e+000
2.842087e+003	1.709180e+000
2.852097e+003	1.695545e+000
2.862087e+003	1.693325e+000
2.872087e+003	1.705012e+000
2.882097e+003	1.703687e+000
2.892100e+003	1.697349e+000
2.902109e+003	1.697017e+000
2.912101e+003	1.697625e+000
2.922101e+003	1.687689e+000
2.932112e+003	1.703980e+000
2.942122e+003	1.700748e+000
2.952122e+003	1.704954e+000
2.962133e+003	1.704196e+000
2.972153e+003	1.713469e+000
2.982165e+003	1.706406e+000
2.992165e+003	1.704081e+000
3.002176e+003	1.717295e+000
3.012185e+003	1.705231e+000
3.022185e+003	1.724623e+000
3.032195e+003	1.729015e+000
3.042237e+003	1.718969e+000
3.052226e+003	1.730775e+000
3.062236e+003	1.724664e+000
3.072217e+003	1.724944e+000
3.082227e+003	1.732049e+000
3.092218e+003	1.736127e+000
3.102228e+003	1.725677e+000
3.112228e+003	1.738279e+000
3.122238e+003	1.726545e+000
3.132239e+003	1.736835e+000
3.142249e+003	1.727085e+000
3.152259e+003	1.727975e+000
3.162260e+003	1.729508e+000
3.172270e+003	1.734670e+000
3.182280e+003	1.724876e+000
3.192270e+003	1.735488e+000
3.202270e+003	1.730553e+000
3.212280e+003	1.724126e+000
3.222290e+003	1.725038e+000
3.232290e+003	1.713153e+000
3.242281e+003	1.721258e+000
3.252292e+003	1.708057e+000
3.262292e+003	1.719895e+000
3.272302e+003	1.714173e+000
3.282312e+003	1.702811e+000
3.292313e+003	1.720078e+000
3.302323e+003	1.703728e+000
3.312333e+003	1.707573e+000
3.322333e+003	1.705424e+000
3.332343e+003	1.709464e+000
3.342353e+003	1.707028e+000
3.352353e+003	1.711975e+000
3.362344e+003	1.709525e+000
3.372395e+003	1.712301e+000
3.382394e+003	1.712548e+000
3.392377e+003	1.703043e+000
3.402407e+003	1.725607e+000
3.412417e+003	1.728809e+000
3.422416e+003	1.720161e+000
3.432426e+003	1.718432e+000
3.442436e+003	1.738374e+000
3.452436e+003	1.741367e+000
3.462446e+003	1.735839e+000
3.472445e+003	1.732716e+000
3.482456e+003	1.741469e+000
3.492466e+003	1.745160e+000
3.502466e+003	1.735587e+000
3.512476e+003	1.750623e+000
3.522467e+003	1.753795e+000
3.532487e+003	1.759903e+000
3.542497e+003	1.746238e+000
3.552507e+003	1.737107e+000
3.562488e+003	1.746980e+000
3.572500e+003	1.753380e+000
3.582509e+003	1.743064e+000
3.592509e+003	1.755247e+000
3.602519e+003	1.756250e+000
3.612555e+003	1.734250e+000
3.622519e+003	1.742172e+000
3.632519e+003	1.744185e+000
3.642529e+003	1.737427e+000
3.652539e+003	1.735197e+000
3.662539e+003	1.738883e+000
3.672530e+003	1.740778e+000
3.682540e+003	1.739413e+000
3.692521e+003	1.734256e+000
3.702532e+003	1.731263e+000
3.712542e+003	1.733757e+000
3.722542e+003	1.741911e+000
3.732553e+003	1.740509e+000
3.742562e+003	1.729608e+000
3.752553e+003	1.741290e+000
3.762553e+003	1.740480e+000
3.772563e+003	1.735058e+000
3.782573e+003	1.754569e+000
3.792573e+003	1.752625e+000
3.802583e+003	1.750424e+000
3.812584e+003	1.750756e+000
3.822594e+003	1.786501e+000
3.832604e+003	1.785775e+000
3.842594e+003	1.850519e+000
3.852596e+003	1.807610e+000
3.862605e+003	1.819751e+000
3.872605e+003	1.836716e+000
3.882635e+003	1.838384e+000
3.892645e+003	1.836828e+000
3.902645e+003	1.836242e+000
3.912655e+003	1.836130e+000
3.922665e+003	1.839670e+000
3.932665e+003	1.831702e+000
3.942675e+003	1.842708e+000
3.952675e+003	1.833821e+000
3.962685e+003	1.840463e+000
3.972677e+003	1.830024e+000
3.982687e+003	1.828036e+000
3.992708e+003	1.837900e+000
4.002719e+003	1.820554e+000
4.012739e+003	1.829889e+000
4.022740e+003	1.817692e+000
4.032751e+003	1.818331e+000
4.042762e+003	1.814678e+000
4.052783e+003	1.821221e+000
4.062793e+003	1.835821e+000
4.072814e+003	1.828290e+000
4.082815e+003	1.847856e+000
4.092846e+003	1.829497e+000
4.102847e+003	1.840022e+000
4.112877e+003	1.848506e+000
4.122878e+003	1.844809e+000
4.132908e+003	1.852223e+000
4.142908e+003	1.851762e+000
4.152918e+003	1.850053e+000
4.162928e+003	1.854047e+000
4.172928e+003	1.856303e+000
4.182938e+003	1.851186e+000
4.192948e+003	1.848980e+000
4.202948e+003	1.869637e+000
4.212958e+003	1.859672e+000
4.222968e+003	1.852274e+000
4.232958e+003	1.862481e+000
4.242958e+003	1.872337e+000
4.252968e+003	1.865796e+000
4.262978e+003	1.853753e+000
4.272978e+003	1.857299e+000
4.282988e+003	1.874746e+000
4.292989e+003	1.867061e+000
4.303000e+003	1.873521e+000
4.313002e+003	1.845275e+000
4.323013e+003	1.862464e+000
4.333022e+003	1.859728e+000
4.343022e+003	1.872035e+000
4.353034e+003	1.836389e+000
4.363044e+003	1.845200e+000
4.373044e+003	1.854087e+000
4.383054e+003	1.853955e+000
4.393064e+003	1.859441e+000
4.403064e+003	1.851020e+000
4.413074e+003	1.847664e+000
4.423113e+003	1.837295e+000
4.433084e+003	1.849554e+000
4.443075e+003	1.841663e+000
4.453085e+003	1.837455e+000
4.463075e+003	1.844659e+000
4.473075e+003	1.845449e+000
4.483088e+003	1.842864e+000
4.493078e+003	1.836130e+000
4.503078e+003	1.834117e+000
4.513089e+003	1.840592e+000
4.523089e+003	1.846584e+000
4.533100e+003	1.851259e+000
4.543110e+003	1.839514e+000
4.553091e+003	1.836631e+000
4.563104e+003	1.837043e+000
4.573105e+003	1.842925e+000
4.583118e+003	1.832789e+000
4.593109e+003	1.845510e+000
4.603108e+003	1.846201e+000
4.613118e+003	1.835213e+000
4.623119e+003	1.855980e+000
4.633130e+003	1.861755e+000
4.643141e+003	1.857451e+000
4.653141e+003	1.856977e+000
4.663151e+003	1.856790e+000
4.673161e+003	1.861262e+000
4.683161e+003	1.863387e+000
4.693152e+003	1.850114e+000
4.703172e+003	1.859977e+000
4.713183e+003	1.855767e+000
4.723194e+003	1.859485e+000
4.733194e+003	1.862565e+000
4.743185e+003	1.855751e+000
4.753195e+003	1.852016e+000
4.763176e+003	1.852142e+000
4.773206e+003	1.863270e+000
4.783207e+003	1.852010e+000
4.793267e+003	1.863571e+000
4.803247e+003	1.864549e+000
4.813268e+003	1.872248e+000
4.823278e+003	1.874863e+000
4.833281e+003	1.861309e+000
4.843291e+003	1.868571e+000
4.853312e+003	1.859887e+000
4.863322e+003	1.872312e+000
4.873322e+003	1.869303e+000
4.883333e+003	1.875159e+000
4.893343e+003	1.877614e+000
4.903343e+003	1.870845e+000
4.913353e+003	1.871551e+000
4.923354e+003	1.867094e+000
4.933385e+003	1.880503e+000
4.943385e+003	1.869075e+000
4.953394e+003	1.870872e+000
4.963404e+003	1.875189e+000
4.973404e+003	1.884087e+000
4.983414e+003	1.874109e+000
4.993423e+003	1.868696e+000
5.003423e+003	1.876751e+000
5.013433e+003	1.865204e+000
5.023443e+003	1.874464e+000
5.033443e+003	1.870288e+000
5.043454e+003	1.876358e+000
5.053456e+003	1.861744e+000
5.063466e+003	1.874024e+000
5.073476e+003	1.872631e+000
5.083476e+003	1.877398e+000
5.093486e+003	1.885054e+000
5.103478e+003	1.877849e+000
5.113478e+003	1.874609e+000
5.123488e+003	1.879003e+000
5.133498e+003	1.878472e+000
5.143498e+003	1.888532e+000
5.153508e+003	1.873895e+000
5.163519e+003	1.876959e+000
5.173520e+003	1.894456e+000
5.183529e+003	1.872469e+000
5.193539e+003	1.882223e+000
5.203521e+003	1.879565e+000
5.213532e+003	1.871612e+000
5.223541e+003	1.885024e+000
5.233531e+003	1.881047e+000
5.243532e+003	1.886109e+000
5.253523e+003	1.880302e+000
5.263543e+003	1.890312e+000
5.273554e+003	1.895709e+000
5.283574e+003	1.889268e+000
5.293586e+003	1.889889e+000
5.303595e+003	1.893850e+000
5.313585e+003	1.885586e+000
5.323586e+003	1.899359e+000
5.333577e+003	1.891841e+000
5.343578e+003	1.892837e+000
5.353609e+003	1.900035e+000
5.363609e+003	1.885850e+000
5.373619e+003	1.891328e+000
5.383629e+003	1.886784e+000
5.393630e+003	1.888285e+000
5.403640e+003	1.898178e+000
5.413661e+003	1.889809e+000
5.423671e+003	1.892847e+000
5.433681e+003	1.890430e+000
5.443681e+003	1.900836e+000
5.453691e+003	1.897473e+000
5.463701e+003	1.896164e+000
5.473701e+003	1.905343e+000
5.483711e+003	1.904577e+000
5.493721e+003	1.905427e+000
5.503721e+003	1.893195e+000
5.513732e+003	1.898972e+000
5.523732e+003	1.907454e+000
5.533762e+003	1.891207e+000
5.543754e+003	1.900883e+000
5.553776e+003	1.917731e+000
5.563786e+003	1.893413e+000
5.573785e+003	1.907377e+000
5.583795e+003	1.901450e+000
5.593796e+003	1.908902e+000
5.603807e+003	1.909802e+000
5.613817e+003	1.906293e+000
5.623798e+003	1.911664e+000
5.633828e+003	1.924334e+000
5.643829e+003	1.918261e+000
5.653859e+003	1.914339e+000
5.663869e+003	1.919547e+000
5.673869e+003	1.915677e+000
5.683879e+003	1.917699e+000
5.693889e+003	1.920096e+000
5.703889e+003	1.923245e+000
5.713899e+003	1.916995e+000
5.723901e+003	1.924021e+000
5.733931e+003	1.914068e+000
5.743931e+003	1.925573e+000
5.753941e+003	1.916232e+000
5.763932e+003	1.925206e+000
5.773933e+003	1.927668e+000
5.783943e+003	1.936449e+000
5.793982e+003	1.919781e+000
5.803953e+003	1.923439e+000
5.813963e+003	1.927963e+000
5.823973e+003	1.914709e+000
5.833974e+003	1.908567e+000
5.843984e+003	1.917349e+000
5.853994e+003	1.921774e+000
5.863993e+003	1.918066e+000
5.874003e+003	1.925169e+000
5.884024e+003	1.903957e+000
5.894034e+003	1.928876e+000
5.904044e+003	1.916661e+000
5.914025e+003	1.920176e+000
5.924035e+003	1.914670e+000
5.934027e+003	1.912389e+000
5.944027e+003	1.924438e+000
5.954037e+003	1.911725e+000
5.964047e+003	1.911213e+000
5.974048e+003	1.905535e+000
5.984059e+003	1.921667e+000
5.994060e+003	1.916064e+000
6.004070e+003	1.916382e+000
6.014060e+003	1.912162e+000
6.024080e+003	1.912245e+000
6.034091e+003	1.921302e+000
6.044132e+003	1.918622e+000
6.054100e+003	1.903417e+000
6.064130e+003	1.921045e+000
6.074140e+003	1.925014e+000
6.084140e+003	1.911311e+000
6.094150e+003	1.909964e+000
6.104160e+003	1.914576e+000
6.114181e+003	1.918517e+000
6.124182e+003	1.928563e+000
6.134212e+003	1.920795e+000
6.144223e+003	1.912377e+000
6.154223e+003	1.914939e+000
6.164233e+003	1.914548e+000
6.174233e+003	1.918573e+000
6.184243e+003	1.921606e+000
6.194253e+003	1.910682e+000
6.204254e+003	1.921949e+000
6.214312e+003	1.922068e+000
6.224285e+003	1.915493e+000
6.234295e+003	1.930119e+000
6.244305e+003	1.934087e+000
6.254304e+003	1.914778e+000
6.264350e+003	1.925034e+000
6.274324e+003	1.919016e+000
6.284314e+003	1.927813e+000
6.294315e+003	1.918883e+000
6.304325e+003	1.933251e+000
6.314326e+003	1.932210e+000
6.324336e+003	1.936758e+000
6.334338e+003	1.927677e+000
6.344349e+003	1.934833e+000
6.354359e+003	1.941740e+000
6.364340e+003	1.935691e+000
6.374372e+003	1.937611e+000
6.384371e+003	1.939312e+000
6.394381e+003	1.945888e+000
6.404373e+003	1.935541e+000
6.414373e+003	1.950078e+000
6.424384e+003	1.937980e+000
6.434374e+003	1.945030e+000
6.444386e+003	1.945702e+000
6.454386e+003	1.942758e+000
6.464395e+003	1.942427e+000
6.474395e+003	1.942522e+000
6.484405e+003	1.943052e+000
6.494415e+003	1.950858e+000
6.504415e+003	1.948563e+000
6.514446e+003	1.952126e+000
6.524446e+003	1.937801e+000
6.534456e+003	1.939475e+000
6.544448e+003	1.942341e+000
6.554450e+003	1.945136e+000
6.564461e+003	1.946559e+000
6.574481e+003	1.931874e+000
6.584492e+003	1.944054e+000
6.594512e+003	1.933681e+000
6.604522e+003	1.949441e+000
6.614543e+003	1.940569e+000
6.624554e+003	1.945735e+000
6.634563e+003	1.937279e+000
6.644563e+003	1.937190e+000
6.654573e+003	1.951553e+000
6.664583e+003	1.942923e+000
6.674564e+003	1.944103e+000
6.684573e+003	1.942991e+000
6.694583e+003	1.938815e+000
6.704584e+003	1.943309e+000
6.714596e+003	1.937542e+000
6.724597e+003	1.942487e+000
6.734608e+003	1.941459e+000
6.744610e+003	1.942302e+000
6.754640e+003	1.939015e+000
6.764640e+003	1.938183e+000
6.774651e+003	1.950223e+000
6.784660e+003	1.940294e+000
6.794660e+003	1.943734e+000
6.804670e+003	1.937056e+000
6.814680e+003	1.940239e+000
6.824680e+003	1.946162e+000
6.834691e+003	1.938603e+000
6.844701e+003	1.932634e+000
6.854691e+003	1.947755e+000
6.864692e+003	1.938809e+000
6.874702e+003	1.937056e+000
6.884702e+003	1.935385e+000
6.894712e+003	1.944940e+000
6.904722e+003	1.948640e+000
6.914722e+003	1.943979e+000
6.924752e+003	1.940312e+000
6.934744e+003	1.949040e+000
6.944744e+003	1.951471e+000
6.954754e+003	1.944570e+000
6.964764e+003	1.953306e+000
6.974764e+003	1.951440e+000
6.984774e+003	1.948198e+000
6.994776e+003	1.956043e+000
7.004805e+003	1.954821e+000
7.014816e+003	1.951032e+000
7.024816e+003	1.953456e+000
7.034826e+003	1.949387e+000
7.044836e+003	1.954479e+000
7.054836e+003	1.957462e+000
7.064846e+003	1.950662e+000
7.074838e+003	1.952537e+000
7.084838e+003	1.977855e+000
7.094849e+003	1.957971e+000
7.104858e+003	1.953010e+000
7.114860e+003	1.958208e+000
7.124880e+003	1.962661e+000
7.134891e+003	1.956217e+000
7.144893e+003	1.961727e+000
7.154922e+003	1.964463e+000
7.164968e+003	1.962749e+000
7.174932e+003	1.960066e+000
7.184942e+003	1.963885e+000
7.194942e+003	1.959853e+000
7.204973e+003	1.972442e+000
7.214973e+003	1.973594e+000
7.224983e+003	1.961485e+000
7.234975e+003	1.958490e+000
7.244985e+003	1.960455e+000
7.254985e+003	1.974399e+000
7.264976e+003	1.978155e+000
7.274987e+003	1.971259e+000
7.284987e+003	1.978387e+000
7.294978e+003	1.989142e+000
7.304998e+003	1.973501e+000
7.315010e+003	1.968699e+000
7.325020e+003	1.966465e+000
7.335021e+003	1.966567e+000
7.345030e+003	1.973116e+000
7.355040e+003	1.975521e+000
7.365040e+003	1.982856e+000
7.375031e+003	1.977579e+000
7.385042e+003	1.960931e+000
7.395063e+003	1.983978e+000
7.405073e+003	1.973238e+000
7.415074e+003	1.982480e+000
7.425084e+003	1.978851e+000
7.435094e+003	1.967647e+000
7.445094e+003	1.968992e+000
7.455086e+003	1.983073e+000
7.465096e+003	1.972291e+000
7.475096e+003	1.988653e+000
7.485106e+003	1.976844e+000
7.495116e+003	1.978556e+000
7.505137e+003	1.978107e+000
7.515137e+003	1.975976e+000
7.525149e+003	1.972414e+000
7.535151e+003	1.965497e+000
7.545180e+003	1.971123e+000
7.555181e+003	1.975507e+000
7.565211e+003	1.970269e+000
7.575211e+003	1.980577e+000
7.585221e+003	1.981594e+000
7.595231e+003	1.966765e+000
7.605231e+003	1.977605e+000
7.615262e+003	1.963917e+000
7.625262e+003	1.965829e+000
7.635272e+003	1.978289e+000
7.645263e+003	1.972088e+000
7.655283e+003	1.980224e+000
7.665294e+003	1.963801e+000
7.675295e+003	1.959220e+000
7.685305e+003	1.975646e+000
7.695315e+003	1.981975e+000
7.705315e+003	1.972736e+000
7.715325e+003	1.988686e+000
7.725335e+003	1.969252e+000
7.735335e+003	1.972494e+000
7.745345e+003	1.978292e+000
7.755384e+003	1.975526e+000
7.765355e+003	1.990252e+000
7.775386e+003	1.994928e+000
7.785395e+003	1.975015e+000
7.795395e+003	1.998626e+000
7.805387e+003	1.984007e+000
7.815406e+003	1.993174e+000
7.825436e+003	1.998226e+000
7.835437e+003	1.996764e+000
7.845447e+003	2.001394e+000
7.855458e+003	2.000617e+000
7.865449e+003	2.003821e+000
7.875449e+003	2.001996e+000
7.885459e+003	2.001180e+000
7.895469e+003	1.998429e+000
7.905490e+003	2.011117e+000
7.915489e+003	2.005687e+000
7.925500e+003	2.009497e+000
7.935510e+003	2.001503e+000
7.945502e+003	2.012063e+000
7.955502e+003	2.008239e+000
7.965512e+003	2.007548e+000
7.975512e+003	2.010236e+000
7.985521e+003	1.994901e+000
7.995512e+003	2.014590e+000
8.005523e+003	2.009222e+000
8.015523e+003	2.013475e+000
8.025533e+003	1.997639e+000
8.035533e+003	2.003634e+000
8.045545e+003	1.993567e+000
8.055565e+003	1.998951e+000
8.065595e+003	1.994724e+000
8.075596e+003	2.002520e+000
8.085626e+003	2.000230e+000
8.095626e+003	2.001825e+000
8.105636e+003	1.991334e+000
8.115647e+003	1.987713e+000
8.125647e+003	1.990150e+000
8.135657e+003	1.989413e+000
8.145667e+003	1.992975e+000
8.155657e+003	1.995069e+000
8.165657e+003	1.983152e+000
8.175648e+003	1.974005e+000
8.185658e+003	1.985346e+000
8.195658e+003	1.981738e+000
8.205669e+003	1.976553e+000
8.215689e+003	1.982662e+000
8.225722e+003	1.988837e+000
8.235722e+003	1.982702e+000
8.245732e+003	1.967981e+000
8.255732e+003	1.982353e+000
8.265743e+003	1.973850e+000
8.275734e+003	1.968355e+000
8.285744e+003	1.972128e+000
8.295744e+003	1.983152e+000
8.305736e+003	1.977917e+000
8.315756e+003	1.974547e+000
8.325766e+003	1.976272e+000
8.335768e+003	1.961544e+000
8.345779e+003	1.970799e+000
8.355789e+003	1.975182e+000
8.365789e+003	1.970817e+000
8.375799e+003	1.972857e+000
8.385808e+003	1.965977e+000
8.395789e+003	1.967083e+000
8.405799e+003	1.971844e+000
8.415809e+003	1.979538e+000
8.425809e+003	1.958250e+000
8.435819e+003	1.974360e+000
8.445829e+003	1.974042e+000
8.455829e+003	1.959950e+000
8.465859e+003	1.984596e+000
8.475869e+003	1.976115e+000
8.485869e+003	1.978061e+000
8.495879e+003	1.971397e+000
8.505889e+003	1.980344e+000
8.515910e+003	1.987716e+000
8.525920e+003	1.990622e+000
8.535920e+003	1.988073e+000
8.545930e+003	1.984819e+000
8.555930e+003	1.983424e+000
8.565940e+003	1.986997e+000
8.575950e+003	1.982429e+000
8.585950e+003	1.983734e+000
8.595960e+003	1.985897e+000
8.605970e+003	1.982797e+000
8.615971e+003	1.973725e+000
8.625982e+003	1.991988e+000
8.636002e+003	1.981216e+000
8.646012e+003	1.981117e+000
8.656022e+003	1.969723e+000
8.666003e+003	1.981911e+000
8.676015e+003	1.972188e+000
8.686024e+003	1.972849e+000
8.696024e+003	1.963236e+000
8.706035e+003	1.967460e+000
8.716045e+003	1.968384e+000
8.726036e+003	1.972529e+000
8.736037e+003	1.967578e+000
8.746046e+003	1.981091e+000
8.756047e+003	1.971680e+000
8.766058e+003	1.980831e+000
8.776078e+003	1.977332e+000
8.786089e+003	1.971455e+000
8.796090e+003	1.975641e+000
8.806101e+003	1.992065e+000
8.816121e+003	1.975608e+000
8.826131e+003	1.991074e+000
8.836134e+003	1.986816e+000
8.846143e+003	1.985359e+000
8.856135e+003	1.989310e+000
8.866135e+003	1.998753e+000
8.876145e+003	1.980266e+000
8.886136e+003	1.993702e+000
8.896156e+003	1.994396e+000
8.906168e+003	2.011071e+000
8.916178e+003	1.993320e+000
8.926178e+003	1.994959e+000
8.936170e+003	2.007671e+000
8.946171e+003	1.997183e+000
8.956201e+003	1.998708e+000
8.966211e+003	2.012782e+000
8.976211e+003	1.998123e+000
8.986221e+003	2.011074e+000
8.996231e+003	2.011325e+000
9.006231e+003	1.995167e+000
9.016241e+003	2.013172e+000
9.026241e+003	1.997573e+000
9.036251e+003	2.005223e+000
9.046261e+003	2.006178e+000
9.056261e+003	1.998699e+000
9.066272e+003	1.996749e+000
9.076282e+003	1.998028e+000
9.086282e+003	2.000057e+000
9.096292e+003	1.995229e+000
9.106314e+003	2.005807e+000
9.116324e+003	1.992442e+000
9.126334e+003	1.989399e+000
9.136324e+003	1.990406e+000
9.146326e+003	2.000082e+000
9.156336e+003	1.994788e+000
9.166336e+003	2.011766e+000
9.176346e+003	1.991630e+000
9.186357e+003	1.998347e+000
9.196357e+003	1.999082e+000
9.206367e+003	1.997080e+000
9.216368e+003	2.002598e+000
9.226378e+003	1.999722e+000
9.236399e+003	1.996733e+000
9.246410e+003	1.993268e+000
9.256411e+003	2.003403e+000
9.266422e+003	2.002255e+000
9.276443e+003	2.015861e+000
9.286454e+003	2.012852e+000
9.296474e+003	2.010553e+000
9.306485e+003	2.005981e+000
9.316487e+003	2.009722e+000
9.326497e+003	2.006345e+000
9.336499e+003	2.010978e+000
9.346546e+003	2.005624e+000
9.356530e+003	2.010134e+000
9.366561e+003	1.997408e+000
9.376553e+003	2.005225e+000
9.386553e+003	2.010862e+000
9.396564e+003	1.997680e+000
9.406547e+003	1.993192e+000
9.416557e+003	1.998751e+000
9.426568e+003	1.993406e+000
9.436590e+003	1.996811e+000
9.446590e+003	1.996579e+000
9.456620e+003	2.000707e+000
9.466630e+003	1.988146e+000
9.476630e+003	2.003208e+000
9.486641e+003	1.985731e+000
9.496625e+003	1.989528e+000
9.506635e+003	1.984267e+000
9.516646e+003	1.992667e+000
9.526647e+003	1.989061e+000
9.536657e+003	1.981552e+000
9.546657e+003	1.991390e+000
9.556667e+003	1.988811e+000
9.566658e+003	1.996886e+000
9.576668e+003	1.997056e+000
9.586669e+003	1.999383e+000
9.596679e+003	1.996719e+000
9.606661e+003	1.983926e+000
9.616671e+003	2.011346e+000
9.626680e+003	1.998925e+000
9.636681e+003	1.997244e+000
9.646692e+003	1.990150e+000
9.656713e+003	1.999871e+000
9.666722e+003	1.997988e+000
9.676743e+003	1.999153e+000
9.686753e+003	2.003245e+000
9.696763e+003	1.994743e+000
9.706753e+003	2.006584e+000
9.716753e+003	2.006886e+000
9.726763e+003	1.997128e+000
9.736773e+003	2.009990e+000
9.746774e+003	2.010214e+000
9.756785e+003	2.016524e+000
9.766775e+003	2.005397e+000
9.776776e+003	2.011131e+000
9.786767e+003	2.015677e+000
9.796768e+003	2.007928e+000
9.806780e+003	2.012610e+000
9.816782e+003	1.999550e+000
9.826812e+003	2.009629e+000
9.836813e+003	2.008982e+000
9.846826e+003	1.992782e+000
9.856817e+003	2.006907e+000
9.866817e+003	2.011432e+000
9.876829e+003	2.016834e+000
9.886829e+003	2.000362e+000
9.896839e+003	2.005858e+000
9.906849e+003	2.014037e+000
9.916839e+003	2.018858e+000
9.926840e+003	2.012782e+000
9.936850e+003	2.018689e+000
9.946852e+003	2.026522e+000
9.956863e+003	2.020249e+000
9.966864e+003	2.017423e+000
9.976874e+003	2.024899e+000
9.986865e+003	2.020716e+000
9.996885e+003	2.019348e+000
1.000690e+004	2.016114e+000
1.001692e+004	2.017994e+000
1.002693e+004	2.018566e+000
1.003694e+004	2.031612e+000
1.004694e+004	2.028925e+000
1.005693e+004	2.024465e+000
1.006695e+004	2.021287e+000
1.007696e+004	2.026626e+000
1.008697e+004	2.016717e+000
1.009697e+004	2.030863e+000
1.010698e+004	2.025238e+000
1.011696e+004	2.035895e+000
1.012697e+004	2.030263e+000
1.013699e+004	2.030262e+000
1.014699e+004	2.037199e+000
1.015700e+004	2.037507e+000
1.016700e+004	2.019725e+000
1.017705e+004	2.027664e+000
1.018703e+004	2.026957e+000
1.019704e+004	2.038291e+000
1.020703e+004	2.039759e+000
1.021704e+004	2.036978e+000
1.022704e+004	2.041631e+000
1.023703e+004	2.058838e+000
1.024705e+004	2.034701e+000
1.025708e+004	2.035916e+000
1.026708e+004	2.033415e+000
1.027711e+004	2.048098e+000
1.028711e+004	2.045160e+000
1.029712e+004	2.049269e+000
1.030714e+004	2.061406e+000
1.031715e+004	2.051570e+000
1.032716e+004	2.057739e+000
1.033716e+004	2.056876e+000
1.034717e+004	2.059302e+000
1.035717e+004	2.063316e+000
1.036719e+004	2.066739e+000
1.037719e+004	2.066443e+000
1.038720e+004	2.065413e+000
1.039721e+004	2.065749e+000
1.040721e+004	2.075856e+000
1.041724e+004	2.078697e+000
1.042724e+004	2.074351e+000
1.043725e+004	2.083958e+000
1.044726e+004	2.082057e+000
1.045724e+004	2.103408e+000
1.046727e+004	2.085670e+000
1.047727e+004	2.091737e+000
1.048728e+004	2.090487e+000
1.049729e+004	2.081642e+000
1.050729e+004	2.096735e+000
1.051730e+004	2.108665e+000
1.052731e+004	2.098006e+000
1.053731e+004	2.101890e+000
1.054732e+004	2.097821e+000
1.055733e+004	2.092998e+000
1.056731e+004	2.093119e+000
1.057732e+004	2.100725e+000
1.058731e+004	2.090738e+000
1.059733e+004	2.101971e+000
1.060734e+004	2.084670e+000
1.061735e+004	2.105690e+000
1.062734e+004	2.113877e+000
1.063735e+004	2.106305e+000
1.064737e+004	2.114273e+000
1.065738e+004	2.115235e+000
1.066739e+004	2.116336e+000
1.067738e+004	2.104510e+000
1.068738e+004	2.089874e+000
1.069737e+004	2.114009e+000
1.070742e+004	2.104279e+000
1.071740e+004	2.121310e+000
1.072740e+004	2.104857e+000
1.073741e+004	2.105646e+000
1.074742e+004	2.108955e+000
1.075742e+004	2.099180e+000
1.076743e+004	2.097799e+000
1.077744e+004	2.107221e+000
1.078744e+004	2.103873e+000
1.079747e+004	2.108127e+000
1.080747e+004	2.092811e+000
1.081750e+004	2.102876e+000
1.082750e+004	2.107154e+000
1.083751e+004	2.098789e+000
1.084753e+004	2.095965e+000
1.085751e+004	2.102023e+000
1.086751e+004	2.087978e+000
1.087753e+004	2.093704e+000
1.088753e+004	2.091731e+000
1.089753e+004	2.088205e+000
1.090754e+004	2.083181e+000
1.091755e+004	2.080742e+000
1.092756e+004	2.070958e+000
1.093755e+004	2.088777e+000
1.094755e+004	2.080250e+000
1.095756e+004	2.080950e+000
1.096756e+004	2.081573e+000
1.097757e+004	2.075810e+000
1.098756e+004	2.083274e+000
1.099756e+004	2.071036e+000
1.100757e+004	2.068738e+000
1.101759e+004	2.088428e+000
1.102761e+004	2.076904e+000
1.103763e+004	2.082680e+000
1.104764e+004	2.066003e+000
1.105764e+004	2.065058e+000
1.106765e+004	2.063662e+000
1.107766e+004	2.076060e+000
1.108766e+004	2.077207e+000
1.109767e+004	2.069989e+000
1.110766e+004	2.069550e+000
1.111768e+004	2.068725e+000
1.112771e+004	2.074204e+000
1.113771e+004	2.071774e+000
1.114776e+004	2.069797e+000
1.115774e+004	2.060925e+000
1.116777e+004	2.074130e+000
1.117778e+004	2.075797e+000
1.118778e+004	2.072346e+000
1.119777e+004	2.068411e+000
1.120778e+004	2.072895e+000
1.121778e+004	2.069820e+000
1.122777e+004	2.077176e+000
1.123778e+004	2.073927e+000
1.124777e+004	2.067812e+000
1.125779e+004	2.080343e+000
1.126780e+004	2.079446e+000
1.127782e+004	2.072547e+000
1.128782e+004	2.091586e+000
1.129782e+004	2.070168e+000
1.130783e+004	2.071376e+000
1.131783e+004	2.081569e+000
1.132788e+004	2.088090e+000
1.133787e+004	2.081772e+000
1.134789e+004	2.094056e+000
1.135790e+004	2.093786e+000
1.136790e+004	2.092802e+000
1.137791e+004	2.086734e+000
1.138791e+004	2.086976e+000
1.139794e+004	2.102642e+000
1.140795e+004	2.101733e+000
1.141795e+004	2.096402e+000
1.142796e+004	2.105800e+000
1.143796e+004	2.094644e+000
1.144799e+004	2.107254e+000
1.145799e+004	2.115235e+000
1.146800e+004	2.098620e+000
1.147802e+004	2.113344e+000
1.148803e+004	2.108608e+000
1.149804e+004	2.105633e+000
1.150802e+004	2.111974e+000
1.151803e+004	2.110213e+000
1.152804e+004	2.117084e+000
1.153804e+004	2.110330e+000
1.154805e+004	2.120129e+000
1.155806e+004	2.123201e+000
1.156806e+004	2.104704e+000
1.157807e+004	2.121155e+000
1.158808e+004	2.115377e+000
1.159808e+004	2.102756e+000
1.160808e+004	2.118529e+000
1.161807e+004	2.113211e+000
1.162808e+004	2.114647e+000
1.163808e+004	2.115847e+000
1.164809e+004	2.104288e+000
1.165810e+004	2.112611e+000
1.166809e+004	2.122155e+000
1.167809e+004	2.117054e+000
1.168810e+004	2.107394e+000
1.169811e+004	2.121568e+000
1.170811e+004	2.104197e+000
1.171812e+004	2.111019e+000
1.172813e+004	2.110584e+000
1.173815e+004	2.111614e+000
1.174816e+004	2.097809e+000
1.175816e+004	2.100189e+000
1.176817e+004	2.112420e+000
1.177816e+004	2.107420e+000
1.178820e+004	2.104038e+000
1.179819e+004	2.099243e+000
1.180821e+004	2.099742e+000
1.181822e+004	2.104560e+000
1.182822e+004	2.097149e+000
1.183823e+004	2.095727e+000
1.184824e+004	2.104902e+000
1.185824e+004	2.109679e+000
1.186823e+004	2.104946e+000
1.187825e+004	2.108266e+000
1.188830e+004	2.111014e+000
1.189828e+004	2.095657e+000
1.190829e+004	2.116423e+000
1.191830e+004	2.104452e+000
1.192830e+004	2.090973e+000
1.193831e+004	2.096440e+000
1.194832e+004	2.110347e+000
1.195832e+004	2.107863e+000
1.196833e+004	2.112016e+000
1.197834e+004	2.111021e+000
1.198833e+004	2.109962e+000
1.199833e+004	2.114181e+000
1.200833e+004	2.113890e+000
1.201834e+004	2.106398e+000
1.202836e+004	2.109555e+000
1.203841e+004	2.114234e+000
1.204839e+004	2.113300e+000
1.205840e+004	2.100060e+000
1.206839e+004	2.114462e+000
1.207839e+004	2.109927e+000
1.208840e+004	2.101134e+000
1.209841e+004	2.101450e+000
1.210841e+004	2.106215e+000
1.211841e+004	2.113496e+000
1.212842e+004	2.102880e+000
1.213844e+004	2.100095e+000
1.214845e+004	2.109831e+000
1.215847e+004	2.108217e+000
1.216848e+004	2.106292e+000
1.217848e+004	2.112755e+000
1.218849e+004	2.106447e+000
1.219850e+004	2.114928e+000
1.220850e+004	2.118858e+000
1.221851e+004	2.114261e+000
1.222850e+004	2.121546e+000
1.223851e+004	2.108509e+000
1.224850e+004	2.105847e+000
1.225850e+004	2.108900e+000
1.226852e+004	2.110704e+000
1.227852e+004	2.112211e+000
1.228855e+004	2.111147e+000
1.229855e+004	2.117590e+000
1.230856e+004	2.111074e+000
1.231857e+004	2.120987e+000
1.232855e+004	2.124516e+000
1.233856e+004	2.119029e+000
1.234855e+004	2.119463e+000
1.235855e+004	2.113849e+000
1.236856e+004	2.116402e+000
1.237855e+004	2.111828e+000
1.238857e+004	2.109073e+000
1.239858e+004	2.108415e+000
1.240859e+004	2.112692e+000
1.241858e+004	2.121731e+000
1.242858e+004	2.119165e+000
1.243859e+004	2.110688e+000
1.244859e+004	2.120003e+000
1.245860e+004	2.121294e+000
1.246861e+004	2.120637e+000
1.247860e+004	2.118811e+000
1.248861e+004	2.116636e+000
1.249860e+004	2.115837e+000
1.250862e+004	2.129159e+000
1.251863e+004	2.116777e+000
1.252864e+004	2.125423e+000
1.253864e+004	2.132164e+000
1.254865e+004	2.129072e+000
1.255866e+004	2.147528e+000
1.256865e+004	2.145857e+000
1.257865e+004	2.133034e+000
1.258866e+004	2.139805e+000
1.259866e+004	2.141998e+000
1.260867e+004	2.141969e+000
1.261867e+004	2.137110e+000
1.262868e+004	2.143459e+000
1.263870e+004	2.144828e+000
1.264871e+004	2.136611e+000
1.265873e+004	2.147409e+000
1.266874e+004	2.139348e+000
1.267875e+004	2.144609e+000
1.268874e+004	2.139744e+000
1.269874e+004	2.133592e+000
1.270875e+004	2.137917e+000
1.271874e+004	2.137962e+000
1.272875e+004	2.136659e+000
1.273877e+004	2.138211e+000
1.274878e+004	2.142540e+000
1.275878e+004	2.138179e+000
1.276879e+004	2.128563e+000
1.277878e+004	2.138619e+000
1.278880e+004	2.137216e+000
1.279881e+004	2.141129e+000
1.280883e+004	2.141778e+000
1.281884e+004	2.136861e+000
1.282884e+004	2.138526e+000
1.283886e+004	2.139080e+000
1.284886e+004	2.135125e+000
1.285887e+004	2.129548e+000
1.286889e+004	2.138368e+000
1.287892e+004	2.136165e+000
1.288892e+004	2.146252e+000
1.289895e+004	2.146041e+000
1.290895e+004	2.144689e+000
1.291898e+004	2.134372e+000
1.292897e+004	2.135268e+000
1.293897e+004	2.141748e+000
1.294898e+004	2.141979e+000
1.295898e+004	2.157879e+000
1.296899e+004	2.135014e+000
1.297900e+004	2.134036e+000
1.298906e+004	2.136752e+000
1.299904e+004	2.143391e+000
1.300904e+004	2.153015e+000
1.301905e+004	2.137126e+000
1.302905e+004	2.146810e+000
1.303906e+004	2.143956e+000
1.304905e+004	2.146750e+000
1.305906e+004	2.153290e+000
1.306908e+004	2.139083e+000
1.307908e+004	2.146593e+000
1.308911e+004	2.143265e+000
1.309911e+004	2.142716e+000
1.310912e+004	2.152786e+000
1.311913e+004	2.148794e+000
1.312913e+004	2.156058e+000
1.313914e+004	2.156368e+000
1.314915e+004	2.150141e+000
1.315915e+004	2.146661e+000
1.316916e+004	2.142314e+000
1.317915e+004	2.163414e+000
1.318917e+004	2.150222e+000
1.319918e+004	2.141365e+000
1.320920e+004	2.145555e+000
1.321924e+004	2.157879e+000
1.322923e+004	2.146886e+000
1.323925e+004	2.157217e+000
1.324925e+004	2.150276e+000
1.325925e+004	2.147015e+000
1.326926e+004	2.147646e+000
1.327928e+004	2.143262e+000
1.328928e+004	2.143411e+000
1.329929e+004	2.149843e+000
1.330929e+004	2.155882e+000
1.331932e+004	2.164853e+000
1.332933e+004	2.151221e+000
1.333933e+004	2.156108e+000
1.334936e+004	2.151822e+000
1.335934e+004	2.155350e+000
1.336937e+004	2.155613e+000
1.337935e+004	2.163117e+000
1.338936e+004	2.166610e+000
1.339938e+004	2.137621e+000
1.340939e+004	2.159222e+000
1.341941e+004	2.171374e+000
1.342947e+004	2.157822e+000
1.343944e+004	2.158801e+000
1.344947e+004	2.160065e+000
1.345947e+004	2.141913e+000
1.346953e+004	2.141819e+000
1.347950e+004	2.157564e+000
1.348951e+004	2.152854e+000
1.349952e+004	2.150984e+000
1.350952e+004	2.160336e+000
1.351954e+004	2.154285e+000
1.352954e+004	2.155459e+000
1.353954e+004	2.152397e+000
1.354955e+004	2.154600e+000
1.355956e+004	2.160186e+000
1.356955e+004	2.149957e+000
1.357956e+004	2.143935e+000
1.358955e+004	2.152983e+000
1.359955e+004	2.147011e+000
1.360956e+004	2.150731e+000
1.361958e+004	2.137826e+000
1.362959e+004	2.147336e+000
1.363960e+004	2.159883e+000
1.364958e+004	2.146111e+000
1.365959e+004	2.152488e+000
1.366960e+004	2.141117e+000
1.367960e+004	2.155356e+000
1.368961e+004	2.151257e+000
1.369962e+004	2.162301e+000
1.370962e+004	2.152363e+000
1.371963e+004	2.140165e+000
1.372964e+004	2.143705e+000
1.373962e+004	2.148550e+000
1.374966e+004	2.151759e+000
1.375964e+004	2.144094e+000
1.376964e+004	2.143220e+000
1.377965e+004	2.140629e+000
1.378966e+004	2.143833e+000
1.379967e+004	2.148065e+000
1.380966e+004	2.146991e+000
1.381966e+004	2.142424e+000
1.382967e+004	2.136076e+000
1.383968e+004	2.145242e+000
1.384968e+004	2.149447e+000
1.385969e+004	2.146621e+000
1.386970e+004	2.135218e+000
1.387972e+004	2.144957e+000
1.388972e+004	2.128681e+000
1.389975e+004	2.134719e+000
1.390975e+004	2.132626e+000
1.391976e+004	2.134370e+000
1.392977e+004	2.128309e+000
1.393977e+004	2.146553e+000
1.394978e+004	2.130113e+000
1.395980e+004	2.138860e+000
1.396982e+004	2.145287e+000
1.397983e+004	2.134554e+000
1.398984e+004	2.147187e+000
1.399986e+004	2.134142e+000
1.400984e+004	2.140135e+000
1.401984e+004	2.123972e+000
1.402986e+004	2.143302e+000
1.403987e+004	2.139873e+000
1.404987e+004	2.131382e+000
1.405988e+004	2.124757e+000
1.406989e+004	2.124736e+000
1.407989e+004	2.136880e+000
1.408993e+004	2.136726e+000
1.409991e+004	2.130059e+000
1.410991e+004	2.132695e+000
1.411994e+004	2.131826e+000
1.412993e+004	2.130222e+000
1.413995e+004	2.143577e+000
1.414995e+004	2.134498e+000
1.415996e+004	2.137437e+000
1.416997e+004	2.148995e+000
1.417997e+004	2.149014e+000
1.418998e+004	2.125891e+000
1.419999e+004	2.132149e+000
1.420998e+004	2.127538e+000
1.422003e+004	2.137539e+000
1.423000e+004	2.142695e+000
1.424001e+004	2.140341e+000
1.425002e+004	2.138125e+000
1.426002e+004	2.144030e+000
1.427003e+004	2.130245e+000
1.428003e+004	2.132374e+000
1.429006e+004	2.129043e+000
1.430006e+004	2.134910e+000
1.431007e+004	2.131314e+000
1.432008e+004	2.129929e+000
1.433008e+004	2.134567e+000
1.434009e+004	2.145245e+000
1.435008e+004	2.140566e+000
1.436008e+004	2.133515e+000
1.437009e+004	2.131425e+000
1.438009e+004	2.146907e+000
1.439011e+004	2.125955e+000
1.440014e+004	2.138481e+000
1.441014e+004	2.130518e+000
1.442015e+004	2.132603e+000
1.443017e+004	2.140339e+000
1.444018e+004	2.142028e+000
1.445019e+004	2.141721e+000
1.446018e+004	2.139053e+000
1.447018e+004	2.148943e+000
1.448019e+004	2.144782e+000
1.449020e+004	2.142964e+000
1.450018e+004	2.146568e+000
1.451019e+004	2.143368e+000
1.452020e+004	2.160246e+000
1.453019e+004	2.147793e+000
1.454019e+004	2.145308e+000
1.455020e+004	2.149256e+000
1.456021e+004	2.152926e+000
1.457021e+004	2.154330e+000
1.458022e+004	2.152848e+000
1.459022e+004	2.163413e+000
1.460025e+004	2.161075e+000
1.461025e+004	2.162515e+000
1.462028e+004	2.147188e+000
1.463029e+004	2.159372e+000
1.464031e+004	2.157472e+000
1.465032e+004	2.163677e+000
1.466032e+004	2.168774e+000
1.467033e+004	2.162268e+000
1.468033e+004	2.156693e+000
1.469034e+004	2.165877e+000
1.470033e+004	2.163475e+000
1.471035e+004	2.158112e+000
1.472038e+004	2.166290e+000
1.473039e+004	2.163710e+000
1.474040e+004	2.153495e+000
1.475042e+004	2.151830e+000
1.476042e+004	2.151298e+000
1.477043e+004	2.158497e+000
1.478042e+004	2.159066e+000
1.479043e+004	2.138951e+000
1.480044e+004	2.147316e+000
1.481044e+004	2.147929e+000
1.482045e+004	2.153800e+000
1.483046e+004	2.157047e+000
1.484046e+004	2.149807e+000
1.485049e+004	2.152791e+000
1.486049e+004	2.145501e+000
1.487052e+004	2.141784e+000
1.488053e+004	2.153665e+000
1.489053e+004	2.146082e+000
1.490057e+004	2.142037e+000
1.491055e+004	2.152183e+000
1.492057e+004	2.142439e+000
1.493058e+004	2.138315e+000
1.494058e+004	2.142763e+000
1.495059e+004	2.146323e+000
1.496059e+004	2.129604e+000
1.497060e+004	2.150236e+000
1.498061e+004	2.145184e+000
1.499061e+004	2.137854e+000
1.500062e+004	2.152312e+000
1.501063e+004	2.144702e+000
1.502061e+004	2.136568e+000
1.503068e+004	2.144635e+000
1.504064e+004	2.148124e+000
1.505065e+004	2.152581e+000
1.506064e+004	2.149415e+000
1.507064e+004	2.160895e+000
1.508067e+004	2.142734e+000
1.509067e+004	2.148214e+000
1.510074e+004	2.152773e+000
1.511071e+004	2.149134e+000
1.512072e+004	2.148591e+000
1.513073e+004	2.149855e+000
1.514073e+004	2.153396e+000
1.515074e+004	2.157983e+000
1.516075e+004	2.134905e+000
1.517075e+004	2.143366e+000
1.518076e+004	2.145370e+000
1.519077e+004	2.152260e+000
1.520076e+004	2.148748e+000
1.521076e+004	2.132434e+000
1.522077e+004	2.154496e+000
1.523077e+004	2.136550e+000
1.524078e+004	2.133467e+000
1.525077e+004	2.141209e+000
1.526078e+004	2.146068e+000
1.527078e+004	2.148413e+000
1.528079e+004	2.136531e+000
1.529080e+004	2.143105e+000
1.530080e+004	2.145477e+000
1.531081e+004	2.147309e+000
1.532082e+004	2.153384e+000
1.533082e+004	2.148629e+000
1.534081e+004	2.144845e+000
1.535082e+004	2.142924e+000
1.536082e+004	2.155217e+000
1.537084e+004	2.145891e+000
1.538085e+004	2.147337e+000
1.539086e+004	2.156045e+000
1.540084e+004	2.149889e+000
1.541086e+004	2.155141e+000
1.542087e+004	2.149380e+000
1.543087e+004	2.160773e+000
1.544090e+004	2.146949e+000
1.545090e+004	2.161581e+000
1.546092e+004	2.157354e+000
1.547093e+004	2.151606e+000
1.548096e+004	2.150940e+000
1.549097e+004	2.156711e+000
1.550097e+004	2.153643e+000
1.551096e+004	2.166609e+000
1.552098e+004	2.162607e+000
1.553103e+004	2.165168e+000
1.554101e+004	2.159854e+000
1.555102e+004	2.170507e+000
1.556103e+004	2.168071e+000
1.557102e+004	2.176720e+000
1.558102e+004	2.172491e+000
1.559101e+004	2.166426e+000
1.560103e+004	2.172272e+000
1.561106e+004	2.162407e+000
1.562106e+004	2.165865e+000
1.563109e+004	2.177547e+000
1.564109e+004	2.177589e+000
1.565112e+004	2.171580e+000
1.566112e+004	2.174200e+000
1.567113e+004	2.168871e+000
1.568112e+004	2.176917e+000
1.569114e+004	2.179665e+000
1.570115e+004	2.179470e+000
1.571116e+004	2.188587e+000
1.572116e+004	2.183668e+000
1.573117e+004	2.184035e+000
1.574118e+004	2.192760e+000
1.575118e+004	2.187492e+000
1.576119e+004	2.189916e+000
1.577120e+004	2.189233e+000
1.578121e+004	2.192908e+000
1.579120e+004	2.193633e+000
1.580121e+004	2.184933e+000
1.581120e+004	2.190880e+000
1.582120e+004	2.199670e+000
1.583121e+004	2.196686e+000
1.584124e+004	2.195518e+000
1.585122e+004	2.191049e+000
1.586123e+004	2.192121e+000
1.587122e+004	2.186112e+000
1.588122e+004	2.197033e+000
1.589123e+004	2.198683e+000
1.590124e+004	2.190146e+000
1.591126e+004	2.212095e+000
1.592126e+004	2.201002e+000
1.593129e+004	2.217103e+000
1.594130e+004	2.197026e+000
1.595130e+004	2.199672e+000
1.596131e+004	2.199629e+000
1.597132e+004	2.202695e+000
1.598132e+004	2.214205e+000
1.599131e+004	2.198720e+000
1.600132e+004	2.193953e+000
1.601132e+004	2.192382e+000
1.602133e+004	2.204796e+000
1.603134e+004	2.197598e+000
1.604134e+004	2.203018e+000
1.605133e+004	2.201763e+000
1.606137e+004	2.212015e+000
1.607138e+004	2.198140e+000
1.608138e+004	2.202433e+000
1.609143e+004	2.208150e+000
1.610141e+004	2.193583e+000
1.611143e+004	2.202563e+000
1.612144e+004	2.201144e+000
1.613144e+004	2.211913e+000
1.614145e+004	2.210490e+000
1.615145e+004	2.200814e+000
1.616146e+004	2.198410e+000
1.617147e+004	2.212267e+000
1.618147e+004	2.203487e+000
1.619148e+004	2.198613e+000
1.620148e+004	2.195961e+000
1.621153e+004	2.189498e+000
1.622150e+004	2.193453e+000
1.623150e+004	2.204164e+000
1.624150e+004	2.206073e+000
1.625150e+004	2.207674e+000
1.626153e+004	2.197389e+000
1.627154e+004	2.194210e+000
1.628154e+004	2.202093e+000
1.629155e+004	2.208854e+000
1.630155e+004	2.212007e+000
1.631159e+004	2.209269e+000
1.632158e+004	2.201076e+000
1.633159e+004	2.186056e+000
1.634160e+004	2.199678e+000
1.635160e+004	2.202384e+000
1.636161e+004	2.206069e+000
1.637166e+004	2.196490e+000
1.638166e+004	2.192496e+000
1.639166e+004	2.195071e+000
1.640167e+004	2.199108e+000
1.641168e+004	2.199803e+000
1.642166e+004	2.196280e+000
1.643167e+004	2.193352e+000
1.644168e+004	2.200131e+000
1.645168e+004	2.197409e+000
1.646169e+004	2.195110e+000
1.647170e+004	2.203170e+000
1.648168e+004	2.200263e+000
1.649169e+004	2.203286e+000
1.650170e+004	2.193461e+000
1.651170e+004	2.194025e+000
1.652171e+004	2.192039e+000
1.653172e+004	2.202992e+000
1.654170e+004	2.196289e+000
1.655174e+004	2.188539e+000
1.656174e+004	2.202878e+000
1.657174e+004	2.199662e+000
1.658174e+004	2.203628e+000
1.659176e+004	2.202617e+000
1.660177e+004	2.192020e+000
1.661178e+004	2.184167e+000
1.662176e+004	2.192366e+000
1.663177e+004	2.194933e+000
1.664178e+004	2.193163e+000
1.665178e+004	2.185543e+000
1.666179e+004	2.186910e+000
1.667180e+004	2.179125e+000
1.668178e+004	2.188970e+000
1.669179e+004	2.185932e+000
1.670180e+004	2.173030e+000
1.671180e+004	2.186687e+000
1.672181e+004	2.178810e+000
1.673181e+004	2.171703e+000
1.674187e+004	2.170356e+000
1.675184e+004	2.190716e+000
1.676185e+004	2.185888e+000
1.677186e+004	2.186189e+000
1.678186e+004	2.180254e+000
1.679188e+004	2.182267e+000
1.680188e+004	2.180213e+000
1.681191e+004	2.193905e+000
1.682191e+004	2.173689e+000
1.683192e+004	2.195869e+000
1.684193e+004	2.198425e+000
1.685193e+004	2.182035e+000
1.686194e+004	2.195096e+000
1.687195e+004	2.186952e+000
1.688193e+004	2.192579e+000
1.689194e+004	2.196266e+000
1.690196e+004	2.192013e+000
1.691197e+004	2.200479e+000
1.692198e+004	2.199980e+000
1.693198e+004	2.199813e+000
1.694199e+004	2.189807e+000
1.695200e+004	2.191404e+000
1.696199e+004	2.199040e+000
1.697199e+004	2.197534e+000
1.698198e+004	2.202341e+000
1.699200e+004	2.204112e+000
1.700201e+004	2.207865e+000
1.701202e+004	2.216408e+000
1.702201e+004	2.198928e+000
1.703201e+004	2.202638e+000
1.704202e+004	2.209148e+000
1.705203e+004	2.212843e+000
1.706204e+004	2.208187e+000
1.707204e+004	2.216481e+000
1.708207e+004	2.216580e+000
1.709207e+004	2.217457e+000
1.710208e+004	2.205979e+000
1.711210e+004	2.204257e+000
1.712211e+004	2.220848e+000
1.713211e+004	2.218709e+000
1.714214e+004	2.212393e+000
1.715214e+004	2.214384e+000
1.716215e+004	2.217652e+000
1.717215e+004	2.212364e+000
1.718215e+004	2.233311e+000
1.719216e+004	2.215815e+000
1.720217e+004	2.229685e+000
1.721217e+004	2.215061e+000
1.722218e+004	2.219383e+000
1.723218e+004	2.222487e+000
1.724219e+004	2.229125e+000
1.725218e+004	2.220325e+000
1.726220e+004	2.237390e+000
1.727223e+004	2.235726e+000
1.728223e+004	2.225336e+000
1.729224e+004	2.223232e+000
1.730226e+004	2.233423e+000
1.731227e+004	2.227063e+000
1.732228e+004	2.232691e+000
1.733228e+004	2.233425e+000
1.734229e+004	2.224498e+000
1.735230e+004	2.224998e+000
1.736229e+004	2.220743e+000
1.737229e+004	2.238735e+000
1.738230e+004	2.246283e+000
1.739231e+004	2.242571e+000
1.740233e+004	2.234319e+000
1.741234e+004	2.227072e+000
1.742234e+004	2.229576e+000
1.743235e+004	2.237283e+000
1.744236e+004	2.231687e+000
1.745236e+004	2.229002e+000
1.746237e+004	2.227480e+000
1.747238e+004	2.237764e+000
1.748238e+004	2.218574e+000
1.749239e+004	2.218072e+000
1.750239e+004	2.232138e+000
1.751240e+004	2.217807e+000
1.752241e+004	2.237129e+000
1.753241e+004	2.232578e+000
1.754244e+004	2.227232e+000
1.755243e+004	2.231902e+000
1.756244e+004	2.230325e+000
1.757246e+004	2.232973e+000
1.758247e+004	2.236054e+000
1.759248e+004	2.237091e+000
1.760250e+004	2.236797e+000
1.761250e+004	2.243017e+000
1.762253e+004	2.227132e+000
1.763253e+004	2.232366e+000
1.764254e+004	2.227627e+000
1.765255e+004	2.231678e+000
1.766255e+004	2.240557e+000
1.767256e+004	2.228229e+000
1.768255e+004	2.232016e+000
1.769255e+004	2.237160e+000
1.770256e+004	2.233955e+000
1.771256e+004	2.235527e+000
1.772257e+004	2.243333e+000
1.773258e+004	2.242691e+000
1.774261e+004	2.230083e+000
1.775262e+004	2.238151e+000
1.776263e+004	2.233051e+000
1.777263e+004	2.243886e+000
1.778264e+004	2.230053e+000
1.779266e+004	2.238657e+000
1.780267e+004	2.240915e+000
1.781269e+004	2.249321e+000
1.782270e+004	2.241886e+000
1.783270e+004	2.239824e+000
1.784271e+004	2.229477e+000
1.785273e+004	2.254400e+000
1.786274e+004	2.246101e+000
1.787275e+004	2.244976e+000
1.788275e+004	2.246897e+000
1.789274e+004	2.237918e+000
1.790278e+004	2.243028e+000
1.791277e+004	2.247342e+000
1.792278e+004	2.247557e+000
1.793279e+004	2.247659e+000
1.794279e+004	2.245252e+000
1.795281e+004	2.238245e+000
1.796279e+004	2.263424e+000
1.797279e+004	2.239968e+000
1.798281e+004	2.236657e+000
1.799281e+004	2.236758e+000
1.800282e+004	2.231760e+000
1.801283e+004	2.243982e+000
1.802283e+004	2.234832e+000
1.803284e+004	2.244197e+000
1.804285e+004	2.243362e+000
1.805285e+004	2.229632e+000
1.806286e+004	2.237014e+000
1.807287e+004	2.249935e+000
1.808287e+004	2.236644e+000
1.809288e+004	2.230099e+000
1.810288e+004	2.238785e+000
1.811293e+004	2.227438e+000
1.812292e+004	2.236113e+000
1.813294e+004	2.229637e+000
1.814294e+004	2.237210e+000
1.815298e+004	2.222524e+000
1.816297e+004	2.224628e+000
1.817300e+004	2.229483e+000
1.818300e+004	2.233228e+000
1.819305e+004	2.227617e+000
1.820303e+004	2.227695e+000
1.821304e+004	2.229563e+000
1.822305e+004	2.217598e+000
1.823305e+004	2.223072e+000
1.824306e+004	2.237535e+000
1.825308e+004	2.233625e+000
1.826309e+004	2.245496e+000
1.827311e+004	2.223802e+000
1.828311e+004	2.227278e+000
1.829312e+004	2.219250e+000
1.830313e+004	2.219765e+000
1.831313e+004	2.225572e+000
1.832313e+004	2.225179e+000
1.833315e+004	2.231982e+000
1.834315e+004	2.230689e+000
1.835316e+004	2.223360e+000
1.836317e+004	2.223070e+000
1.837319e+004	2.217399e+000
1.838319e+004	2.230504e+000
1.839322e+004	2.236734e+000
1.840323e+004	2.225405e+000
1.841325e+004	2.223490e+000
1.842326e+004	2.231301e+000
1.843328e+004	2.233973e+000
1.844328e+004	2.228597e+000
1.845329e+004	2.237984e+000
1.846328e+004	2.228976e+000
1.847330e+004	2.211953e+000
1.848331e+004	2.218150e+000
1.849332e+004	2.237340e+000
1.850330e+004	2.233307e+000
1.851331e+004	2.228922e+000
1.852333e+004	2.225807e+000
1.853338e+004	2.224682e+000
1.854336e+004	2.228381e+000
1.855337e+004	2.232196e+000
1.856338e+004	2.231639e+000
1.857337e+004	2.228520e+000
1.858338e+004	2.231912e+000
1.859337e+004	2.242662e+000
1.860337e+004	2.224086e+000
1.861338e+004	2.234855e+000
1.862340e+004	2.231703e+000
1.863341e+004	2.237651e+000
1.864342e+004	2.227564e+000
1.865342e+004	2.240031e+000
1.866343e+004	2.238483e+000
1.867344e+004	2.236324e+000
1.868344e+004	2.231598e+000
1.869345e+004	2.241008e+000
1.870345e+004	2.248644e+000
1.871346e+004	2.236976e+000
1.872347e+004	2.251583e+000
1.873347e+004	2.241710e+000
1.874350e+004	2.246674e+000
1.875350e+004	2.248736e+000
1.876351e+004	2.250701e+000
1.877353e+004	2.237912e+000
1.878354e+004	2.252947e+000
1.879357e+004	2.248326e+000
1.880358e+004	2.241008e+000
1.881359e+004	2.251441e+000
1.882359e+004	2.259681e+000
1.883358e+004	2.256399e+000
1.884359e+004	2.253882e+000
1.885359e+004	2.249380e+000
1.886360e+004	2.264757e+000
1.887361e+004	2.253936e+000
1.888361e+004	2.263497e+000
1.889362e+004	2.254089e+000
1.890362e+004	2.257449e+000
1.891363e+004	2.253207e+000
1.892364e+004	2.258765e+000
1.893364e+004	2.265459e+000
1.894365e+004	2.259254e+000
1.895366e+004	2.274470e+000
1.896365e+004	2.263615e+000
1.897365e+004	2.257403e+000
1.898366e+004	2.254313e+000
1.899366e+004	2.270039e+000
1.900369e+004	2.260965e+000
1.901368e+004	2.261797e+000
1.902368e+004	2.266201e+000
1.903369e+004	2.267848e+000
1.904370e+004	2.279240e+000
1.905370e+004	2.262327e+000
1.906371e+004	2.265470e+000
1.907371e+004	2.266980e+000
1.908377e+004	2.265099e+000
1.909374e+004	2.257383e+000
1.910380e+004	2.267529e+000
1.911378e+004	2.259376e+000
1.912381e+004	2.272593e+000
1.913381e+004	2.264622e+000
1.914385e+004	2.266133e+000
1.915381e+004	2.277826e+000
1.916382e+004	2.278179e+000
1.917384e+004	2.267980e+000
1.918384e+004	2.262871e+000
1.919385e+004	2.277069e+000
1.920386e+004	2.269167e+000
1.921386e+004	2.282207e+000
1.922387e+004	2.281736e+000
1.923388e+004	2.269010e+000
1.924388e+004	2.275256e+000
1.925387e+004	2.278028e+000
1.926389e+004	2.281404e+000
1.927416e+004	2.278592e+000
