0.000000e+000	1.194721e+000
9.997000e+000	1.187280e+000
2.000800e+001	1.184958e+000
3.001900e+001	1.185493e+000
4.001900e+001	1.193826e+000
5.001000e+001	1.192565e+000
6.006000e+001	1.194465e+000
7.004300e+001	1.202995e+000
8.004400e+001	1.204929e+000
9.010900e+001	1.184762e+000
1.000830e+002	1.185207e+000
1.100830e+002	1.203998e+000
1.200940e+002	1.202614e+000
1.301030e+002	1.193833e+000
1.401370e+002	1.181233e+000
1.501140e+002	1.187086e+000
1.601140e+002	1.201180e+000
1.701240e+002	1.178986e+000
1.801340e+002	1.190639e+000
1.901340e+002	1.177182e+000
2.001440e+002	1.193155e+000
2.101540e+002	1.205983e+000
2.201550e+002	1.187049e+000
2.301650e+002	1.182085e+000
2.401750e+002	1.191611e+000
2.501650e+002	1.193235e+000
2.601640e+002	1.190799e+000
2.701740e+002	1.203997e+000
2.801840e+002	1.193661e+000
2.901840e+002	1.177922e+000
3.001760e+002	1.198528e+000
3.101870e+002	1.199350e+000
3.201860e+002	1.207830e+000
3.301770e+002	1.194194e+000
3.401870e+002	1.190595e+000
3.501680e+002	1.192889e+000
3.601780e+002	1.204398e+000
3.701880e+002	1.191066e+000
3.801890e+002	1.199994e+000
3.901980e+002	1.196616e+000
4.002080e+002	1.204914e+000
4.102090e+002	1.193068e+000
4.202190e+002	1.185918e+000
4.302290e+002	1.205764e+000
4.402100e+002	1.200225e+000
4.502230e+002	1.199056e+000
4.602230e+002	1.193223e+000
4.702330e+002	1.214375e+000
4.802430e+002	1.204670e+000
4.902430e+002	1.191165e+000
5.002970e+002	1.192826e+000
5.102750e+002	1.216331e+000
5.202850e+002	1.190411e+000
5.302960e+002	1.200584e+000
5.402950e+002	1.207362e+000
5.503060e+002	1.201461e+000
5.603260e+002	1.204105e+000
5.703370e+002	1.201579e+000
5.803900e+002	1.200068e+000
5.903680e+002	1.204936e+000
6.003780e+002	1.194274e+000
6.103680e+002	1.203109e+000
6.203680e+002	1.207985e+000
6.303780e+002	1.219511e+000
6.403790e+002	1.197302e+000
6.503900e+002	1.227209e+000
6.604010e+002	1.203980e+000
6.704030e+002	1.199400e+000
6.804140e+002	1.202211e+000
6.904120e+002	1.202311e+000
7.004230e+002	1.211641e+000
7.104320e+002	1.205366e+000
7.204130e+002	1.218688e+000
7.304230e+002	1.211516e+000
7.404340e+002	1.211255e+000
7.504340e+002	1.223386e+000
7.604440e+002	1.220462e+000
7.704540e+002	1.221193e+000
7.804450e+002	1.222973e+000
7.904440e+002	1.234101e+000
8.004540e+002	1.215219e+000
8.104640e+002	1.222224e+000
8.204850e+002	1.212688e+000
8.304860e+002	1.214042e+000
8.405410e+002	1.223467e+000
8.505260e+002	1.223250e+000
8.605260e+002	1.243818e+000
8.705360e+002	1.236458e+000
8.805460e+002	1.238274e+000
8.905670e+002	1.232325e+000
9.005770e+002	1.239585e+000
9.105770e+002	1.241885e+000
9.205870e+002	1.228391e+000
9.305870e+002	1.247592e+000
9.405980e+002	1.232135e+000
9.506070e+002	1.233934e+000
9.606070e+002	1.249299e+000
9.706190e+002	1.245780e+000
9.806280e+002	1.224970e+000
9.906290e+002	1.236182e+000
1.000639e+003	1.231274e+000
1.010649e+003	1.254343e+000
1.020631e+003	1.246651e+000
1.030661e+003	1.257667e+000
1.040661e+003	1.257976e+000
1.050671e+003	1.249841e+000
1.060682e+003	1.249113e+000
1.070665e+003	1.270063e+000
1.080675e+003	1.254452e+000
1.090686e+003	1.261244e+000
1.100687e+003	1.258912e+000
1.110707e+003	1.274300e+000
1.120737e+003	1.252916e+000
1.130737e+003	1.259710e+000
1.140747e+003	1.268329e+000
1.150757e+003	1.257053e+000
1.160758e+003	1.276289e+000
1.170770e+003	1.264399e+000
1.180771e+003	1.273738e+000
1.190801e+003	1.279947e+000
1.200801e+003	1.274047e+000
1.210812e+003	1.271138e+000
1.220803e+003	1.273108e+000
1.230803e+003	1.267929e+000
1.240814e+003	1.283207e+000
1.250823e+003	1.262496e+000
1.260823e+003	1.285712e+000
1.270880e+003	1.273259e+000
1.280854e+003	1.282105e+000
1.290896e+003	1.271848e+000
1.300874e+003	1.279584e+000
1.310875e+003	1.294247e+000
1.320885e+003	1.287450e+000
1.330895e+003	1.286738e+000
1.340895e+003	1.291327e+000
1.350905e+003	1.305892e+000
1.360915e+003	1.290508e+000
1.370905e+003	1.310151e+000
1.380905e+003	1.294970e+000
1.390916e+003	1.303105e+000
1.400926e+003	1.274180e+000
1.410926e+003	1.288925e+000
1.420936e+003	1.309299e+000
1.430937e+003	1.307483e+000
1.440967e+003	1.313326e+000
1.450977e+003	1.311316e+000
1.460977e+003	1.299859e+000
1.470987e+003	1.307352e+000
1.480997e+003	1.318381e+000
1.490997e+003	1.301838e+000
1.501007e+003	1.324562e+000
1.511006e+003	1.321235e+000
1.521037e+003	1.320813e+000
1.531037e+003	1.319222e+000
1.541048e+003	1.311215e+000
1.551040e+003	1.326694e+000
1.561049e+003	1.316534e+000
1.571050e+003	1.332623e+000
1.581040e+003	1.327256e+000
1.591051e+003	1.337672e+000
1.601052e+003	1.333357e+000
1.611062e+003	1.342027e+000
1.621062e+003	1.329395e+000
1.631116e+003	1.329726e+000
1.641092e+003	1.340167e+000
1.651130e+003	1.332827e+000
1.661112e+003	1.331784e+000
1.671112e+003	1.338471e+000
1.681175e+003	1.346837e+000
1.691144e+003	1.335418e+000
1.701155e+003	1.341560e+000
1.711156e+003	1.337527e+000
1.721166e+003	1.356919e+000
1.731157e+003	1.338355e+000
1.741177e+003	1.365246e+000
1.751207e+003	1.362055e+000
1.761208e+003	1.365095e+000
1.771218e+003	1.344468e+000
1.781228e+003	1.344844e+000
1.791209e+003	1.364502e+000
1.801219e+003	1.352179e+000
1.811229e+003	1.349024e+000
1.821229e+003	1.377032e+000
1.831241e+003	1.382954e+000
1.841251e+003	1.370044e+000
1.851232e+003	1.355428e+000
1.861244e+003	1.365950e+000
1.871255e+003	1.375945e+000
1.881255e+003	1.366873e+000
1.891246e+003	1.364119e+000
1.901257e+003	1.365009e+000
1.911257e+003	1.372921e+000
1.921267e+003	1.358014e+000
1.931251e+003	1.350400e+000
1.941311e+003	1.374027e+000
1.951289e+003	1.389205e+000
1.961339e+003	1.381679e+000
1.971320e+003	1.364772e+000
1.981320e+003	1.378784e+000
1.991330e+003	1.386065e+000
2.001340e+003	1.379050e+000
2.011340e+003	1.376590e+000
2.021350e+003	1.395510e+000
2.031351e+003	1.394684e+000
2.041362e+003	1.377836e+000
2.051382e+003	1.396470e+000
2.061412e+003	1.385968e+000
2.071414e+003	1.392900e+000
2.081423e+003	1.388992e+000
2.091478e+003	1.384585e+000
2.101454e+003	1.411214e+000
2.111464e+003	1.410106e+000
2.121464e+003	1.412779e+000
2.131474e+003	1.412765e+000
2.141484e+003	1.393107e+000
2.151474e+003	1.396320e+000
2.161475e+003	1.418650e+000
2.171466e+003	1.404591e+000
2.181486e+003	1.414353e+000
2.191496e+003	1.411756e+000
2.201506e+003	1.407965e+000
2.211488e+003	1.418725e+000
2.221498e+003	1.424144e+000
2.231489e+003	1.422176e+000
2.241491e+003	1.425893e+000
2.251501e+003	1.428843e+000
2.261511e+003	1.417642e+000
2.271511e+003	1.419853e+000
2.281522e+003	1.412499e+000
2.291542e+003	1.424845e+000
2.301553e+003	1.409686e+000
2.311573e+003	1.417435e+000
2.321584e+003	1.421732e+000
2.331594e+003	1.437377e+000
2.341593e+003	1.424440e+000
2.351603e+003	1.435957e+000
2.361614e+003	1.444703e+000
2.371613e+003	1.414486e+000
2.381623e+003	1.418540e+000
2.391633e+003	1.430655e+000
2.401681e+003	1.432518e+000
2.411664e+003	1.424345e+000
2.421664e+003	1.428272e+000
2.431674e+003	1.435212e+000
2.441684e+003	1.432360e+000
2.451684e+003	1.425940e+000
2.461694e+003	1.444031e+000
2.471704e+003	1.432962e+000
2.481704e+003	1.434868e+000
2.491715e+003	1.415972e+000
2.501715e+003	1.419936e+000
2.511745e+003	1.421448e+000
2.521745e+003	1.440804e+000
2.531755e+003	1.432039e+000
2.541765e+003	1.419484e+000
2.551766e+003	1.440707e+000
2.561775e+003	1.426247e+000
2.571785e+003	1.438403e+000
2.581785e+003	1.444200e+000
2.591815e+003	1.435899e+000
2.601798e+003	1.426940e+000
2.611809e+003	1.434792e+000
2.621819e+003	1.438990e+000
2.631819e+003	1.432511e+000
2.641830e+003	1.425393e+000
2.651832e+003	1.433134e+000
2.661842e+003	1.435090e+000
2.671833e+003	1.431584e+000
2.681834e+003	1.433215e+000
2.691879e+003	1.425351e+000
2.701854e+003	1.419253e+000
2.711854e+003	1.429230e+000
2.721864e+003	1.437358e+000
2.731875e+003	1.443447e+000
2.741874e+003	1.447256e+000
2.751884e+003	1.449625e+000
2.761923e+003	1.454667e+000
2.771875e+003	1.455312e+000
2.781885e+003	1.436563e+000
2.791876e+003	1.431712e+000
2.801896e+003	1.434329e+000
2.811907e+003	1.439885e+000
2.821908e+003	1.459516e+000
2.831918e+003	1.451448e+000
2.841928e+003	1.448585e+000
2.851910e+003	1.463532e+000
2.861920e+003	1.444341e+000
2.871911e+003	1.475695e+000
2.881931e+003	1.449145e+000
2.891941e+003	1.447704e+000
2.901951e+003	1.453405e+000
2.911933e+003	1.468207e+000
2.921995e+003	1.450897e+000
2.931963e+003	1.461550e+000
2.941973e+003	1.454223e+000
2.951983e+003	1.462330e+000
2.961983e+003	1.446022e+000
2.971993e+003	1.462754e+000
2.981984e+003	1.455978e+000
2.992041e+003	1.452039e+000
3.002014e+003	1.448581e+000
3.012025e+003	1.461537e+000
3.022014e+003	1.465863e+000
3.032014e+003	1.459127e+000
3.042024e+003	1.472655e+000
3.052034e+003	1.453533e+000
3.062034e+003	1.445707e+000
3.072026e+003	1.444851e+000
3.082047e+003	1.451736e+000
3.092057e+003	1.466909e+000
3.102067e+003	1.459502e+000
3.112057e+003	1.448413e+000
3.122057e+003	1.443360e+000
3.132067e+003	1.469493e+000
3.142077e+003	1.464898e+000
3.152079e+003	1.463424e+000
3.162090e+003	1.470302e+000
3.172091e+003	1.472296e+000
3.182083e+003	1.451547e+000
3.192082e+003	1.475920e+000
3.202113e+003	1.480346e+000
3.212113e+003	1.486403e+000
3.222123e+003	1.475707e+000
3.232115e+003	1.467533e+000
3.242135e+003	1.464958e+000
3.252144e+003	1.475359e+000
3.262154e+003	1.474928e+000
3.272154e+003	1.473620e+000
3.282164e+003	1.474539e+000
3.292174e+003	1.484947e+000
3.302165e+003	1.463404e+000
3.312165e+003	1.474437e+000
3.322176e+003	1.479899e+000
3.332175e+003	1.491905e+000
3.342205e+003	1.470458e+000
3.352206e+003	1.501033e+000
3.362259e+003	1.470924e+000
3.372237e+003	1.487117e+000
3.382267e+003	1.462084e+000
3.392277e+003	1.473692e+000
3.402277e+003	1.490512e+000
3.412287e+003	1.500586e+000
3.422297e+003	1.514611e+000
3.432297e+003	1.499749e+000
3.442307e+003	1.491694e+000
3.452308e+003	1.500002e+000
3.462367e+003	1.507570e+000
3.472339e+003	1.513765e+000
3.482349e+003	1.508550e+000
3.492359e+003	1.502814e+000
3.502360e+003	1.504546e+000
3.512371e+003	1.503656e+000
3.522391e+003	1.503247e+000
3.532433e+003	1.498587e+000
3.542410e+003	1.507072e+000
3.552392e+003	1.510218e+000
3.562403e+003	1.495696e+000
3.572424e+003	1.498476e+000
3.582435e+003	1.510470e+000
3.592436e+003	1.493658e+000
3.602467e+003	1.509722e+000
3.612467e+003	1.518208e+000
3.622476e+003	1.506875e+000
3.632486e+003	1.504790e+000
3.642486e+003	1.511148e+000
3.652496e+003	1.513664e+000
3.662487e+003	1.518388e+000
3.672508e+003	1.509987e+000
3.682517e+003	1.518397e+000
3.692527e+003	1.511981e+000
3.702517e+003	1.514818e+000
3.712517e+003	1.519674e+000
3.722558e+003	1.518020e+000
3.732537e+003	1.498934e+000
3.742537e+003	1.512272e+000
3.752528e+003	1.511609e+000
3.762539e+003	1.508884e+000
3.772539e+003	1.528825e+000
3.782549e+003	1.515714e+000
3.792552e+003	1.518565e+000
3.802561e+003	1.500591e+000
3.812571e+003	1.515988e+000
3.822561e+003	1.511723e+000
3.832561e+003	1.507665e+000
3.842553e+003	1.509044e+000
3.852554e+003	1.524484e+000
3.862564e+003	1.513326e+000
3.872574e+003	1.505318e+000
3.882574e+003	1.527166e+000
3.892584e+003	1.517116e+000
3.902594e+003	1.517024e+000
3.912594e+003	1.525685e+000
3.922646e+003	1.522034e+000
3.932626e+003	1.527810e+000
3.942638e+003	1.524100e+000
3.952639e+003	1.516013e+000
3.962652e+003	1.501806e+000
3.972652e+003	1.518765e+000
3.982662e+003	1.523350e+000
3.992653e+003	1.516340e+000
4.002673e+003	1.518366e+000
4.012685e+003	1.499521e+000
4.022685e+003	1.513531e+000
4.032716e+003	1.524415e+000
4.042716e+003	1.516400e+000
4.052725e+003	1.527080e+000
4.062735e+003	1.522843e+000
4.072736e+003	1.518764e+000
4.082747e+003	1.512106e+000
4.092768e+003	1.510110e+000
4.102777e+003	1.524176e+000
4.112787e+003	1.520263e+000
4.122768e+003	1.520642e+000
4.132811e+003	1.526410e+000
4.142769e+003	1.518855e+000
4.152789e+003	1.524931e+000
4.162834e+003	1.506836e+000
4.172820e+003	1.514511e+000
4.182832e+003	1.515352e+000
4.192833e+003	1.526342e+000
4.202843e+003	1.510437e+000
4.212853e+003	1.527228e+000
4.222853e+003	1.518118e+000
4.232865e+003	1.545238e+000
4.242865e+003	1.529499e+000
4.252902e+003	1.522818e+000
4.262885e+003	1.516639e+000
4.272886e+003	1.524993e+000
4.282897e+003	1.533257e+000
4.292898e+003	1.533014e+000
4.302908e+003	1.525733e+000
4.312918e+003	1.526512e+000
4.322920e+003	1.531308e+000
4.332930e+003	1.531144e+000
4.342950e+003	1.524811e+000
4.352960e+003	1.539527e+000
4.362970e+003	1.538576e+000
4.372952e+003	1.538902e+000
4.382983e+003	1.552318e+000
4.392983e+003	1.546775e+000
4.402993e+003	1.524847e+000
4.412984e+003	1.530705e+000
4.423004e+003	1.527254e+000
4.433014e+003	1.525915e+000
4.443024e+003	1.533609e+000
4.453014e+003	1.521123e+000
4.463015e+003	1.549209e+000
4.473025e+003	1.514952e+000
4.483026e+003	1.537407e+000
4.493035e+003	1.536274e+000
4.503046e+003	1.531060e+000
4.513035e+003	1.550264e+000
4.523035e+003	1.525440e+000
4.533046e+003	1.534379e+000
4.543055e+003	1.541233e+000
4.553055e+003	1.539957e+000
4.563047e+003	1.533748e+000
4.573056e+003	1.533782e+000
4.583037e+003	1.531897e+000
4.593047e+003	1.533640e+000
4.603057e+003	1.553447e+000
4.613057e+003	1.540048e+000
4.623067e+003	1.547995e+000
4.633058e+003	1.535034e+000
4.643068e+003	1.544262e+000
4.653068e+003	1.527000e+000
4.663078e+003	1.527392e+000
4.673088e+003	1.536103e+000
4.683090e+003	1.529865e+000
4.693100e+003	1.545743e+000
4.703090e+003	1.522809e+000
4.713091e+003	1.547072e+000
4.723101e+003	1.515494e+000
4.733101e+003	1.518153e+000
4.743113e+003	1.547121e+000
4.753167e+003	1.534924e+000
4.763143e+003	1.528557e+000
4.773155e+003	1.540139e+000
4.783155e+003	1.537750e+000
4.793165e+003	1.534773e+000
4.803175e+003	1.550093e+000
4.813196e+003	1.524554e+000
4.823206e+003	1.525478e+000
4.833206e+003	1.534008e+000
4.843239e+003	1.514202e+000
4.853217e+003	1.536825e+000
4.863228e+003	1.534952e+000
4.873238e+003	1.545990e+000
4.883228e+003	1.537450e+000
4.893227e+003	1.535321e+000
4.903237e+003	1.526244e+000
4.913247e+003	1.530065e+000
4.923247e+003	1.542986e+000
4.933238e+003	1.538703e+000
4.943258e+003	1.537989e+000
4.953269e+003	1.532095e+000
4.963289e+003	1.539015e+000
4.973319e+003	1.535724e+000
4.983320e+003	1.523406e+000
4.993329e+003	1.532305e+000
5.003339e+003	1.551023e+000
5.013339e+003	1.531569e+000
5.023349e+003	1.542838e+000
5.033359e+003	1.543323e+000
5.043359e+003	1.527874e+000
5.053372e+003	1.538390e+000
5.063372e+003	1.544898e+000
5.073384e+003	1.540956e+000
5.083404e+003	1.532111e+000
5.093415e+003	1.541633e+000
5.103417e+003	1.532609e+000
5.113426e+003	1.548704e+000
5.123439e+003	1.549586e+000
5.133495e+003	1.548543e+000
5.143461e+003	1.552120e+000
5.153524e+003	1.537844e+000
5.163491e+003	1.538107e+000
5.173558e+003	1.540740e+000
5.183522e+003	1.546390e+000
5.193532e+003	1.535796e+000
5.203543e+003	1.532207e+000
5.213543e+003	1.530697e+000
5.223554e+003	1.543046e+000
5.233556e+003	1.540082e+000
5.243618e+003	1.534824e+000
5.253588e+003	1.543539e+000
5.263599e+003	1.527308e+000
5.273619e+003	1.526104e+000
5.283629e+003	1.537371e+000
5.293650e+003	1.541413e+000
5.303662e+003	1.532916e+000
5.313663e+003	1.532647e+000
5.323673e+003	1.541467e+000
5.333684e+003	1.539062e+000
5.343684e+003	1.545012e+000
5.353694e+003	1.534216e+000
5.363695e+003	1.535321e+000
5.373736e+003	1.533946e+000
5.383714e+003	1.531224e+000
5.393716e+003	1.539093e+000
5.403726e+003	1.544716e+000
5.413746e+003	1.548110e+000
5.423757e+003	1.524896e+000
5.433777e+003	1.541801e+000
5.443787e+003	1.525375e+000
5.453797e+003	1.532171e+000
5.463797e+003	1.542674e+000
5.473807e+003	1.527984e+000
5.483817e+003	1.530379e+000
5.493798e+003	1.525251e+000
5.503809e+003	1.541066e+000
5.513819e+003	1.543048e+000
5.523800e+003	1.526147e+000
5.533810e+003	1.538223e+000
5.543820e+003	1.524286e+000
5.553820e+003	1.534374e+000
5.563832e+003	1.537143e+000
5.573833e+003	1.535967e+000
5.583843e+003	1.536191e+000
5.593834e+003	1.522027e+000
5.603855e+003	1.533965e+000
5.613864e+003	1.547868e+000
5.623874e+003	1.537353e+000
5.633875e+003	1.538638e+000
5.643885e+003	1.539087e+000
5.653906e+003	1.549894e+000
5.663916e+003	1.539359e+000
5.673926e+003	1.525721e+000
5.683908e+003	1.538910e+000
5.693918e+003	1.546617e+000
5.703928e+003	1.541415e+000
5.713928e+003	1.547258e+000
5.723938e+003	1.541498e+000
5.733948e+003	1.538055e+000
5.743929e+003	1.528763e+000
5.753940e+003	1.530979e+000
5.763949e+003	1.534395e+000
5.773930e+003	1.545416e+000
5.783961e+003	1.543668e+000
5.793961e+003	1.539729e+000
5.803971e+003	1.538102e+000
5.813981e+003	1.553691e+000
5.823983e+003	1.544442e+000
5.833992e+003	1.567540e+000
5.844014e+003	1.551257e+000
5.854023e+003	1.541416e+000
5.864033e+003	1.543485e+000
5.874014e+003	1.544204e+000
5.884025e+003	1.544967e+000
5.894015e+003	1.549757e+000
5.904035e+003	1.540720e+000
5.914046e+003	1.545155e+000
5.924056e+003	1.566902e+000
5.934046e+003	1.545229e+000
5.944046e+003	1.551434e+000
5.954056e+003	1.548835e+000
5.964056e+003	1.546832e+000
5.974066e+003	1.563342e+000
5.984057e+003	1.560695e+000
5.994067e+003	1.560207e+000
6.004068e+003	1.563581e+000
6.014077e+003	1.565754e+000
6.024087e+003	1.566091e+000
6.034088e+003	1.580017e+000
6.044078e+003	1.556620e+000
6.054098e+003	1.551461e+000
6.064109e+003	1.549324e+000
6.074119e+003	1.572833e+000
6.084102e+003	1.566461e+000
6.094111e+003	1.566807e+000
6.104102e+003	1.561999e+000
6.114122e+003	1.575205e+000
6.124133e+003	1.553947e+000
6.134144e+003	1.566185e+000
6.144143e+003	1.562606e+000
6.154153e+003	1.566096e+000
6.164163e+003	1.566189e+000
6.174163e+003	1.563895e+000
6.184173e+003	1.561344e+000
6.194165e+003	1.577111e+000
6.204165e+003	1.558290e+000
6.214175e+003	1.560072e+000
6.224176e+003	1.555096e+000
6.234236e+003	1.569917e+000
6.244215e+003	1.548859e+000
6.254252e+003	1.541119e+000
6.264246e+003	1.562535e+000
6.274246e+003	1.569237e+000
6.284256e+003	1.564995e+000
6.294266e+003	1.570322e+000
6.304266e+003	1.577958e+000
6.314276e+003	1.558096e+000
6.324276e+003	1.561162e+000
6.334286e+003	1.568012e+000
6.344327e+003	1.564855e+000
6.354296e+003	1.558532e+000
6.364361e+003	1.562004e+000
6.374327e+003	1.541876e+000
6.384338e+003	1.568180e+000
6.394348e+003	1.564331e+000
6.404348e+003	1.561699e+000
6.414358e+003	1.573018e+000
6.424369e+003	1.562769e+000
6.434368e+003	1.562648e+000
6.444378e+003	1.568719e+000
6.454388e+003	1.558508e+000
6.464378e+003	1.550890e+000
6.474379e+003	1.559261e+000
6.484389e+003	1.554028e+000
6.494399e+003	1.558799e+000
6.504401e+003	1.564922e+000
6.514412e+003	1.548940e+000
6.524412e+003	1.557454e+000
6.534422e+003	1.564255e+000
6.544432e+003	1.565064e+000
6.554432e+003	1.562125e+000
6.564423e+003	1.556807e+000
6.574433e+003	1.559152e+000
6.584423e+003	1.562549e+000
6.594422e+003	1.555869e+000
6.604432e+003	1.565812e+000
6.614442e+003	1.556847e+000
6.624443e+003	1.565501e+000
6.634452e+003	1.553143e+000
6.644453e+003	1.559559e+000
6.654483e+003	1.568874e+000
6.664493e+003	1.556782e+000
6.674493e+003	1.567945e+000
6.684484e+003	1.579524e+000
6.694504e+003	1.562921e+000
6.704515e+003	1.561316e+000
6.714527e+003	1.578771e+000
6.724526e+003	1.547020e+000
6.734536e+003	1.545124e+000
6.744537e+003	1.560175e+000
6.754548e+003	1.551969e+000
6.764568e+003	1.554283e+000
6.774598e+003	1.563346e+000
6.784598e+003	1.559263e+000
6.794608e+003	1.550267e+000
6.804618e+003	1.553726e+000
6.814618e+003	1.545714e+000
6.824628e+003	1.562182e+000
6.834619e+003	1.562176e+000
6.844638e+003	1.543952e+000
6.854648e+003	1.563968e+000
6.864658e+003	1.565281e+000
6.874659e+003	1.558082e+000
6.884670e+003	1.551945e+000
6.894679e+003	1.564135e+000
6.904660e+003	1.545056e+000
6.914670e+003	1.555538e+000
6.924662e+003	1.548503e+000
6.934682e+003	1.557644e+000
6.944692e+003	1.560867e+000
6.954702e+003	1.554694e+000
6.964683e+003	1.573561e+000
6.974693e+003	1.560486e+000
6.984684e+003	1.557959e+000
6.994704e+003	1.564731e+000
7.004714e+003	1.566031e+000
7.014724e+003	1.558189e+000
7.024705e+003	1.547667e+000
7.034717e+003	1.552451e+000
7.044736e+003	1.551878e+000
7.054746e+003	1.552933e+000
7.064756e+003	1.544398e+000
7.074746e+003	1.544258e+000
7.084747e+003	1.558656e+000
7.094758e+003	1.554228e+000
7.104758e+003	1.551738e+000
7.114768e+003	1.563696e+000
7.124789e+003	1.552421e+000
7.134799e+003	1.562076e+000
7.144809e+003	1.552653e+000
7.154799e+003	1.552541e+000
7.164799e+003	1.569714e+000
7.174809e+003	1.556581e+000
7.184819e+003	1.563193e+000
7.194840e+003	1.545463e+000
7.204850e+003	1.546194e+000
7.214850e+003	1.553187e+000
7.224860e+003	1.564668e+000
7.234870e+003	1.551593e+000
7.244870e+003	1.550173e+000
7.254880e+003	1.553566e+000
7.264890e+003	1.553857e+000
7.274911e+003	1.558464e+000
7.284911e+003	1.562764e+000
7.294942e+003	1.544226e+000
7.304942e+003	1.551909e+000
7.314952e+003	1.544209e+000
7.324962e+003	1.570846e+000
7.334945e+003	1.556964e+000
7.344955e+003	1.568017e+000
7.354964e+003	1.547332e+000
7.364965e+003	1.565530e+000
7.374976e+003	1.562918e+000
7.384966e+003	1.568491e+000
7.394986e+003	1.568603e+000
7.404996e+003	1.557724e+000
7.415006e+003	1.574231e+000
7.425006e+003	1.545777e+000
7.435017e+003	1.559441e+000
7.445018e+003	1.560346e+000
7.455028e+003	1.554671e+000
7.465019e+003	1.549886e+000
7.475072e+003	1.566784e+000
7.485048e+003	1.559056e+000
7.495058e+003	1.555235e+000
7.505058e+003	1.564628e+000
7.515069e+003	1.557543e+000
7.525089e+003	1.560992e+000
7.535101e+003	1.559444e+000
7.545083e+003	1.573385e+000
7.555093e+003	1.568291e+000
7.565104e+003	1.549318e+000
7.575104e+003	1.543789e+000
7.585114e+003	1.556517e+000
7.595135e+003	1.557908e+000
7.605146e+003	1.567099e+000
7.615166e+003	1.551937e+000
7.625176e+003	1.563290e+000
7.635186e+003	1.575193e+000
7.645167e+003	1.553529e+000
7.655177e+003	1.561634e+000
7.665187e+003	1.550757e+000
7.675187e+003	1.554093e+000
7.685197e+003	1.559473e+000
7.695188e+003	1.566513e+000
7.705208e+003	1.569718e+000
7.715218e+003	1.571760e+000
7.725229e+003	1.561483e+000
7.735210e+003	1.564964e+000
7.745220e+003	1.566677e+000
7.755230e+003	1.558636e+000
7.765212e+003	1.573787e+000
7.775221e+003	1.566974e+000
7.785212e+003	1.580951e+000
7.795222e+003	1.572665e+000
7.805222e+003	1.574236e+000
7.815232e+003	1.566034e+000
7.825253e+003	1.563244e+000
7.835263e+003	1.566979e+000
7.845274e+003	1.570587e+000
7.855275e+003	1.556618e+000
7.865285e+003	1.566237e+000
7.875267e+003	1.569654e+000
7.885277e+003	1.551690e+000
7.895268e+003	1.561218e+000
7.905278e+003	1.565039e+000
7.915278e+003	1.562831e+000
7.925289e+003	1.566242e+000
7.935280e+003	1.566470e+000
7.945280e+003	1.567599e+000
7.955290e+003	1.576492e+000
7.965300e+003	1.552288e+000
7.975302e+003	1.559348e+000
7.985323e+003	1.568957e+000
7.995366e+003	1.567849e+000
8.005353e+003	1.553580e+000
8.015412e+003	1.568378e+000
8.025375e+003	1.556762e+000
8.035410e+003	1.568168e+000
8.045397e+003	1.565150e+000
8.055427e+003	1.569556e+000
8.065428e+003	1.549422e+000
8.075439e+003	1.558585e+000
8.085460e+003	1.564301e+000
8.095503e+003	1.576227e+000
8.105490e+003	1.560839e+000
8.115499e+003	1.553930e+000
8.125509e+003	1.565506e+000
8.135509e+003	1.563334e+000
8.145519e+003	1.552388e+000
8.155509e+003	1.561323e+000
8.165529e+003	1.562334e+000
8.175595e+003	1.568916e+000
8.185569e+003	1.565348e+000
8.195569e+003	1.569673e+000
8.205579e+003	1.561636e+000
8.215589e+003	1.550051e+000
8.225610e+003	1.561676e+000
8.235621e+003	1.578429e+000
8.245621e+003	1.564144e+000
8.255631e+003	1.574623e+000
8.265631e+003	1.562745e+000
8.275641e+003	1.559103e+000
8.285650e+003	1.557764e+000
8.295652e+003	1.574402e+000
8.305662e+003	1.578486e+000
8.315714e+003	1.553283e+000
8.325693e+003	1.579103e+000
8.335703e+003	1.566130e+000
8.345702e+003	1.565290e+000
8.355712e+003	1.564521e+000
8.365723e+003	1.567072e+000
8.375724e+003	1.562663e+000
8.385734e+003	1.574044e+000
8.395735e+003	1.577453e+000
8.405774e+003	1.580678e+000
8.415754e+003	1.573187e+000
8.425754e+003	1.589154e+000
8.435820e+003	1.569292e+000
8.445794e+003	1.567240e+000
8.455795e+003	1.576842e+000
8.465804e+003	1.579542e+000
8.475814e+003	1.576151e+000
8.485814e+003	1.583767e+000
8.495824e+003	1.571679e+000
8.505824e+003	1.584815e+000
8.515834e+003	1.580812e+000
8.525844e+003	1.572367e+000
8.535845e+003	1.575536e+000
8.545875e+003	1.582825e+000
8.555875e+003	1.579793e+000
8.565885e+003	1.582252e+000
8.575895e+003	1.598510e+000
8.585895e+003	1.580587e+000
8.595905e+003	1.573816e+000
8.605915e+003	1.581867e+000
8.615916e+003	1.576149e+000
8.625945e+003	1.574753e+000
8.635956e+003	1.583685e+000
8.645976e+003	1.572843e+000
8.655987e+003	1.567605e+000
8.665987e+003	1.576092e+000
8.675997e+003	1.582065e+000
8.685989e+003	1.574672e+000
8.695989e+003	1.570954e+000
8.705980e+003	1.572841e+000
8.715991e+003	1.572429e+000
8.725991e+003	1.574771e+000
8.736002e+003	1.593721e+000
8.746003e+003	1.575692e+000
8.756013e+003	1.587713e+000
8.766023e+003	1.573023e+000
8.776003e+003	1.576241e+000
8.786014e+003	1.580019e+000
8.796024e+003	1.583195e+000
8.806024e+003	1.575330e+000
8.816035e+003	1.581558e+000
8.826046e+003	1.581054e+000
8.836046e+003	1.585387e+000
8.846037e+003	1.576768e+000
8.856057e+003	1.567120e+000
8.866067e+003	1.575698e+000
8.876077e+003	1.579179e+000
8.886067e+003	1.574318e+000
8.896067e+003	1.572667e+000
8.906058e+003	1.559155e+000
8.916111e+003	1.569771e+000
8.926091e+003	1.587327e+000
8.936091e+003	1.578664e+000
8.946101e+003	1.568402e+000
8.956111e+003	1.578912e+000
8.966112e+003	1.567668e+000
8.976122e+003	1.558792e+000
8.986133e+003	1.588864e+000
8.996122e+003	1.578495e+000
9.006122e+003	1.573963e+000
9.016132e+003	1.584405e+000
9.026142e+003	1.566705e+000
9.036143e+003	1.566619e+000
9.046174e+003	1.582120e+000
9.056194e+003	1.578473e+000
9.066204e+003	1.579334e+000
9.076205e+003	1.557894e+000
9.086196e+003	1.570479e+000
9.096206e+003	1.584687e+000
9.106196e+003	1.580816e+000
9.116197e+003	1.583925e+000
9.126207e+003	1.584888e+000
9.136198e+003	1.574397e+000
9.146199e+003	1.579479e+000
9.156209e+003	1.585013e+000
9.166209e+003	1.589198e+000
9.176220e+003	1.571988e+000
9.186221e+003	1.569051e+000
9.196231e+003	1.579806e+000
9.206241e+003	1.586798e+000
9.216241e+003	1.588313e+000
9.226251e+003	1.588131e+000
9.236261e+003	1.579324e+000
9.246261e+003	1.589043e+000
9.256274e+003	1.566434e+000
9.266274e+003	1.582751e+000
9.276284e+003	1.583407e+000
9.286274e+003	1.576843e+000
9.296294e+003	1.569773e+000
9.306324e+003	1.565245e+000
9.316334e+003	1.586770e+000
9.326334e+003	1.591066e+000
9.336344e+003	1.581239e+000
9.346354e+003	1.589406e+000
9.356354e+003	1.574901e+000
9.366345e+003	1.579682e+000
9.376356e+003	1.576425e+000
9.386356e+003	1.580797e+000
9.396366e+003	1.585680e+000
9.406376e+003	1.582476e+000
9.416376e+003	1.579731e+000
9.426387e+003	1.583712e+000
9.436396e+003	1.581485e+000
9.446396e+003	1.587153e+000
9.456406e+003	1.588901e+000
9.466406e+003	1.594609e+000
9.476417e+003	1.585404e+000
9.486426e+003	1.574738e+000
9.496427e+003	1.585397e+000
9.506437e+003	1.581404e+000
9.516440e+003	1.591900e+000
9.526450e+003	1.584591e+000
9.536460e+003	1.567253e+000
9.546460e+003	1.583384e+000
9.556470e+003	1.581784e+000
9.566481e+003	1.578066e+000
9.576462e+003	1.583824e+000
9.586472e+003	1.580944e+000
9.596463e+003	1.572799e+000
9.606483e+003	1.577577e+000
9.616541e+003	1.571699e+000
9.626514e+003	1.588470e+000
9.636523e+003	1.575347e+000
9.646533e+003	1.587382e+000
9.656514e+003	1.591125e+000
9.666526e+003	1.590020e+000
9.676546e+003	1.580981e+000
9.686604e+003	1.584628e+000
9.696576e+003	1.583642e+000
9.706586e+003	1.583144e+000
9.716578e+003	1.578216e+000
9.726578e+003	1.577329e+000
9.736588e+003	1.570825e+000
9.746598e+003	1.582457e+000
9.756599e+003	1.586114e+000
9.766610e+003	1.581566e+000
9.776611e+003	1.585510e+000
9.786673e+003	1.584851e+000
9.796643e+003	1.573916e+000
9.806705e+003	1.579304e+000
9.816674e+003	1.571385e+000
9.826704e+003	1.581286e+000
9.836740e+003	1.577556e+000
9.846715e+003	1.571134e+000
9.856725e+003	1.577019e+000
9.866725e+003	1.568196e+000
9.876736e+003	1.586344e+000
9.886737e+003	1.575319e+000
9.896747e+003	1.587699e+000
9.906757e+003	1.568323e+000
9.916758e+003	1.601079e+000
9.926769e+003	1.577815e+000
9.936778e+003	1.582737e+000
9.946760e+003	1.590748e+000
9.956791e+003	1.586093e+000
9.966792e+003	1.587040e+000
9.976802e+003	1.572498e+000
9.986822e+003	1.585054e+000
9.996833e+003	1.582180e+000
1.000685e+004	1.580228e+000
1.001686e+004	1.581904e+000
1.002687e+004	1.584844e+000
1.003686e+004	1.588715e+000
1.004686e+004	1.576934e+000
1.005686e+004	1.570403e+000
1.006686e+004	1.575342e+000
1.007686e+004	1.566786e+000
1.008687e+004	1.579867e+000
1.009689e+004	1.578464e+000
1.010689e+004	1.583068e+000
1.011690e+004	1.592863e+000
1.012690e+004	1.585650e+000
1.013691e+004	1.581697e+000
1.014692e+004	1.573437e+000
1.015691e+004	1.573525e+000
1.016691e+004	1.581545e+000
1.017692e+004	1.574278e+000
1.018693e+004	1.577924e+000
1.019693e+004	1.585054e+000
1.020694e+004	1.584921e+000
1.021695e+004	1.588281e+000
1.022697e+004	1.577411e+000
1.023697e+004	1.573897e+000
1.024702e+004	1.592776e+000
1.025702e+004	1.578993e+000
1.026703e+004	1.583936e+000
1.027704e+004	1.578244e+000
1.028704e+004	1.585977e+000
1.029703e+004	1.580184e+000
1.030704e+004	1.579624e+000
1.031704e+004	1.597850e+000
1.032705e+004	1.572253e+000
1.033706e+004	1.586897e+000
1.034706e+004	1.574652e+000
1.035707e+004	1.575656e+000
1.036707e+004	1.582461e+000
1.037708e+004	1.577918e+000
1.038710e+004	1.582801e+000
1.039712e+004	1.599060e+000
1.040713e+004	1.577866e+000
1.041713e+004	1.571097e+000
1.042715e+004	1.592531e+000
1.043720e+004	1.582958e+000
1.044717e+004	1.594888e+000
1.045717e+004	1.570523e+000
1.046718e+004	1.591292e+000
1.047718e+004	1.588257e+000
1.048719e+004	1.591684e+000
1.049721e+004	1.584491e+000
1.050726e+004	1.592227e+000
1.051724e+004	1.587454e+000
1.052725e+004	1.596505e+000
1.053726e+004	1.577216e+000
1.054726e+004	1.587358e+000
1.055727e+004	1.581114e+000
1.056728e+004	1.581108e+000
1.057728e+004	1.592882e+000
1.058729e+004	1.580091e+000
1.059731e+004	1.596680e+000
1.060732e+004	1.601958e+000
1.061737e+004	1.595834e+000
1.062732e+004	1.580285e+000
1.063733e+004	1.593929e+000
1.064734e+004	1.599399e+000
1.065734e+004	1.594887e+000
1.066735e+004	1.597684e+000
1.067736e+004	1.598252e+000
1.068736e+004	1.602308e+000
1.069737e+004	1.606257e+000
1.070738e+004	1.607758e+000
1.071738e+004	1.595127e+000
1.072739e+004	1.598638e+000
1.073739e+004	1.584664e+000
1.074744e+004	1.613652e+000
1.075743e+004	1.596017e+000
1.076743e+004	1.613471e+000
1.077744e+004	1.598677e+000
1.078745e+004	1.615700e+000
1.079745e+004	1.605545e+000
1.080746e+004	1.587821e+000
1.081746e+004	1.522868e+000
1.082747e+004	1.463567e+000
1.083748e+004	1.444503e+000
1.084748e+004	1.400435e+000
1.085753e+004	1.376396e+000
1.086751e+004	1.354172e+000
1.087752e+004	1.345198e+000
1.088753e+004	1.314105e+000
1.089753e+004	1.305631e+000
1.090754e+004	1.279586e+000
1.091754e+004	1.263431e+000
1.092755e+004	1.272653e+000
1.093754e+004	1.262876e+000
1.094756e+004	1.256121e+000
1.095757e+004	1.237868e+000
1.096758e+004	1.220635e+000
1.097758e+004	1.215334e+000
1.098759e+004	1.216512e+000
1.099760e+004	1.201833e+000
1.100763e+004	1.179459e+000
1.101763e+004	1.193594e+000
1.102764e+004	1.195691e+000
1.103763e+004	1.164762e+000
1.104765e+004	1.171802e+000
1.105766e+004	1.173135e+000
1.106767e+004	1.178374e+000
1.107765e+004	1.154912e+000
1.108766e+004	1.146772e+000
1.109767e+004	1.139917e+000
1.110767e+004	1.143718e+000
1.111768e+004	1.124223e+000
1.112769e+004	1.141686e+000
1.113767e+004	1.121020e+000
1.114771e+004	1.110511e+000
1.115770e+004	1.130273e+000
1.116771e+004	1.126598e+000
1.117772e+004	1.108572e+000
1.118771e+004	1.130752e+000
1.119771e+004	1.113827e+000
1.120770e+004	1.113431e+000
1.121771e+004	1.102270e+000
1.122770e+004	1.110708e+000
1.123771e+004	1.106833e+000
1.124772e+004	1.084897e+000
1.125772e+004	1.106699e+000
1.126773e+004	1.094839e+000
1.127777e+004	1.082114e+000
1.128774e+004	1.087473e+000
1.129775e+004	1.075575e+000
1.130775e+004	1.079324e+000
1.131775e+004	1.094644e+000
1.132775e+004	1.077758e+000
1.133776e+004	1.075699e+000
1.134776e+004	1.077367e+000
1.135777e+004	1.072009e+000
1.136779e+004	1.067599e+000
1.137780e+004	1.072398e+000
1.138781e+004	1.069398e+000
1.139780e+004	1.079729e+000
1.140780e+004	1.064414e+000
1.141779e+004	1.065447e+000
1.142781e+004	1.058598e+000
1.143782e+004	1.073696e+000
1.144783e+004	1.068787e+000
1.145783e+004	1.060561e+000
1.146782e+004	1.058963e+000
1.147784e+004	1.070560e+000
1.148785e+004	1.070778e+000
1.149786e+004	1.052002e+000
1.150787e+004	1.064108e+000
1.151788e+004	1.064830e+000
1.152788e+004	1.069589e+000
1.153789e+004	1.058502e+000
1.154791e+004	1.065795e+000
1.155792e+004	1.065910e+000
1.156793e+004	1.067730e+000
1.157791e+004	1.068612e+000
1.158792e+004	1.062704e+000
1.159791e+004	1.064524e+000
1.160792e+004	1.044676e+000
1.161792e+004	1.057395e+000
1.162793e+004	1.064683e+000
1.163794e+004	1.048103e+000
1.164794e+004	1.060541e+000
1.165793e+004	1.054973e+000
1.166795e+004	1.047701e+000
1.167799e+004	1.052568e+000
1.168797e+004	1.041344e+000
1.169796e+004	1.048059e+000
1.170796e+004	1.032698e+000
1.171795e+004	1.045047e+000
1.172796e+004	1.050863e+000
1.173797e+004	1.058724e+000
1.174799e+004	1.042363e+000
1.175800e+004	1.040975e+000
1.176801e+004	1.032221e+000
1.177801e+004	1.037072e+000
1.178802e+004	1.028938e+000
1.179803e+004	1.027203e+000
1.180803e+004	1.030219e+000
1.181804e+004	1.045700e+000
1.182805e+004	1.038906e+000
1.183805e+004	1.017721e+000
1.184806e+004	1.039519e+000
1.185807e+004	1.028946e+000
1.186807e+004	1.032806e+000
1.187806e+004	1.022855e+000
1.188807e+004	1.030064e+000
1.189807e+004	1.018468e+000
1.190808e+004	1.034560e+000
1.191808e+004	1.027650e+000
1.192809e+004	1.035518e+000
1.193810e+004	1.020313e+000
1.194809e+004	1.021093e+000
1.195809e+004	1.013790e+000
1.196810e+004	1.008959e+000
1.197811e+004	1.019241e+000
1.198811e+004	1.017329e+000
1.199812e+004	1.019861e+000
1.200812e+004	1.021192e+000
1.201815e+004	1.022461e+000
1.202816e+004	1.016929e+000
1.203817e+004	1.025143e+000
1.204817e+004	1.016077e+000
1.205816e+004	1.010840e+000
1.206817e+004	1.010758e+000
1.207817e+004	1.009832e+000
1.208818e+004	9.970883e-001
1.209819e+004	9.825816e-001
1.210817e+004	1.004590e+000
1.211818e+004	1.003054e+000
1.212819e+004	1.002488e+000
1.213817e+004	1.008312e+000
1.214818e+004	9.994686e-001
1.215819e+004	1.001164e+000
1.216819e+004	1.000482e+000
1.217825e+004	9.868974e-001
1.218822e+004	9.938992e-001
1.219822e+004	9.992883e-001
1.220821e+004	9.864783e-001
1.221823e+004	9.904191e-001
1.222824e+004	9.817958e-001
1.223826e+004	9.776036e-001
1.224829e+004	9.789655e-001
1.225829e+004	9.763626e-001
1.226830e+004	9.868503e-001
1.227831e+004	9.839947e-001
1.228831e+004	9.801132e-001
1.229832e+004	9.847832e-001
1.230831e+004	9.822108e-001
1.231832e+004	9.687266e-001
1.232832e+004	9.669083e-001
1.233831e+004	9.741317e-001
1.234832e+004	9.658267e-001
1.235832e+004	9.841985e-001
1.236833e+004	9.735809e-001
1.237834e+004	9.775864e-001
1.238834e+004	9.693615e-001
1.239835e+004	9.725584e-001
1.240836e+004	9.643943e-001
1.241835e+004	9.661569e-001
1.242835e+004	9.659334e-001
1.243836e+004	9.663343e-001
1.244837e+004	9.671599e-001
1.245839e+004	9.776891e-001
1.246840e+004	9.725497e-001
1.247840e+004	9.724826e-001
1.248839e+004	9.731737e-001
1.249844e+004	9.751764e-001
1.250844e+004	9.682179e-001
1.251844e+004	9.646531e-001
1.252845e+004	9.668464e-001
1.253844e+004	9.792395e-001
1.254845e+004	9.610742e-001
1.255845e+004	9.831320e-001
1.256846e+004	9.676468e-001
1.257846e+004	9.710612e-001
1.258852e+004	9.651327e-001
1.259850e+004	9.592590e-001
1.260850e+004	9.869057e-001
1.261851e+004	9.680558e-001
1.262851e+004	9.613573e-001
1.263852e+004	9.699516e-001
1.264853e+004	9.708225e-001
1.265853e+004	9.703105e-001
1.266855e+004	9.734695e-001
1.267855e+004	9.620442e-001
1.268854e+004	9.686598e-001
1.269855e+004	9.719635e-001
1.270856e+004	9.740544e-001
1.271854e+004	9.664995e-001
1.272855e+004	9.636108e-001
1.273856e+004	9.665852e-001
1.274856e+004	9.626127e-001
1.275857e+004	9.673327e-001
1.276856e+004	9.543772e-001
1.277857e+004	9.459480e-001
1.278857e+004	9.563313e-001
1.279858e+004	9.609146e-001
1.280860e+004	9.608400e-001
1.281861e+004	9.587917e-001
1.282861e+004	9.647019e-001
1.283862e+004	9.699780e-001
1.284861e+004	9.640369e-001
1.285862e+004	9.501386e-001
1.286862e+004	9.697585e-001
1.287865e+004	9.544133e-001
1.288866e+004	9.628402e-001
1.289867e+004	9.528088e-001
1.290867e+004	9.494466e-001
1.291868e+004	9.583917e-001
1.292868e+004	9.586308e-001
1.293869e+004	9.628722e-001
1.294870e+004	9.569822e-001
1.295870e+004	9.466959e-001
1.296871e+004	9.629299e-001
1.297871e+004	9.534538e-001
1.298872e+004	9.528862e-001
1.299873e+004	9.596056e-001
1.300873e+004	9.459529e-001
1.301874e+004	9.561072e-001
1.302875e+004	9.384768e-001
1.303875e+004	9.561280e-001
1.304876e+004	9.418988e-001
1.305877e+004	9.482356e-001
1.306875e+004	9.482876e-001
1.307876e+004	9.450511e-001
1.308877e+004	9.451419e-001
1.309877e+004	9.554842e-001
1.310878e+004	9.428727e-001
1.311879e+004	9.439580e-001
1.312879e+004	9.491042e-001
1.313880e+004	9.421174e-001
1.314881e+004	9.377051e-001
1.315880e+004	9.373231e-001
1.316880e+004	9.384733e-001
1.317882e+004	9.389248e-001
1.318881e+004	9.320287e-001
1.319883e+004	9.305769e-001
1.320884e+004	9.246840e-001
1.321884e+004	9.335599e-001
1.322885e+004	9.370428e-001
1.323886e+004	9.265352e-001
1.324884e+004	9.347028e-001
1.325885e+004	9.150444e-001
1.326886e+004	9.291369e-001
1.327886e+004	9.111287e-001
1.328885e+004	9.066330e-001
1.329886e+004	9.306360e-001
1.330886e+004	9.194342e-001
1.331887e+004	9.062063e-001
1.332888e+004	9.180187e-001
1.333886e+004	9.115149e-001
1.334887e+004	9.077832e-001
1.335888e+004	9.204288e-001
1.336888e+004	9.150239e-001
1.337889e+004	9.143060e-001
1.338890e+004	9.172751e-001
1.339890e+004	9.044594e-001
1.340896e+004	9.087991e-001
1.341894e+004	8.910992e-001
1.342899e+004	8.966902e-001
1.343897e+004	9.070669e-001
1.344897e+004	9.042325e-001
1.345898e+004	9.050158e-001
1.346898e+004	9.028760e-001
1.347904e+004	9.004661e-001
1.348901e+004	8.982412e-001
1.349902e+004	8.938926e-001
1.350903e+004	9.046650e-001
1.351903e+004	8.964846e-001
1.352905e+004	8.984853e-001
1.353905e+004	8.881045e-001
1.354906e+004	8.822897e-001
1.355907e+004	8.995474e-001
1.356907e+004	8.830159e-001
1.357908e+004	9.092063e-001
1.358907e+004	8.973232e-001
1.359909e+004	8.936874e-001
1.360910e+004	8.945130e-001
1.361911e+004	8.912264e-001
1.362911e+004	8.982453e-001
1.363912e+004	8.867930e-001
1.364913e+004	8.733891e-001
1.365912e+004	8.834390e-001
1.366912e+004	8.822906e-001
1.367911e+004	8.868597e-001
1.368913e+004	8.755077e-001
1.369914e+004	8.802421e-001
1.370915e+004	8.709727e-001
1.371913e+004	8.749712e-001
1.372914e+004	8.696934e-001
1.373915e+004	8.701129e-001
1.374915e+004	8.879601e-001
1.375916e+004	8.717643e-001
1.376917e+004	8.605173e-001
1.377916e+004	8.747602e-001
1.378916e+004	8.737019e-001
1.379919e+004	8.713523e-001
1.380918e+004	8.649445e-001
1.381918e+004	8.544087e-001
1.382919e+004	8.682884e-001
1.383920e+004	8.657960e-001
1.384920e+004	8.738384e-001
1.385919e+004	8.594980e-001
1.386920e+004	8.569560e-001
1.387919e+004	8.555157e-001
1.388921e+004	8.543694e-001
1.389925e+004	8.623179e-001
1.390922e+004	8.705689e-001
1.391923e+004	8.721949e-001
1.392922e+004	8.728233e-001
1.393923e+004	8.703420e-001
1.394924e+004	8.562432e-001
1.395924e+004	8.419680e-001
1.396926e+004	8.584601e-001
1.397928e+004	8.750860e-001
1.398928e+004	8.574520e-001
1.399929e+004	8.706924e-001
1.400930e+004	8.455245e-001
1.401930e+004	8.337934e-001
1.402931e+004	8.502379e-001
1.403931e+004	8.453254e-001
1.404934e+004	8.460197e-001
1.405934e+004	8.508279e-001
1.406937e+004	8.406219e-001
1.407937e+004	8.319455e-001
1.408940e+004	8.528507e-001
1.409940e+004	8.564380e-001
1.410941e+004	8.520107e-001
1.411947e+004	8.418874e-001
1.412944e+004	8.424977e-001
1.413945e+004	8.585964e-001
1.414945e+004	8.403367e-001
1.415946e+004	8.414312e-001
1.416947e+004	8.411179e-001
1.417947e+004	8.407124e-001
1.418948e+004	8.468017e-001
1.419949e+004	8.462372e-001
1.420949e+004	8.491122e-001
1.421950e+004	8.441324e-001
1.422951e+004	8.400166e-001
1.423953e+004	8.433584e-001
1.424954e+004	8.320188e-001
1.425954e+004	8.387865e-001
1.426953e+004	8.358522e-001
1.427954e+004	8.205692e-001
1.428952e+004	8.336026e-001
1.429954e+004	8.263249e-001
1.430955e+004	8.350292e-001
1.431954e+004	8.277941e-001
1.432954e+004	8.299134e-001
1.433955e+004	8.208486e-001
1.434955e+004	8.331267e-001
1.435956e+004	8.336528e-001
1.436956e+004	8.342689e-001
1.437957e+004	8.435908e-001
1.438958e+004	8.297574e-001
1.439958e+004	8.350113e-001
1.440965e+004	8.275294e-001
1.441961e+004	8.343787e-001
1.442962e+004	8.375247e-001
1.443962e+004	8.286276e-001
1.444963e+004	8.264256e-001
1.445964e+004	8.267961e-001
1.446964e+004	8.367945e-001
1.447967e+004	8.277678e-001
1.448968e+004	8.259241e-001
1.449969e+004	8.240561e-001
1.450969e+004	8.319063e-001
1.451974e+004	8.228561e-001
1.452971e+004	8.225515e-001
1.453971e+004	8.161169e-001
1.454974e+004	8.196668e-001
1.455975e+004	8.218654e-001
1.456975e+004	7.983038e-001
1.457976e+004	8.073469e-001
1.458974e+004	8.144854e-001
1.459980e+004	8.275294e-001
1.460978e+004	8.062487e-001
1.461978e+004	8.103535e-001
1.462979e+004	8.042323e-001
1.463980e+004	8.097353e-001
1.464980e+004	8.093747e-001
1.465981e+004	8.125150e-001
1.466982e+004	8.062537e-001
1.467987e+004	8.255479e-001
1.468985e+004	8.077895e-001
1.469985e+004	7.902405e-001
1.470986e+004	8.182836e-001
1.471986e+004	7.926084e-001
1.472987e+004	7.804408e-001
1.473988e+004	7.949690e-001
1.474988e+004	7.948734e-001
1.475989e+004	7.985224e-001
1.476988e+004	8.021058e-001
1.477988e+004	7.876826e-001
1.478990e+004	7.813083e-001
1.479992e+004	7.824249e-001
1.480993e+004	7.850248e-001
1.481995e+004	7.878954e-001
1.482996e+004	7.877244e-001
1.483998e+004	7.886506e-001
1.484999e+004	7.850378e-001
1.486001e+004	8.055122e-001
1.487002e+004	7.678031e-001
1.488003e+004	7.809907e-001
1.489002e+004	7.815419e-001
1.490002e+004	7.710285e-001
1.491003e+004	7.791080e-001
1.492003e+004	7.773058e-001
1.493004e+004	7.588612e-001
1.494004e+004	7.676506e-001
1.495005e+004	7.802211e-001
1.496009e+004	7.709716e-001
1.497008e+004	7.786218e-001
1.498011e+004	7.633240e-001
1.499012e+004	7.684887e-001
1.500014e+004	7.639256e-001
1.501015e+004	7.557386e-001
1.502016e+004	7.626664e-001
1.503015e+004	7.616826e-001
1.504015e+004	7.479955e-001
1.505016e+004	7.541161e-001
1.506015e+004	7.729043e-001
1.507015e+004	7.564484e-001
1.508016e+004	7.438475e-001
1.509016e+004	7.511295e-001
1.510017e+004	7.545879e-001
1.511018e+004	7.569127e-001
1.512018e+004	7.630863e-001
1.513019e+004	7.510301e-001
1.514020e+004	7.394800e-001
1.515019e+004	7.484466e-001
1.516019e+004	7.361483e-001
1.517020e+004	7.419078e-001
1.518021e+004	7.367893e-001
1.519021e+004	7.365956e-001
1.520022e+004	7.301753e-001
1.521022e+004	7.447497e-001
1.522023e+004	7.208832e-001
1.523024e+004	7.111900e-001
1.524022e+004	7.414021e-001
1.525025e+004	7.295888e-001
1.526026e+004	7.309576e-001
1.527026e+004	7.324733e-001
1.528027e+004	7.231365e-001
1.529028e+004	7.272211e-001
1.530029e+004	7.197270e-001
1.531030e+004	7.289772e-001
1.532030e+004	7.250787e-001
1.533031e+004	7.264796e-001
1.534030e+004	7.217148e-001
1.535030e+004	7.071889e-001
1.536031e+004	7.241026e-001
1.537029e+004	7.138940e-001
1.538030e+004	7.068965e-001
1.539031e+004	7.199938e-001
1.540031e+004	7.126610e-001
1.541032e+004	7.115045e-001
1.542033e+004	7.150043e-001
1.543033e+004	6.986418e-001
1.544039e+004	6.898676e-001
1.545036e+004	7.014993e-001
1.546039e+004	7.062070e-001
1.547040e+004	7.071340e-001
1.548040e+004	6.993060e-001
1.549041e+004	7.003067e-001
1.550042e+004	6.901670e-001
1.551044e+004	6.958639e-001
1.552045e+004	7.059583e-001
1.553045e+004	6.737210e-001
1.554046e+004	6.887895e-001
1.555046e+004	6.863566e-001
1.556047e+004	6.947451e-001
1.557048e+004	6.898422e-001
1.558048e+004	6.854025e-001
1.559049e+004	6.988930e-001
1.560050e+004	6.881878e-001
1.561050e+004	6.785106e-001
1.562051e+004	6.769326e-001
1.563050e+004	6.871458e-001
1.564051e+004	6.705454e-001
1.565051e+004	6.648637e-001
1.566052e+004	6.816573e-001
1.567053e+004	6.635693e-001
1.568053e+004	6.877923e-001
1.569055e+004	6.659433e-001
1.570055e+004	6.722792e-001
1.571056e+004	6.668668e-001
1.572057e+004	6.653128e-001
1.573056e+004	6.637436e-001
1.574056e+004	6.464301e-001
1.575057e+004	6.381740e-001
1.576056e+004	6.469641e-001
1.577056e+004	6.508031e-001
1.578057e+004	6.499819e-001
1.579058e+004	6.497108e-001
1.580058e+004	6.437026e-001
1.581059e+004	6.541717e-001
1.582057e+004	6.488252e-001
1.583058e+004	6.540582e-001
1.584059e+004	6.588750e-001
1.585060e+004	6.489187e-001
1.586062e+004	6.510987e-001
1.587067e+004	6.520120e-001
1.588065e+004	6.492102e-001
1.589066e+004	6.530479e-001
1.590067e+004	6.376079e-001
1.591067e+004	6.421518e-001
1.592068e+004	6.378289e-001
1.593069e+004	6.362246e-001
1.594069e+004	6.390550e-001
1.595070e+004	6.285465e-001
1.596071e+004	6.277789e-001
1.597070e+004	6.339724e-001
1.598070e+004	6.263901e-001
1.599071e+004	6.218323e-001
1.600072e+004	6.242195e-001
1.601072e+004	6.157450e-001
1.602073e+004	6.367848e-001
1.603074e+004	6.133503e-001
1.604074e+004	6.161567e-001
1.605073e+004	6.123376e-001
1.606074e+004	6.376923e-001
1.607074e+004	6.291614e-001
1.608075e+004	6.121844e-001
1.609074e+004	6.121179e-001
1.610072e+004	6.262660e-001
1.611073e+004	6.168568e-001
1.612073e+004	6.260880e-001
1.613075e+004	6.195914e-001
1.614074e+004	6.111786e-001
1.615076e+004	6.162224e-001
1.616077e+004	5.869872e-001
1.617078e+004	5.861266e-001
1.618078e+004	6.018643e-001
1.619079e+004	6.124751e-001
1.620080e+004	6.092160e-001
1.621080e+004	6.038785e-001
1.622081e+004	6.020866e-001
1.623081e+004	5.881329e-001
1.624082e+004	5.899701e-001
1.625083e+004	5.961313e-001
1.626083e+004	6.014000e-001
1.627086e+004	5.874088e-001
1.628087e+004	5.883132e-001
1.629087e+004	5.902393e-001
1.630088e+004	5.897089e-001
1.631088e+004	5.951618e-001
1.632094e+004	5.791211e-001
1.633092e+004	5.769511e-001
1.634094e+004	5.784850e-001
1.635094e+004	5.751186e-001
1.636098e+004	5.856517e-001
1.637094e+004	5.747278e-001
1.638094e+004	5.764881e-001
1.639095e+004	5.780565e-001
1.640097e+004	5.703701e-001
1.641100e+004	5.688704e-001
1.642100e+004	5.944420e-001
1.643103e+004	5.718834e-001
1.644103e+004	5.733885e-001
1.645103e+004	5.817765e-001
1.646104e+004	5.605406e-001
1.647104e+004	5.591127e-001
1.648105e+004	5.688068e-001
1.649106e+004	5.584643e-001
1.650106e+004	5.562068e-001
1.651107e+004	5.712378e-001
1.652108e+004	5.570336e-001
1.653108e+004	5.588186e-001
1.654124e+004	5.427030e-001
1.655120e+004	5.434374e-001
1.656126e+004	5.555779e-001
1.657122e+004	5.562227e-001
1.658127e+004	5.640450e-001
1.659125e+004	5.534565e-001
1.660124e+004	5.529132e-001
1.661126e+004	5.474559e-001
1.662127e+004	5.575592e-001
1.663127e+004	5.305686e-001
1.664128e+004	5.371235e-001
1.665129e+004	5.531831e-001
1.666129e+004	5.535336e-001
1.667130e+004	5.475893e-001
1.668131e+004	5.408590e-001
1.669130e+004	5.425003e-001
1.670130e+004	5.336500e-001
1.671131e+004	5.377274e-001
1.672132e+004	5.396363e-001
1.673132e+004	5.348003e-001
1.674133e+004	5.341067e-001
1.675134e+004	5.359606e-001
1.676134e+004	5.237531e-001
1.677135e+004	5.245329e-001
1.678136e+004	5.259999e-001
1.679136e+004	5.395943e-001
1.680135e+004	5.230488e-001
1.681137e+004	5.189594e-001
1.682142e+004	5.203309e-001
1.683140e+004	5.278594e-001
1.684141e+004	5.256326e-001
1.685142e+004	5.140107e-001
1.686142e+004	5.170183e-001
1.687143e+004	5.224471e-001
1.688144e+004	5.157524e-001
1.689142e+004	5.213782e-001
1.690143e+004	5.089050e-001
1.691144e+004	5.230205e-001
1.692144e+004	5.255535e-001
1.693145e+004	5.148229e-001
1.694146e+004	5.155734e-001
1.695146e+004	5.102884e-001
1.696147e+004	5.235400e-001
1.697148e+004	5.124513e-001
1.698148e+004	5.042455e-001
1.699147e+004	5.165081e-001
1.700149e+004	5.095235e-001
1.701151e+004	5.068332e-001
1.702151e+004	5.087984e-001
1.703150e+004	4.954519e-001
1.704151e+004	5.024247e-001
1.705153e+004	5.099993e-001
1.706154e+004	5.075705e-001
1.707155e+004	4.970153e-001
1.708155e+004	5.029927e-001
1.709156e+004	4.888257e-001
1.710157e+004	4.978385e-001
1.711156e+004	5.044316e-001
1.712156e+004	4.846667e-001
1.713157e+004	5.016808e-001
1.714157e+004	5.016098e-001
1.715158e+004	5.024671e-001
1.716157e+004	4.793526e-001
1.717158e+004	4.953103e-001
1.718158e+004	4.922018e-001
1.719159e+004	4.894648e-001
1.720159e+004	4.855912e-001
1.721160e+004	4.854061e-001
1.722161e+004	4.867827e-001
1.723161e+004	4.806982e-001
1.724162e+004	4.811064e-001
1.725163e+004	4.981943e-001
1.726163e+004	4.908762e-001
1.727162e+004	4.834737e-001
1.728163e+004	4.745731e-001
1.729163e+004	4.796339e-001
1.730165e+004	4.757750e-001
1.731165e+004	4.781628e-001
1.732165e+004	4.843173e-001
1.733167e+004	4.708899e-001
1.734167e+004	4.727688e-001
1.735170e+004	4.640390e-001
1.736171e+004	4.795500e-001
1.737173e+004	4.905721e-001
1.738174e+004	4.862687e-001
1.739179e+004	4.704628e-001
1.740177e+004	4.650974e-001
1.741177e+004	4.799081e-001
1.742180e+004	4.719932e-001
1.743178e+004	4.699962e-001
1.744183e+004	4.632077e-001
1.745181e+004	4.764020e-001
1.746182e+004	4.762452e-001
1.747183e+004	4.741310e-001
1.748183e+004	4.613850e-001
1.749185e+004	4.663776e-001
1.750187e+004	4.721343e-001
1.751187e+004	4.450037e-001
1.752188e+004	4.693223e-001
1.753189e+004	4.567873e-001
1.754188e+004	4.525515e-001
1.755188e+004	4.631155e-001
1.756187e+004	4.633607e-001
1.757188e+004	4.571254e-001
1.758187e+004	4.577162e-001
1.759187e+004	4.595024e-001
1.760188e+004	4.471991e-001
1.761189e+004	4.513204e-001
1.762189e+004	4.510694e-001
1.763188e+004	4.489283e-001
1.764189e+004	4.421623e-001
1.765189e+004	4.399392e-001
1.766190e+004	4.502394e-001
1.767191e+004	4.461563e-001
1.768191e+004	4.492147e-001
1.769192e+004	4.351938e-001
1.770192e+004	4.506431e-001
1.771195e+004	4.474752e-001
1.772196e+004	4.420653e-001
1.773196e+004	4.343093e-001
1.774197e+004	4.475523e-001
1.775197e+004	4.458682e-001
1.776198e+004	4.413418e-001
1.777199e+004	4.542281e-001
1.778199e+004	4.376156e-001
1.779202e+004	3.175047e-001
1.780202e+004	3.622386e-001
1.781203e+004	3.450862e-001
1.782204e+004	3.733228e-001
1.783207e+004	3.833240e-001
1.784206e+004	3.846206e-001
1.785206e+004	3.726984e-001
1.786207e+004	3.737423e-001
1.787208e+004	3.889263e-001
1.788206e+004	3.875012e-001
1.789209e+004	3.864418e-001
1.790209e+004	3.827603e-001
1.791210e+004	3.816600e-001
1.792211e+004	3.865917e-001
1.793211e+004	3.804515e-001
1.794212e+004	3.800244e-001
1.795213e+004	3.894140e-001
1.796213e+004	3.794811e-001
1.797214e+004	3.808072e-001
1.798213e+004	3.761535e-001
1.799214e+004	3.890329e-001
1.800214e+004	3.835288e-001
1.801215e+004	3.922983e-001
1.802216e+004	3.711235e-001
1.803216e+004	3.711590e-001
1.804217e+004	3.706932e-001
1.805218e+004	3.792406e-001
1.806218e+004	3.907403e-001
1.807217e+004	3.780809e-001
1.808218e+004	3.752114e-001
1.809217e+004	3.856417e-001
1.810217e+004	3.723606e-001
1.811218e+004	3.628832e-001
1.812219e+004	3.635256e-001
1.813219e+004	3.790828e-001
1.814220e+004	3.670404e-001
1.815220e+004	3.747347e-001
1.816221e+004	3.847530e-001
1.817222e+004	3.628008e-001
1.818224e+004	3.679027e-001
1.819224e+004	3.817970e-001
1.820224e+004	3.763749e-001
1.821225e+004	3.683864e-001
1.822226e+004	3.592708e-001
1.823226e+004	3.759238e-001
1.824227e+004	3.635017e-001
1.825227e+004	3.603655e-001
1.826230e+004	3.525064e-001
1.827230e+004	3.648743e-001
1.828231e+004	3.595237e-001
1.829232e+004	3.653518e-001
1.830231e+004	3.558977e-001
1.831231e+004	3.603208e-001
1.832230e+004	3.638497e-001
1.833230e+004	3.642064e-001
1.834231e+004	3.512779e-001
1.835232e+004	3.582090e-001
1.836232e+004	3.577751e-001
1.837233e+004	3.674322e-001
1.838233e+004	3.578756e-001
1.839235e+004	3.614069e-001
1.840236e+004	3.639854e-001
1.841236e+004	3.557586e-001
1.842237e+004	3.525256e-001
1.843238e+004	3.553055e-001
1.844237e+004	3.454214e-001
1.845237e+004	3.498069e-001
1.846238e+004	3.479169e-001
1.847239e+004	3.570433e-001
1.848239e+004	3.466231e-001
1.849240e+004	3.491202e-001
1.850239e+004	3.487228e-001
1.851239e+004	3.578765e-001
1.852240e+004	3.367426e-001
1.853240e+004	3.448141e-001
1.854246e+004	3.543294e-001
1.855243e+004	3.553306e-001
1.856244e+004	3.417890e-001
1.857245e+004	3.497713e-001
1.858244e+004	3.554280e-001
1.859244e+004	3.565996e-001
1.860245e+004	3.406356e-001
1.861245e+004	3.440828e-001
1.862248e+004	3.437373e-001
1.863249e+004	3.280604e-001
1.864249e+004	3.412190e-001
1.865250e+004	3.435262e-001
1.866251e+004	3.242544e-001
1.867251e+004	3.415936e-001
1.868252e+004	3.292167e-001
1.869252e+004	3.307374e-001
1.870253e+004	3.335468e-001
1.871254e+004	3.263724e-001
1.872254e+004	3.292579e-001
1.873256e+004	3.235674e-001
1.874258e+004	3.194579e-001
1.875259e+004	3.190327e-001
1.876259e+004	3.243067e-001
1.877262e+004	3.248534e-001
1.878262e+004	3.364787e-001
1.879265e+004	3.188130e-001
1.880265e+004	3.158023e-001
1.881266e+004	3.136979e-001
1.882267e+004	3.232402e-001
1.883267e+004	3.112283e-001
1.884268e+004	3.202637e-001
1.885270e+004	3.099357e-001
1.886271e+004	3.084885e-001
1.887272e+004	3.177543e-001
1.888270e+004	3.176554e-001
1.889271e+004	3.242921e-001
1.890272e+004	3.129811e-001
1.891272e+004	3.314906e-001
1.892273e+004	3.263473e-001
1.893272e+004	3.230355e-001
1.894274e+004	3.070006e-001
1.895280e+004	3.088223e-001
1.896278e+004	3.109193e-001
1.897278e+004	3.071347e-001
1.898279e+004	3.216425e-001
1.899279e+004	3.191565e-001
1.900280e+004	3.174570e-001
1.901285e+004	3.170262e-001
1.902285e+004	3.102378e-001
1.903285e+004	3.074097e-001
1.904286e+004	3.176242e-001
1.905287e+004	3.116948e-001
1.906287e+004	3.041717e-001
1.907288e+004	3.063477e-001
1.908289e+004	3.076866e-001
1.909289e+004	3.022120e-001
1.910291e+004	2.935059e-001
1.911293e+004	2.966707e-001
1.912294e+004	3.051437e-001
1.913296e+004	3.046825e-001
1.914297e+004	2.978286e-001
1.915297e+004	3.100827e-001
1.916298e+004	2.930231e-001
1.917299e+004	3.089179e-001
1.918299e+004	3.099286e-001
1.919300e+004	3.082375e-001
1.920304e+004	3.103242e-001
1.921303e+004	2.892608e-001
1.922304e+004	3.039923e-001
1.923303e+004	2.931968e-001
1.924303e+004	2.996655e-001
1.925302e+004	2.996330e-001
1.926303e+004	3.015065e-001
1.927302e+004	2.847850e-001
1.928302e+004	2.924270e-001
1.929303e+004	3.016546e-001
1.930303e+004	2.843880e-001
1.931304e+004	2.915330e-001
1.932305e+004	2.974598e-001
1.933304e+004	2.948166e-001
1.934304e+004	2.851990e-001
1.935305e+004	3.003360e-001
1.936305e+004	2.891783e-001
1.937306e+004	2.969696e-001
1.938307e+004	2.808512e-001
1.939307e+004	2.855663e-001
1.940310e+004	2.749181e-001
1.941312e+004	2.949264e-001
1.942311e+004	2.906821e-001
1.943312e+004	2.923395e-001
1.944313e+004	2.731258e-001
1.945313e+004	2.785730e-001
1.946313e+004	2.680243e-001
1.947315e+004	2.779492e-001
1.948319e+004	2.754774e-001
1.949318e+004	2.902614e-001
1.950319e+004	2.906277e-001
1.951321e+004	2.879194e-001
1.952322e+004	2.739780e-001
1.953324e+004	2.902397e-001
1.954325e+004	2.766845e-001
1.955327e+004	2.749305e-001
1.956328e+004	2.679731e-001
1.957333e+004	2.654129e-001
1.958329e+004	2.786335e-001
1.959330e+004	2.859511e-001
1.960331e+004	2.983457e-001
1.961329e+004	2.688782e-001
1.962330e+004	2.766950e-001
1.963330e+004	2.772690e-001
1.964333e+004	2.781187e-001
1.965333e+004	2.847526e-001
1.966335e+004	2.731098e-001
1.967336e+004	2.761522e-001
1.968336e+004	2.722707e-001
1.969337e+004	2.676809e-001
1.970339e+004	2.704392e-001
1.971340e+004	2.674787e-001
1.972341e+004	2.694346e-001
1.973339e+004	2.619902e-001
1.974340e+004	2.667023e-001
1.975340e+004	2.563527e-001
1.976341e+004	2.643628e-001
1.977342e+004	2.614053e-001
1.978342e+004	2.474476e-001
1.979346e+004	2.597934e-001
1.980342e+004	2.691803e-001
1.981344e+004	2.613374e-001
1.982345e+004	2.519208e-001
1.983346e+004	2.571421e-001
1.984346e+004	2.569921e-001
1.985347e+004	2.624759e-001
1.986348e+004	2.582097e-001
1.987347e+004	2.333379e-001
1.988347e+004	2.629237e-001
1.989351e+004	2.445869e-001
1.990349e+004	2.771837e-001
1.991349e+004	2.578228e-001
1.992350e+004	2.563049e-001
1.993351e+004	2.639934e-001
1.994351e+004	2.571423e-001
1.995352e+004	2.518654e-001
1.996353e+004	2.360192e-001
1.997353e+004	2.434914e-001
1.998354e+004	2.672625e-001
1.999354e+004	2.443715e-001
2.000356e+004	2.648656e-001
2.001356e+004	2.459099e-001
2.002356e+004	2.437830e-001
2.003358e+004	2.620756e-001
2.004358e+004	2.479783e-001
2.005358e+004	2.434684e-001
2.006359e+004	2.550076e-001
2.007360e+004	2.415136e-001
2.008365e+004	2.534083e-001
2.009363e+004	2.526555e-001
2.010364e+004	2.329853e-001
2.011365e+004	2.458285e-001
2.012365e+004	2.510541e-001
2.013366e+004	2.315722e-001
2.014367e+004	2.526679e-001
2.015367e+004	2.452738e-001
2.016368e+004	2.441216e-001
2.017369e+004	2.440386e-001
2.018367e+004	2.517754e-001
2.019368e+004	2.501027e-001
2.020369e+004	2.447135e-001
2.021369e+004	2.386391e-001
2.022370e+004	2.522077e-001
2.023370e+004	2.419368e-001
2.024371e+004	2.476873e-001
2.025372e+004	2.548171e-001
2.026372e+004	2.474675e-001
2.027373e+004	2.531291e-001
2.028374e+004	2.457400e-001
2.029373e+004	2.528144e-001
2.030373e+004	2.473713e-001
2.031374e+004	2.537268e-001
2.032374e+004	2.453668e-001
2.033375e+004	2.477696e-001
2.034376e+004	2.515443e-001
2.035376e+004	2.550745e-001
2.036379e+004	2.895862e-001
2.037380e+004	3.046719e-001
2.038380e+004	3.355389e-001
2.039381e+004	3.494121e-001
2.040382e+004	3.638520e-001
2.041382e+004	3.996339e-001
2.042381e+004	4.089670e-001
2.043383e+004	4.235949e-001
2.044388e+004	4.492151e-001
2.045386e+004	4.654592e-001
2.046387e+004	4.779020e-001
2.047388e+004	4.883444e-001
2.048388e+004	5.028180e-001
2.049389e+004	5.134544e-001
2.050392e+004	5.321350e-001
2.051393e+004	5.613752e-001
2.052393e+004	5.553788e-001
2.053396e+004	5.743147e-001
2.054396e+004	5.928636e-001
2.055397e+004	6.023146e-001
2.056398e+004	6.021030e-001
2.057398e+004	6.150680e-001
2.058399e+004	6.306655e-001
2.059400e+004	6.330944e-001
2.060400e+004	6.548171e-001
2.061405e+004	6.650110e-001
2.062403e+004	6.791909e-001
2.063404e+004	6.898586e-001
2.064405e+004	7.005483e-001
2.065404e+004	7.088500e-001
2.066404e+004	7.219340e-001
2.067405e+004	7.240241e-001
2.068406e+004	7.276679e-001
2.069406e+004	7.464909e-001
2.070407e+004	7.617080e-001
2.071407e+004	7.635158e-001
2.072413e+004	7.693067e-001
2.073410e+004	7.808374e-001
2.074413e+004	7.882769e-001
2.075413e+004	8.004301e-001
2.076413e+004	7.984144e-001
2.077413e+004	8.148757e-001
2.078414e+004	8.411333e-001
2.079415e+004	8.205604e-001
2.080415e+004	8.370590e-001
2.081418e+004	8.380848e-001
2.082417e+004	8.507206e-001
2.083417e+004	8.600132e-001
2.084418e+004	8.757234e-001
2.085418e+004	8.694673e-001
2.086419e+004	8.965600e-001
2.087420e+004	8.896046e-001
2.088420e+004	9.028595e-001
2.089421e+004	9.081084e-001
2.090422e+004	9.209872e-001
2.091422e+004	9.258674e-001
2.092423e+004	9.310225e-001
2.093423e+004	9.419882e-001
2.094425e+004	9.628205e-001
2.095426e+004	9.431846e-001
2.096424e+004	9.492292e-001
2.097425e+004	9.638710e-001
2.098426e+004	9.665471e-001
2.099426e+004	9.706388e-001
2.100432e+004	9.826209e-001
2.101430e+004	1.004538e+000
2.102430e+004	1.003580e+000
2.103431e+004	1.003868e+000
2.104431e+004	1.023745e+000
2.105434e+004	1.029534e+000
2.106435e+004	1.036761e+000
2.107435e+004	1.041366e+000
2.108434e+004	1.051022e+000
2.109436e+004	1.039602e+000
2.110439e+004	1.055571e+000
2.111439e+004	1.065587e+000
2.112440e+004	1.055684e+000
2.113442e+004	1.074337e+000
2.114443e+004	1.095271e+000
2.115445e+004	1.081184e+000
2.116446e+004	1.097297e+000
2.117448e+004	1.096115e+000
2.118449e+004	1.101235e+000
2.119450e+004	1.112107e+000
2.120448e+004	1.124592e+000
2.121449e+004	1.126260e+000
2.122450e+004	1.129480e+000
2.123450e+004	1.134209e+000
2.124451e+004	1.141451e+000
2.125453e+004	1.160035e+000
2.126451e+004	1.149672e+000
2.127452e+004	1.163699e+000
2.128453e+004	1.158366e+000
2.129453e+004	1.175817e+000
2.130454e+004	1.175715e+000
2.131455e+004	1.175376e+000
2.132454e+004	1.198291e+000
2.133454e+004	1.173021e+000
2.134455e+004	1.197043e+000
2.135456e+004	1.199633e+000
2.136458e+004	1.205531e+000
2.137458e+004	1.199226e+000
2.138461e+004	1.210269e+000
2.139462e+004	1.229462e+000
2.140462e+004	1.220466e+000
2.141463e+004	1.231192e+000
2.142463e+004	1.243856e+000
2.143468e+004	1.230512e+000
2.144466e+004	1.237357e+000
2.145467e+004	1.269554e+000
2.146468e+004	1.255204e+000
2.147470e+004	1.261409e+000
2.148471e+004	1.269239e+000
2.149473e+004	1.271215e+000
2.150474e+004	1.290966e+000
2.151474e+004	1.280691e+000
2.152475e+004	1.291058e+000
2.153476e+004	1.273479e+000
2.154477e+004	1.294790e+000
2.155478e+004	1.307578e+000
2.156483e+004	1.303532e+000
2.157481e+004	1.291830e+000
2.158481e+004	1.310741e+000
2.159482e+004	1.309439e+000
2.160482e+004	1.322485e+000
2.161483e+004	1.335944e+000
2.162484e+004	1.320694e+000
2.163484e+004	1.344252e+000
2.164483e+004	1.326529e+000
2.165485e+004	1.337007e+000
2.166487e+004	1.339057e+000
2.167488e+004	1.340067e+000
2.168488e+004	1.349124e+000
2.169488e+004	1.353158e+000
2.170490e+004	1.348528e+000
2.171490e+004	1.359440e+000
2.172491e+004	1.362306e+000
2.173491e+004	1.369744e+000
2.174492e+004	1.374317e+000
2.175493e+004	1.377548e+000
2.176495e+004	1.360344e+000
2.177495e+004	1.381678e+000
2.178501e+004	1.389654e+000
2.179499e+004	1.398981e+000
2.180504e+004	1.390238e+000
2.181501e+004	1.392691e+000
2.182502e+004	1.405636e+000
2.183503e+004	1.399983e+000
2.184503e+004	1.402305e+000
2.185504e+004	1.397081e+000
2.186503e+004	1.410301e+000
2.187503e+004	1.421213e+000
2.188504e+004	1.410233e+000
2.189505e+004	1.428873e+000
2.190505e+004	1.433132e+000
2.191506e+004	1.421351e+000
2.192511e+004	1.427459e+000
2.193509e+004	1.425456e+000
2.194510e+004	1.435746e+000
2.195510e+004	1.436502e+000
2.196511e+004	1.441044e+000
2.197513e+004	1.440000e+000
2.198515e+004	1.436044e+000
2.199515e+004	1.441799e+000
2.200516e+004	1.429218e+000
2.201517e+004	1.427612e+000
2.202517e+004	1.440553e+000
2.203518e+004	1.438817e+000
2.204517e+004	1.437216e+000
2.205517e+004	1.441468e+000
2.206518e+004	1.446402e+000
2.207520e+004	1.441566e+000
2.208521e+004	1.449761e+000
2.209522e+004	1.446685e+000
2.210521e+004	1.435760e+000
2.211521e+004	1.443788e+000
2.212522e+004	1.448093e+000
2.213523e+004	1.439838e+000
2.214523e+004	1.445168e+000
2.215524e+004	1.447825e+000
2.216528e+004	1.443290e+000
2.217525e+004	1.434568e+000
2.218526e+004	1.455647e+000
2.219527e+004	1.430316e+000
2.220527e+004	1.440253e+000
2.221528e+004	1.441790e+000
2.222529e+004	1.454321e+000
2.223529e+004	1.434589e+000
2.224530e+004	1.429749e+000
2.225530e+004	1.443520e+000
2.226534e+004	1.428309e+000
2.227530e+004	1.427355e+000
2.228531e+004	1.439935e+000
2.229532e+004	1.428255e+000
2.230533e+004	1.437059e+000
2.231535e+004	1.442075e+000
2.232536e+004	1.428553e+000
2.233536e+004	1.434761e+000
2.234537e+004	1.425362e+000
2.235538e+004	1.438161e+000
2.236540e+004	1.449568e+000
2.237541e+004	1.447205e+000
2.238541e+004	1.432808e+000
2.239542e+004	1.434079e+000
2.240542e+004	1.435712e+000
2.241545e+004	1.448436e+000
2.242545e+004	1.432165e+000
2.243550e+004	1.445883e+000
2.244548e+004	1.423310e+000
2.245549e+004	1.450030e+000
2.246550e+004	1.432826e+000
2.247550e+004	1.448541e+000
2.248551e+004	1.446726e+000
2.249553e+004	1.442227e+000
2.250554e+004	1.442630e+000
2.251555e+004	1.450587e+000
2.252553e+004	1.444593e+000
2.253554e+004	1.447230e+000
2.254555e+004	1.441247e+000
2.255555e+004	1.454896e+000
2.256558e+004	1.449702e+000
2.257558e+004	1.452143e+000
2.258561e+004	1.444506e+000
2.259562e+004	1.442847e+000
2.260562e+004	1.445392e+000
2.261563e+004	1.447110e+000
2.262564e+004	1.440413e+000
2.263567e+004	1.451835e+000
2.264567e+004	1.441595e+000
2.265567e+004	1.451160e+000
2.266569e+004	1.438140e+000
2.267569e+004	1.442517e+000
2.268575e+004	1.443097e+000
2.269572e+004	1.436960e+000
2.270575e+004	1.430035e+000
2.271575e+004	1.439769e+000
2.272576e+004	1.436081e+000
2.273577e+004	1.419755e+000
2.274577e+004	1.432065e+000
2.275578e+004	1.422184e+000
2.276579e+004	1.441771e+000
2.277577e+004	1.425164e+000
2.278578e+004	1.440234e+000
2.279582e+004	1.425480e+000
2.280579e+004	1.447731e+000
2.281580e+004	1.416126e+000
2.282581e+004	1.433845e+000
2.283581e+004	1.430239e+000
2.284582e+004	1.433100e+000
2.285583e+004	1.438913e+000
2.286583e+004	1.440788e+000
2.287584e+004	1.435463e+000
2.288584e+004	1.437231e+000
2.289591e+004	1.438381e+000
2.290587e+004	1.452586e+000
2.291587e+004	1.430274e+000
2.292588e+004	1.441884e+000
2.293586e+004	1.439042e+000
2.294587e+004	1.432273e+000
2.295588e+004	1.451024e+000
2.296588e+004	1.454791e+000
2.297589e+004	1.437088e+000
2.298589e+004	1.455652e+000
2.299592e+004	1.449351e+000
2.300592e+004	1.441202e+000
2.301593e+004	1.449170e+000
