0.000000e+000	1.923814e+000
9.995000e+000	1.916272e+000
2.002500e+001	1.902825e+000
3.003500e+001	1.934676e+000
4.003500e+001	1.927540e+000
5.004600e+001	1.925101e+000
6.005600e+001	1.919417e+000
7.005600e+001	1.919251e+000
8.006600e+001	1.908232e+000
9.007600e+001	1.925859e+000
1.000760e+002	1.922318e+000
1.100670e+002	1.929120e+000
1.200870e+002	1.903602e+000
1.301170e+002	1.897871e+000
1.401170e+002	1.904178e+000
1.501270e+002	1.919805e+000
1.601180e+002	1.906274e+000
1.701370e+002	1.899367e+000
1.801470e+002	1.918223e+000
1.901490e+002	1.912945e+000
2.002090e+002	1.913021e+000
2.101800e+002	1.903268e+000
2.201900e+002	1.904797e+000
2.302000e+002	1.920175e+000
2.402000e+002	1.898317e+000
2.502110e+002	1.894768e+000
2.602220e+002	1.910877e+000
2.702220e+002	1.904962e+000
2.802310e+002	1.904676e+000
2.902410e+002	1.907519e+000
3.002310e+002	1.915108e+000
3.102310e+002	1.896048e+000
3.202410e+002	1.889250e+000
3.302510e+002	1.910826e+000
3.402520e+002	1.896321e+000
3.502620e+002	1.902511e+000
3.602620e+002	1.890058e+000
3.702920e+002	1.898668e+000
3.802930e+002	1.900193e+000
3.903230e+002	1.904178e+000
4.003330e+002	1.893767e+000
4.103540e+002	1.892728e+000
4.203540e+002	1.871079e+000
4.303640e+002	1.871300e+000
4.403740e+002	1.891619e+000
4.503740e+002	1.896797e+000
4.603840e+002	1.898855e+000
4.703750e+002	1.885792e+000
4.803960e+002	1.887705e+000
4.904070e+002	1.901196e+000
5.004270e+002	1.900594e+000
5.104370e+002	1.881048e+000
5.204580e+002	1.896870e+000
5.304680e+002	1.901150e+000
5.404890e+002	1.898074e+000
5.504990e+002	1.879876e+000
5.605100e+002	1.877640e+000
5.705100e+002	1.883701e+000
5.805200e+002	1.888068e+000
5.905210e+002	1.883230e+000
6.005300e+002	1.875811e+000
6.105400e+002	1.871623e+000
6.205400e+002	1.875678e+000
6.305700e+002	1.871926e+000
6.405790e+002	1.882191e+000
6.506010e+002	1.862582e+000
6.606020e+002	1.890270e+000
6.706320e+002	1.868293e+000
6.806420e+002	1.887430e+000
6.906450e+002	1.880228e+000
7.006550e+002	1.870465e+000
7.106760e+002	1.891767e+000
7.206770e+002	1.863154e+000
7.307070e+002	1.865820e+000
7.407080e+002	1.874767e+000
7.507610e+002	1.879099e+000
7.607490e+002	1.862148e+000
7.707480e+002	1.893703e+000
7.807580e+002	1.896367e+000
7.907580e+002	1.888852e+000
8.007680e+002	1.873023e+000
8.107780e+002	1.880155e+000
8.207790e+002	1.881940e+000
8.307890e+002	1.856349e+000
8.408370e+002	1.873284e+000
8.508200e+002	1.871543e+000
8.608410e+002	1.870252e+000
8.708510e+002	1.862503e+000
8.808720e+002	1.873415e+000
8.909040e+002	1.870310e+000
9.008860e+002	1.859503e+000
9.108960e+002	1.859861e+000
9.209060e+002	1.863462e+000
9.308870e+002	1.886553e+000
9.408980e+002	1.858044e+000
9.509080e+002	1.867239e+000
9.609080e+002	1.885640e+000
9.709180e+002	1.875043e+000
9.809280e+002	1.873847e+000
9.909080e+002	1.872194e+000
1.000919e+003	1.864647e+000
1.010929e+003	1.880356e+000
1.020928e+003	1.867085e+000
1.030938e+003	1.898930e+000
1.040930e+003	1.867956e+000
1.050930e+003	1.873038e+000
1.060940e+003	1.866557e+000
1.070931e+003	1.871127e+000
1.080951e+003	1.861566e+000
1.090963e+003	1.884438e+000
1.100963e+003	1.870411e+000
1.110995e+003	1.879655e+000
1.120994e+003	1.877988e+000
1.131004e+003	1.875371e+000
1.141014e+003	1.869579e+000
1.151014e+003	1.869486e+000
1.161024e+003	1.872187e+000
1.171014e+003	1.861844e+000
1.181034e+003	1.861813e+000
1.191044e+003	1.860219e+000
1.201054e+003	1.848925e+000
1.211055e+003	1.859551e+000
1.221065e+003	1.875892e+000
1.231075e+003	1.843760e+000
1.241065e+003	1.860846e+000
1.251065e+003	1.855478e+000
1.261075e+003	1.862042e+000
1.271085e+003	1.843523e+000
1.281085e+003	1.854167e+000
1.291095e+003	1.856538e+000
1.301106e+003	1.858099e+000
1.311108e+003	1.858540e+000
1.321118e+003	1.850216e+000
1.331108e+003	1.851502e+000
1.341108e+003	1.853533e+000
1.351118e+003	1.857039e+000
1.361119e+003	1.852988e+000
1.371149e+003	1.854689e+000
1.381159e+003	1.853607e+000
1.391180e+003	1.842590e+000
1.401181e+003	1.844991e+000
1.411241e+003	1.856112e+000
1.421211e+003	1.841119e+000
1.431221e+003	1.858369e+000
1.441230e+003	1.842089e+000
1.451230e+003	1.851147e+000
1.461290e+003	1.839819e+000
1.471261e+003	1.859749e+000
1.481271e+003	1.856363e+000
1.491281e+003	1.850201e+000
1.501282e+003	1.867185e+000
1.511292e+003	1.861536e+000
1.521313e+003	1.841052e+000
1.531323e+003	1.863952e+000
1.541378e+003	1.849692e+000
1.551354e+003	1.851198e+000
1.561365e+003	1.861803e+000
1.571366e+003	1.853177e+000
1.581376e+003	1.844468e+000
1.591376e+003	1.842378e+000
1.601386e+003	1.843212e+000
1.611396e+003	1.847679e+000
1.621396e+003	1.853340e+000
1.631408e+003	1.844865e+000
1.641418e+003	1.842988e+000
1.651418e+003	1.854752e+000
1.661409e+003	1.837862e+000
1.671420e+003	1.846681e+000
1.681421e+003	1.847344e+000
1.691431e+003	1.859791e+000
1.701431e+003	1.852038e+000
1.711441e+003	1.843114e+000
1.721432e+003	1.855672e+000
1.731442e+003	1.829381e+000
1.741432e+003	1.850260e+000
1.751432e+003	1.838349e+000
1.761442e+003	1.840983e+000
1.771452e+003	1.841910e+000
1.781473e+003	1.847291e+000
1.791483e+003	1.847605e+000
1.801483e+003	1.850308e+000
1.811493e+003	1.852042e+000
1.821485e+003	1.843073e+000
1.831485e+003	1.864934e+000
1.841494e+003	1.846765e+000
1.851504e+003	1.844644e+000
1.861504e+003	1.846286e+000
1.871495e+003	1.859757e+000
1.881505e+003	1.855345e+000
1.891495e+003	1.841141e+000
1.901496e+003	1.838654e+000
1.911505e+003	1.849110e+000
1.921515e+003	1.839442e+000
1.931516e+003	1.829701e+000
1.941506e+003	1.841122e+000
1.951516e+003	1.856400e+000
1.961506e+003	1.846747e+000
1.971506e+003	1.854511e+000
1.981516e+003	1.841114e+000
1.991517e+003	1.841138e+000
2.001528e+003	1.856022e+000
2.011538e+003	1.847331e+000
2.021528e+003	1.846018e+000
2.031528e+003	1.855319e+000
2.041539e+003	1.833787e+000
2.051530e+003	1.849114e+000
2.061531e+003	1.844726e+000
2.071541e+003	1.850738e+000
2.081541e+003	1.831215e+000
2.091571e+003	1.833876e+000
2.101572e+003	1.835437e+000
2.111584e+003	1.841811e+000
2.121595e+003	1.837592e+000
2.131596e+003	1.851712e+000
2.141605e+003	1.845459e+000
2.151606e+003	1.842299e+000
2.161667e+003	1.837332e+000
2.171636e+003	1.830832e+000
2.181648e+003	1.842017e+000
2.191659e+003	1.819040e+000
2.201660e+003	1.833481e+000
2.211670e+003	1.846037e+000
2.221670e+003	1.850134e+000
2.231682e+003	1.837262e+000
2.241692e+003	1.841280e+000
2.251691e+003	1.829032e+000
2.261701e+003	1.830432e+000
2.271711e+003	1.832469e+000
2.281711e+003	1.841170e+000
2.291702e+003	1.854701e+000
2.301712e+003	1.832416e+000
2.311693e+003	1.830514e+000
2.321704e+003	1.820861e+000
2.331754e+003	1.826980e+000
2.341735e+003	1.843079e+000
2.351746e+003	1.838119e+000
2.361747e+003	1.815756e+000
2.371757e+003	1.848066e+000
2.381757e+003	1.829639e+000
2.391767e+003	1.833175e+000
2.401777e+003	1.826077e+000
2.411777e+003	1.810687e+000
2.421832e+003	1.818626e+000
2.431817e+003	1.830521e+000
2.441817e+003	1.811650e+000
2.451828e+003	1.808160e+000
2.461828e+003	1.841510e+000
2.471839e+003	1.834865e+000
2.481850e+003	1.822436e+000
2.491871e+003	1.837312e+000
2.501881e+003	1.822459e+000
2.511881e+003	1.841294e+000
2.521891e+003	1.811359e+000
2.531901e+003	1.830100e+000
2.541923e+003	1.815133e+000
2.551933e+003	1.829158e+000
2.561933e+003	1.820394e+000
2.571943e+003	1.827046e+000
2.581944e+003	1.820656e+000
2.591956e+003	1.837380e+000
2.601966e+003	1.830746e+000
2.611966e+003	1.812847e+000
2.621976e+003	1.838918e+000
2.631977e+003	1.831026e+000
2.642007e+003	1.815495e+000
2.652008e+003	1.832388e+000
2.662038e+003	1.821414e+000
2.672038e+003	1.828285e+000
2.682047e+003	1.838123e+000
2.692057e+003	1.813750e+000
2.702057e+003	1.817633e+000
2.712069e+003	1.822211e+000
2.722070e+003	1.825389e+000
2.732080e+003	1.810448e+000
2.742091e+003	1.807087e+000
2.752090e+003	1.811882e+000
2.762102e+003	1.816182e+000
2.772122e+003	1.805735e+000
2.782132e+003	1.811890e+000
2.792143e+003	1.808545e+000
2.802142e+003	1.807245e+000
2.812153e+003	1.820174e+000
2.822155e+003	1.817578e+000
2.832166e+003	1.816499e+000
2.842186e+003	1.806814e+000
2.852197e+003	1.791992e+000
2.862239e+003	1.799449e+000
2.872227e+003	1.808569e+000
2.882239e+003	1.803480e+000
2.892238e+003	1.804365e+000
2.902229e+003	1.823595e+000
2.912284e+003	1.800204e+000
2.922260e+003	1.801045e+000
2.932270e+003	1.802212e+000
2.942260e+003	1.792840e+000
2.952262e+003	1.790653e+000
2.962254e+003	1.785414e+000
2.972254e+003	1.776863e+000
2.982264e+003	1.792638e+000
2.992273e+003	1.790282e+000
3.002274e+003	1.786957e+000
3.012326e+003	1.806455e+000
3.022305e+003	1.790043e+000
3.032315e+003	1.803795e+000
3.042325e+003	1.815167e+000
3.052326e+003	1.795168e+000
3.062336e+003	1.792244e+000
3.072345e+003	1.794833e+000
3.082336e+003	1.801166e+000
3.092335e+003	1.794083e+000
3.102326e+003	1.804500e+000
3.112368e+003	1.782175e+000
3.122336e+003	1.791477e+000
3.132347e+003	1.794482e+000
3.142349e+003	1.786077e+000
3.152358e+003	1.793600e+000
3.162369e+003	1.791609e+000
3.172369e+003	1.793479e+000
3.182379e+003	1.788994e+000
3.192389e+003	1.789232e+000
3.202378e+003	1.775475e+000
3.212379e+003	1.785720e+000
3.222390e+003	1.775401e+000
3.232391e+003	1.786252e+000
3.242401e+003	1.787580e+000
3.252411e+003	1.796757e+000
3.262402e+003	1.792584e+000
3.272401e+003	1.782570e+000
3.282392e+003	1.774982e+000
3.292413e+003	1.782076e+000
3.302423e+003	1.774057e+000
3.312433e+003	1.787675e+000
3.322423e+003	1.788618e+000
3.332423e+003	1.787681e+000
3.342433e+003	1.779355e+000
3.352443e+003	1.786670e+000
3.362443e+003	1.783379e+000
3.372453e+003	1.766833e+000
3.382455e+003	1.775961e+000
3.392503e+003	1.805379e+000
3.402477e+003	1.790796e+000
3.412477e+003	1.775221e+000
3.422487e+003	1.766442e+000
3.432497e+003	1.792596e+000
3.442498e+003	1.773349e+000
3.452508e+003	1.783708e+000
3.462499e+003	1.779395e+000
3.472499e+003	1.787137e+000
3.482509e+003	1.762869e+000
3.492519e+003	1.782688e+000
3.502518e+003	1.784708e+000
3.512528e+003	1.771177e+000
3.522520e+003	1.770682e+000
3.532520e+003	1.773581e+000
3.542530e+003	1.779168e+000
3.552531e+003	1.768137e+000
3.562543e+003	1.785878e+000
3.572553e+003	1.775481e+000
3.582556e+003	1.782235e+000
3.592576e+003	1.772454e+000
3.602586e+003	1.764772e+000
3.612596e+003	1.786898e+000
3.622596e+003	1.766250e+000
3.632606e+003	1.782461e+000
3.642617e+003	1.778201e+000
3.652617e+003	1.773553e+000
3.662627e+003	1.779580e+000
3.672628e+003	1.770730e+000
3.682639e+003	1.753169e+000
3.692649e+003	1.771082e+000
3.702639e+003	1.757812e+000
3.712639e+003	1.776076e+000
3.722630e+003	1.766291e+000
3.732650e+003	1.783282e+000
3.742660e+003	1.777053e+000
3.752670e+003	1.781734e+000
3.762670e+003	1.786223e+000
3.772706e+003	1.772405e+000
3.782710e+003	1.763146e+000
3.792732e+003	1.757097e+000
3.802721e+003	1.763320e+000
3.812722e+003	1.766378e+000
3.822752e+003	1.761298e+000
3.832762e+003	1.776625e+000
3.842813e+003	1.765934e+000
3.852783e+003	1.766832e+000
3.862793e+003	1.759687e+000
3.872803e+003	1.780194e+000
3.882803e+003	1.776267e+000
3.892813e+003	1.766049e+000
3.902804e+003	1.791358e+000
3.912823e+003	1.770903e+000
3.922855e+003	1.780154e+000
3.932854e+003	1.766119e+000
3.942864e+003	1.774133e+000
3.952874e+003	1.773448e+000
3.962864e+003	1.756071e+000
3.972864e+003	1.764903e+000
3.982874e+003	1.758901e+000
3.992884e+003	1.767720e+000
4.002884e+003	1.769544e+000
4.012876e+003	1.763803e+000
4.022919e+003	1.757043e+000
4.032906e+003	1.763279e+000
4.042916e+003	1.773043e+000
4.052897e+003	1.769170e+000
4.062907e+003	1.780942e+000
4.072898e+003	1.769562e+000
4.082908e+003	1.762718e+000
4.092908e+003	1.750118e+000
4.102918e+003	1.743434e+000
4.112919e+003	1.755898e+000
4.122928e+003	1.768890e+000
4.132939e+003	1.760078e+000
4.142930e+003	1.762398e+000
4.152930e+003	1.770748e+000
4.162940e+003	1.756898e+000
4.172950e+003	1.770782e+000
4.182951e+003	1.770247e+000
4.192941e+003	1.758767e+000
4.202952e+003	1.769859e+000
4.212952e+003	1.776083e+000
4.222962e+003	1.772617e+000
4.232972e+003	1.763483e+000
4.242962e+003	1.760440e+000
4.252962e+003	1.765022e+000
4.262972e+003	1.761043e+000
4.272982e+003	1.775177e+000
4.283037e+003	1.746744e+000
4.293004e+003	1.764683e+000
4.303034e+003	1.782363e+000
4.313044e+003	1.778513e+000
4.323043e+003	1.780982e+000
4.333053e+003	1.774782e+000
4.343063e+003	1.772025e+000
4.353063e+003	1.789348e+000
4.363054e+003	1.769255e+000
4.373065e+003	1.776617e+000
4.383065e+003	1.782384e+000
4.393106e+003	1.766049e+000
4.403085e+003	1.772926e+000
4.413086e+003	1.781945e+000
4.423095e+003	1.784409e+000
4.433095e+003	1.782765e+000
4.443105e+003	1.766879e+000
4.453115e+003	1.776444e+000
4.463115e+003	1.778327e+000
4.473126e+003	1.774760e+000
4.483135e+003	1.765591e+000
4.493135e+003	1.769501e+000
4.503145e+003	1.761999e+000
4.513155e+003	1.774785e+000
4.523155e+003	1.780717e+000
4.533210e+003	1.764562e+000
4.543195e+003	1.775353e+000
4.553195e+003	1.772198e+000
4.563206e+003	1.769930e+000
4.573206e+003	1.779863e+000
4.583236e+003	1.763838e+000
4.593237e+003	1.772710e+000
4.603267e+003	1.773804e+000
4.613267e+003	1.767011e+000
4.623277e+003	1.772951e+000
4.633268e+003	1.749159e+000
4.643271e+003	1.766859e+000
4.653282e+003	1.763373e+000
4.663302e+003	1.769290e+000
4.673313e+003	1.752714e+000
4.683333e+003	1.738839e+000
4.693344e+003	1.767267e+000
4.703346e+003	1.756454e+000
4.713376e+003	1.774931e+000
4.723377e+003	1.745397e+000
4.733407e+003	1.767866e+000
4.743408e+003	1.759107e+000
4.753419e+003	1.753302e+000
4.763437e+003	1.744365e+000
4.773469e+003	1.746295e+000
4.783468e+003	1.757078e+000
4.793478e+003	1.756020e+000
4.803469e+003	1.751461e+000
4.813489e+003	1.735746e+000
4.823499e+003	1.755219e+000
4.833509e+003	1.749799e+000
4.843490e+003	1.761185e+000
4.853521e+003	1.744297e+000
4.863521e+003	1.757334e+000
4.873533e+003	1.751019e+000
4.883553e+003	1.749904e+000
4.893563e+003	1.742874e+000
4.903574e+003	1.745191e+000
4.913573e+003	1.742953e+000
4.923583e+003	1.743746e+000
4.933585e+003	1.738300e+000
4.943595e+003	1.747227e+000
4.953605e+003	1.755401e+000
4.963606e+003	1.763133e+000
4.973615e+003	1.746941e+000
4.983625e+003	1.728117e+000
4.993625e+003	1.749901e+000
5.003636e+003	1.759216e+000
5.013646e+003	1.736733e+000
5.023636e+003	1.744886e+000
5.033639e+003	1.745859e+000
5.043649e+003	1.744967e+000
5.053639e+003	1.737858e+000
5.063639e+003	1.725559e+000
5.073650e+003	1.745635e+000
5.083650e+003	1.744956e+000
5.093661e+003	1.739413e+000
5.103681e+003	1.755263e+000
5.113692e+003	1.740410e+000
5.123713e+003	1.742608e+000
5.133724e+003	1.734363e+000
5.143734e+003	1.747104e+000
5.153734e+003	1.735511e+000
5.163743e+003	1.738774e+000
5.173744e+003	1.740053e+000
5.183754e+003	1.742090e+000
5.193764e+003	1.735447e+000
5.203764e+003	1.752060e+000
5.213794e+003	1.744717e+000
5.223805e+003	1.742996e+000
5.233825e+003	1.740403e+000
5.243826e+003	1.720040e+000
5.253856e+003	1.738394e+000
5.263866e+003	1.737809e+000
5.273866e+003	1.744878e+000
5.283876e+003	1.735319e+000
5.293876e+003	1.728316e+000
5.303886e+003	1.723209e+000
5.313896e+003	1.724449e+000
5.323896e+003	1.737072e+000
5.333906e+003	1.743663e+000
5.343916e+003	1.725640e+000
5.353916e+003	1.711734e+000
5.363929e+003	1.723043e+000
5.373921e+003	1.737468e+000
5.383921e+003	1.743023e+000
5.393966e+003	1.705282e+000
5.403931e+003	1.720164e+000
5.413941e+003	1.726981e+000
5.423951e+003	1.727477e+000
5.433952e+003	1.707599e+000
5.443982e+003	1.742732e+000
5.453982e+003	1.723625e+000
5.463993e+003	1.726080e+000
5.474003e+003	1.723338e+000
5.484004e+003	1.734398e+000
5.494015e+003	1.733827e+000
5.504067e+003	1.717785e+000
5.514045e+003	1.738763e+000
5.524055e+003	1.719851e+000
5.534036e+003	1.714089e+000
5.544046e+003	1.718832e+000
5.554056e+003	1.705227e+000
5.564046e+003	1.703316e+000
5.574069e+003	1.732313e+000
5.584060e+003	1.721191e+000
5.594060e+003	1.719125e+000
5.604071e+003	1.710121e+000
5.614070e+003	1.723312e+000
5.624125e+003	1.706909e+000
5.634102e+003	1.712172e+000
5.644132e+003	1.718385e+000
5.654132e+003	1.724090e+000
5.664142e+003	1.724855e+000
5.674152e+003	1.706749e+000
5.684152e+003	1.727097e+000
5.694162e+003	1.706875e+000
5.704153e+003	1.729210e+000
5.714173e+003	1.710918e+000
5.724184e+003	1.711721e+000
5.734194e+003	1.715706e+000
5.744194e+003	1.713813e+000
5.754185e+003	1.718327e+000
5.764206e+003	1.699197e+000
5.774216e+003	1.713457e+000
5.784226e+003	1.715164e+000
5.794216e+003	1.698479e+000
5.804217e+003	1.709857e+000
5.814227e+003	1.714508e+000
5.824227e+003	1.709635e+000
5.834257e+003	1.732665e+000
5.844267e+003	1.727059e+000
5.854267e+003	1.705939e+000
5.864277e+003	1.717754e+000
5.874279e+003	1.706759e+000
5.884338e+003	1.710202e+000
5.894329e+003	1.699493e+000
5.904340e+003	1.702236e+000
5.914341e+003	1.695286e+000
5.924352e+003	1.708665e+000
5.934363e+003	1.714992e+000
5.944363e+003	1.702814e+000
5.954354e+003	1.710389e+000
5.964365e+003	1.706405e+000
5.974386e+003	1.701501e+000
5.984396e+003	1.710509e+000
5.994395e+003	1.715391e+000
6.004405e+003	1.697378e+000
6.014442e+003	1.711787e+000
6.024415e+003	1.705986e+000
6.034425e+003	1.707723e+000
6.044435e+003	1.719159e+000
6.054435e+003	1.700259e+000
6.064445e+003	1.702992e+000
6.074445e+003	1.715333e+000
6.084476e+003	1.711951e+000
6.094477e+003	1.713918e+000
6.104486e+003	1.711377e+000
6.114496e+003	1.691103e+000
6.124496e+003	1.702489e+000
6.134506e+003	1.707002e+000
6.144508e+003	1.701317e+000
6.154562e+003	1.692759e+000
6.164540e+003	1.702586e+000
6.174590e+003	1.695898e+000
6.184571e+003	1.713324e+000
6.194581e+003	1.707897e+000
6.204591e+003	1.701977e+000
6.214592e+003	1.707127e+000
6.224602e+003	1.718636e+000
6.234613e+003	1.714907e+000
6.244602e+003	1.724499e+000
6.254602e+003	1.719048e+000
6.264613e+003	1.702225e+000
6.274614e+003	1.716047e+000
6.284624e+003	1.687803e+000
6.294670e+003	1.706796e+000
6.304625e+003	1.705036e+000
6.314625e+003	1.719699e+000
6.324616e+003	1.708288e+000
6.334626e+003	1.709378e+000
6.344626e+003	1.726709e+000
6.354636e+003	1.710712e+000
6.364646e+003	1.707150e+000
6.374636e+003	1.695405e+000
6.384637e+003	1.699437e+000
6.394646e+003	1.710004e+000
6.404647e+003	1.711007e+000
6.414657e+003	1.707697e+000
6.424667e+003	1.712576e+000
6.434657e+003	1.719415e+000
6.444657e+003	1.719209e+000
6.454667e+003	1.706924e+000
6.464650e+003	1.706434e+000
6.474660e+003	1.723747e+000
6.484670e+003	1.710151e+000
6.494671e+003	1.719184e+000
6.504681e+003	1.709055e+000
6.514725e+003	1.720680e+000
6.524691e+003	1.717025e+000
6.534702e+003	1.704152e+000
6.544711e+003	1.712675e+000
6.554692e+003	1.720236e+000
6.564704e+003	1.714789e+000
6.574713e+003	1.700189e+000
6.584713e+003	1.719386e+000
6.594724e+003	1.710011e+000
6.604725e+003	1.701537e+000
6.614735e+003	1.717078e+000
6.624745e+003	1.720190e+000
6.634745e+003	1.723390e+000
6.644755e+003	1.727578e+000
6.654765e+003	1.731428e+000
6.664765e+003	1.729141e+000
6.674796e+003	1.732019e+000
6.684806e+003	1.732185e+000
6.694827e+003	1.710299e+000
6.704838e+003	1.729028e+000
6.714858e+003	1.727337e+000
6.724868e+003	1.729109e+000
6.734889e+003	1.729765e+000
6.744899e+003	1.725843e+000
6.754920e+003	1.732805e+000
6.764921e+003	1.718275e+000
6.774978e+003	1.722803e+000
6.784951e+003	1.720061e+000
6.795009e+003	1.733908e+000
6.804982e+003	1.713964e+000
6.815037e+003	1.716873e+000
6.825013e+003	1.714810e+000
6.835022e+003	1.745164e+000
6.845014e+003	1.733102e+000
6.855034e+003	1.732485e+000
6.865043e+003	1.721219e+000
6.875053e+003	1.721150e+000
6.885043e+003	1.722722e+000
6.895043e+003	1.727098e+000
6.905053e+003	1.722814e+000
6.915063e+003	1.735148e+000
6.925044e+003	1.736055e+000
6.935055e+003	1.729720e+000
6.945075e+003	1.714440e+000
6.955085e+003	1.712229e+000
6.965096e+003	1.725246e+000
6.975077e+003	1.716231e+000
6.985087e+003	1.710334e+000
6.995097e+003	1.715476e+000
7.005090e+003	1.712192e+000
7.015087e+003	1.723763e+000
7.025097e+003	1.687298e+000
7.035107e+003	1.704637e+000
7.045107e+003	1.713756e+000
7.055117e+003	1.706757e+000
7.065127e+003	1.707743e+000
7.075127e+003	1.691441e+000
7.085137e+003	1.720729e+000
7.095148e+003	1.721934e+000
7.105148e+003	1.709640e+000
7.115140e+003	1.707695e+000
7.125141e+003	1.700752e+000
7.135153e+003	1.699684e+000
7.145163e+003	1.688826e+000
7.155164e+003	1.702894e+000
7.165155e+003	1.703142e+000
7.175155e+003	1.709086e+000
7.185166e+003	1.705868e+000
7.195176e+003	1.702619e+000
7.205176e+003	1.715519e+000
7.215186e+003	1.708776e+000
7.225195e+003	1.697788e+000
7.235195e+003	1.699871e+000
7.245205e+003	1.706753e+000
7.255215e+003	1.696218e+000
7.265206e+003	1.712238e+000
7.275187e+003	1.701017e+000
7.285197e+003	1.690660e+000
7.295199e+003	1.694114e+000
7.305210e+003	1.706406e+000
7.315200e+003	1.709191e+000
7.325257e+003	1.718516e+000
7.335230e+003	1.705648e+000
7.345240e+003	1.703678e+000
7.355240e+003	1.695928e+000
7.365250e+003	1.698518e+000
7.375261e+003	1.706328e+000
7.385262e+003	1.711331e+000
7.395272e+003	1.722364e+000
7.405272e+003	1.713417e+000
7.415283e+003	1.704756e+000
7.425293e+003	1.705931e+000
7.435293e+003	1.704811e+000
7.445305e+003	1.710187e+000
7.455305e+003	1.712929e+000
7.465315e+003	1.694986e+000
7.475325e+003	1.715672e+000
7.485325e+003	1.708494e+000
7.495335e+003	1.708288e+000
7.505325e+003	1.701237e+000
7.515328e+003	1.710735e+000
7.525338e+003	1.707780e+000
7.535329e+003	1.702557e+000
7.545330e+003	1.710408e+000
7.555340e+003	1.705867e+000
7.565350e+003	1.708105e+000
7.575351e+003	1.702151e+000
7.585363e+003	1.695337e+000
7.595364e+003	1.690766e+000
7.605400e+003	1.711512e+000
7.615395e+003	1.707269e+000
7.625450e+003	1.713699e+000
7.635417e+003	1.705111e+000
7.645416e+003	1.695404e+000
7.655426e+003	1.700580e+000
7.665427e+003	1.702056e+000
7.675457e+003	1.710894e+000
7.685457e+003	1.703583e+000
7.695467e+003	1.696539e+000
7.705458e+003	1.696193e+000
7.715459e+003	1.703207e+000
7.725469e+003	1.699462e+000
7.735460e+003	1.696147e+000
7.745480e+003	1.697328e+000
7.755491e+003	1.704299e+000
7.765539e+003	1.709695e+000
7.775522e+003	1.710938e+000
7.785523e+003	1.700244e+000
7.795533e+003	1.712664e+000
7.805543e+003	1.698742e+000
7.815543e+003	1.703865e+000
7.825553e+003	1.696393e+000
7.835544e+003	1.698720e+000
7.845564e+003	1.696166e+000
7.855575e+003	1.700962e+000
7.865576e+003	1.710111e+000
7.875586e+003	1.695153e+000
7.885596e+003	1.709712e+000
7.895596e+003	1.721403e+000
7.905627e+003	1.693879e+000
7.915627e+003	1.692645e+000
7.925669e+003	1.701276e+000
7.935628e+003	1.702062e+000
7.945629e+003	1.705820e+000
7.955639e+003	1.699702e+000
7.965650e+003	1.700388e+000
7.975650e+003	1.700462e+000
7.985660e+003	1.689195e+000
7.995670e+003	1.707507e+000
8.005670e+003	1.700973e+000
8.015681e+003	1.707731e+000
8.025692e+003	1.710024e+000
8.035692e+003	1.686974e+000
8.045702e+003	1.695355e+000
8.055712e+003	1.699635e+000
8.065713e+003	1.710719e+000
8.075704e+003	1.683245e+000
8.085713e+003	1.690546e+000
8.095713e+003	1.689586e+000
8.105723e+003	1.697774e+000
8.115733e+003	1.687982e+000
8.125714e+003	1.703444e+000
8.135724e+003	1.686822e+000
8.145726e+003	1.688078e+000
8.155736e+003	1.692708e+000
8.165726e+003	1.693701e+000
8.175747e+003	1.691880e+000
8.185757e+003	1.690305e+000
8.195767e+003	1.697796e+000
8.205757e+003	1.707832e+000
8.215757e+003	1.700804e+000
8.225767e+003	1.692602e+000
8.235802e+003	1.703998e+000
8.245779e+003	1.696328e+000
8.255789e+003	1.706148e+000
8.265789e+003	1.697429e+000
8.275800e+003	1.690292e+000
8.285809e+003	1.691568e+000
8.295799e+003	1.682229e+000
8.305800e+003	1.692545e+000
8.315810e+003	1.694229e+000
8.325810e+003	1.680430e+000
8.335823e+003	1.700246e+000
8.345824e+003	1.697378e+000
8.355835e+003	1.686179e+000
8.365855e+003	1.700143e+000
8.375865e+003	1.706426e+000
8.385876e+003	1.698362e+000
8.395876e+003	1.705436e+000
8.405886e+003	1.696276e+000
8.415896e+003	1.702684e+000
8.425878e+003	1.698810e+000
8.435890e+003	1.685235e+000
8.445890e+003	1.689440e+000
8.455900e+003	1.693835e+000
8.465910e+003	1.693739e+000
8.475910e+003	1.711861e+000
8.485920e+003	1.709652e+000
8.495930e+003	1.707456e+000
8.505929e+003	1.712040e+000
8.515939e+003	1.718362e+000
8.525949e+003	1.700201e+000
8.535949e+003	1.704540e+000
8.545960e+003	1.726864e+000
8.555970e+003	1.711584e+000
8.565959e+003	1.715115e+000
8.575960e+003	1.700258e+000
8.585951e+003	1.720984e+000
8.595961e+003	1.715759e+000
8.605951e+003	1.719387e+000
8.615951e+003	1.737356e+000
8.625961e+003	1.720484e+000
8.635963e+003	1.699822e+000
8.645973e+003	1.721291e+000
8.655983e+003	1.732067e+000
8.665965e+003	1.720630e+000
8.675974e+003	1.721607e+000
8.685965e+003	1.712522e+000
8.696017e+003	1.719542e+000
8.705997e+003	1.726962e+000
8.715997e+003	1.718641e+000
8.726007e+003	1.736473e+000
8.735998e+003	1.725563e+000
8.746018e+003	1.728487e+000
8.756029e+003	1.720427e+000
8.766049e+003	1.732800e+000
8.776060e+003	1.716767e+000
8.786069e+003	1.729813e+000
8.796060e+003	1.725354e+000
8.806060e+003	1.730803e+000
8.816051e+003	1.722343e+000
8.826061e+003	1.720212e+000
8.836042e+003	1.735815e+000
8.846052e+003	1.717759e+000
8.856063e+003	1.724715e+000
8.866063e+003	1.704062e+000
8.876073e+003	1.732160e+000
8.886083e+003	1.728676e+000
8.896083e+003	1.716650e+000
8.906093e+003	1.713311e+000
8.916103e+003	1.731643e+000
8.926092e+003	1.727432e+000
8.936093e+003	1.731527e+000
8.946104e+003	1.715737e+000
8.956103e+003	1.713829e+000
8.966114e+003	1.734928e+000
8.976125e+003	1.727871e+000
8.986106e+003	1.724873e+000
8.996115e+003	1.739718e+000
9.006125e+003	1.713521e+000
9.016126e+003	1.716118e+000
9.026137e+003	1.727073e+000
9.036138e+003	1.730803e+000
9.046148e+003	1.713441e+000
9.056158e+003	1.715793e+000
9.066159e+003	1.723695e+000
9.076169e+003	1.718737e+000
9.086179e+003	1.707396e+000
9.096169e+003	1.712954e+000
9.106169e+003	1.721893e+000
9.116160e+003	1.719136e+000
9.126170e+003	1.727585e+000
9.136151e+003	1.720193e+000
9.146160e+003	1.710766e+000
9.156183e+003	1.718998e+000
9.166195e+003	1.724746e+000
9.176214e+003	1.718431e+000
9.186224e+003	1.717241e+000
9.196245e+003	1.710895e+000
9.206255e+003	1.711299e+000
9.216266e+003	1.720231e+000
9.226256e+003	1.717225e+000
9.236256e+003	1.717629e+000
9.246266e+003	1.701317e+000
9.256276e+003	1.735754e+000
9.266331e+003	1.725857e+000
9.276307e+003	1.726969e+000
9.286307e+003	1.720792e+000
9.296317e+003	1.700942e+000
9.306318e+003	1.712781e+000
9.316378e+003	1.706167e+000
9.326340e+003	1.722663e+000
9.336360e+003	1.692862e+000
9.346370e+003	1.705572e+000
9.356391e+003	1.712187e+000
9.366401e+003	1.724637e+000
9.376401e+003	1.707003e+000
9.386392e+003	1.712409e+000
9.396403e+003	1.707281e+000
9.406403e+003	1.720070e+000
9.416394e+003	1.717792e+000
9.426405e+003	1.709630e+000
9.436407e+003	1.702618e+000
9.446397e+003	1.708937e+000
9.456417e+003	1.699322e+000
9.466428e+003	1.713961e+000
9.476437e+003	1.709596e+000
9.486428e+003	1.725463e+000
9.496427e+003	1.702698e+000
9.506418e+003	1.721421e+000
9.516439e+003	1.718593e+000
9.526449e+003	1.734064e+000
9.536459e+003	1.695637e+000
9.546449e+003	1.706629e+000
9.556449e+003	1.717051e+000
9.566459e+003	1.726123e+000
9.576469e+003	1.713893e+000
9.586470e+003	1.710531e+000
9.596479e+003	1.719761e+000
9.606480e+003	1.705141e+000
9.616510e+003	1.702653e+000
9.626511e+003	1.699414e+000
9.636541e+003	1.705395e+000
9.646551e+003	1.720337e+000
9.656554e+003	1.707186e+000
9.666574e+003	1.704025e+000
9.676586e+003	1.700590e+000
9.686587e+003	1.709220e+000
9.696617e+003	1.711683e+000
9.706618e+003	1.699630e+000
9.716648e+003	1.706764e+000
9.726658e+003	1.695271e+000
9.736658e+003	1.712229e+000
9.746668e+003	1.701104e+000
9.756661e+003	1.713190e+000
9.766681e+003	1.705495e+000
9.776690e+003	1.695790e+000
9.786711e+003	1.703598e+000
9.796721e+003	1.698902e+000
9.806723e+003	1.722823e+000
9.816734e+003	1.698576e+000
9.826734e+003	1.716374e+000
9.836726e+003	1.709687e+000
9.846736e+003	1.708223e+000
9.856736e+003	1.708924e+000
9.866746e+003	1.705956e+000
9.876747e+003	1.704869e+000
9.886777e+003	1.697119e+000
9.896787e+003	1.699888e+000
9.906787e+003	1.705158e+000
9.916797e+003	1.705746e+000
9.926807e+003	1.716823e+000
9.936828e+003	1.700560e+000
9.946829e+003	1.707227e+000
9.956886e+003	1.711783e+000
9.966860e+003	1.713256e+000
9.976903e+003	1.700721e+000
9.986879e+003	1.705215e+000
9.996880e+003	1.708318e+000
1.000689e+004	1.700700e+000
1.001690e+004	1.714270e+000
1.002690e+004	1.705061e+000
1.003691e+004	1.687274e+000
1.004692e+004	1.705759e+000
1.005691e+004	1.702639e+000
1.006691e+004	1.697894e+000
1.007692e+004	1.704992e+000
1.008692e+004	1.708536e+000
1.009693e+004	1.706766e+000
1.010694e+004	1.687669e+000
1.011694e+004	1.704211e+000
1.012695e+004	1.687483e+000
1.013696e+004	1.705322e+000
1.014696e+004	1.699408e+000
1.015697e+004	1.707401e+000
1.016698e+004	1.704738e+000
1.017698e+004	1.695111e+000
1.018697e+004	1.711062e+000
1.019698e+004	1.681625e+000
1.020697e+004	1.690530e+000
1.021698e+004	1.691601e+000
1.022702e+004	1.689903e+000
1.023699e+004	1.693216e+000
1.024700e+004	1.692763e+000
1.025701e+004	1.694771e+000
1.026700e+004	1.680453e+000
1.027700e+004	1.677997e+000
1.028700e+004	1.682099e+000
1.029702e+004	1.690599e+000
1.030702e+004	1.690971e+000
1.031701e+004	1.691130e+000
1.032702e+004	1.690400e+000
1.033701e+004	1.697765e+000
1.034701e+004	1.699082e+000
1.035702e+004	1.682383e+000
1.036703e+004	1.687773e+000
1.037703e+004	1.689835e+000
1.038704e+004	1.697981e+000
1.039704e+004	1.698549e+000
1.040703e+004	1.694536e+000
1.041703e+004	1.708731e+000
1.042704e+004	1.699294e+000
1.043705e+004	1.712605e+000
1.044704e+004	1.707845e+000
1.045707e+004	1.716207e+000
1.046706e+004	1.706426e+000
1.047706e+004	1.701623e+000
1.048707e+004	1.693489e+000
1.049708e+004	1.710771e+000
1.050708e+004	1.708855e+000
1.051709e+004	1.701335e+000
1.052709e+004	1.700121e+000
1.053710e+004	1.698341e+000
1.054709e+004	1.700886e+000
1.055711e+004	1.701380e+000
1.056714e+004	1.730029e+000
1.057714e+004	1.708232e+000
1.058715e+004	1.717245e+000
1.059716e+004	1.692008e+000
1.060716e+004	1.704337e+000
1.061717e+004	1.690804e+000
1.062718e+004	1.710744e+000
1.063716e+004	1.709188e+000
1.064717e+004	1.706160e+000
1.065718e+004	1.691849e+000
1.066716e+004	1.692098e+000
1.067717e+004	1.716946e+000
1.068718e+004	1.708618e+000
1.069718e+004	1.706070e+000
1.070719e+004	1.707440e+000
1.071718e+004	1.692860e+000
1.072719e+004	1.700426e+000
1.073724e+004	1.687816e+000
1.074722e+004	1.697702e+000
1.075723e+004	1.708780e+000
1.076724e+004	1.713435e+000
1.077724e+004	1.715975e+000
1.078725e+004	1.713770e+000
1.079726e+004	1.701326e+000
1.080724e+004	1.702150e+000
1.081725e+004	1.711822e+000
1.082726e+004	1.710761e+000
1.083726e+004	1.704774e+000
1.084727e+004	1.708860e+000
1.085728e+004	1.698781e+000
1.086727e+004	1.701762e+000
1.087727e+004	1.701102e+000
1.088728e+004	1.722345e+000
1.089728e+004	1.713717e+000
1.090729e+004	1.725886e+000
1.091728e+004	1.702683e+000
1.092728e+004	1.701675e+000
1.093731e+004	1.695878e+000
1.094732e+004	1.713330e+000
1.095733e+004	1.716938e+000
1.096733e+004	1.719313e+000
1.097732e+004	1.713848e+000
1.098733e+004	1.693310e+000
1.099734e+004	1.707333e+000
1.100734e+004	1.707178e+000
1.101733e+004	1.715315e+000
1.102735e+004	1.725881e+000
1.103736e+004	1.710846e+000
1.104738e+004	1.711248e+000
1.105743e+004	1.717949e+000
1.106741e+004	1.707929e+000
1.107742e+004	1.702131e+000
1.108743e+004	1.723709e+000
1.109741e+004	1.711448e+000
1.110744e+004	1.720957e+000
1.111744e+004	1.728832e+000
1.112750e+004	1.718000e+000
1.113747e+004	1.725642e+000
1.114748e+004	1.713415e+000
1.115749e+004	1.723839e+000
1.116750e+004	1.711520e+000
1.117750e+004	1.720384e+000
1.118751e+004	1.720755e+000
1.119751e+004	1.707370e+000
1.120753e+004	1.705828e+000
1.121754e+004	1.715740e+000
1.122752e+004	1.717070e+000
1.123753e+004	1.698870e+000
1.124752e+004	1.711732e+000
1.125754e+004	1.716626e+000
1.126755e+004	1.715634e+000
1.127756e+004	1.716587e+000
1.128755e+004	1.707469e+000
1.129755e+004	1.707585e+000
1.130756e+004	1.704594e+000
1.131757e+004	1.710670e+000
1.132762e+004	1.707704e+000
1.133760e+004	1.723009e+000
1.134760e+004	1.699121e+000
1.135761e+004	1.705335e+000
1.136761e+004	1.716092e+000
1.137767e+004	1.724362e+000
1.138765e+004	1.712619e+000
1.139765e+004	1.717447e+000
1.140766e+004	1.710646e+000
1.141766e+004	1.712060e+000
1.142772e+004	1.720043e+000
1.143769e+004	1.712863e+000
1.144770e+004	1.714148e+000
1.145772e+004	1.728695e+000
1.146773e+004	1.714019e+000
1.147773e+004	1.693550e+000
1.148774e+004	1.709986e+000
1.149775e+004	1.717491e+000
1.150775e+004	1.709602e+000
1.151777e+004	1.706727e+000
1.152778e+004	1.694793e+000
1.153778e+004	1.714813e+000
1.154777e+004	1.711046e+000
1.155779e+004	1.715199e+000
1.156784e+004	1.702710e+000
1.157782e+004	1.734274e+000
1.158783e+004	1.707467e+000
1.159784e+004	1.695374e+000
1.160784e+004	1.700560e+000
1.161785e+004	1.700163e+000
1.162786e+004	1.711013e+000
1.163784e+004	1.711926e+000
1.164787e+004	1.699932e+000
1.165787e+004	1.701162e+000
1.166788e+004	1.696950e+000
1.167789e+004	1.701346e+000
1.168787e+004	1.712332e+000
1.169790e+004	1.695995e+000
1.170790e+004	1.699869e+000
1.171792e+004	1.711554e+000
1.172792e+004	1.718719e+000
1.173791e+004	1.707722e+000
1.174792e+004	1.701232e+000
1.175793e+004	1.713165e+000
1.176793e+004	1.699560e+000
1.177794e+004	1.701755e+000
1.178796e+004	1.701318e+000
1.179797e+004	1.703770e+000
1.180797e+004	1.706010e+000
1.181800e+004	1.704051e+000
1.182800e+004	1.702540e+000
1.183801e+004	1.696850e+000
1.184802e+004	1.709568e+000
1.185802e+004	1.719621e+000
1.186803e+004	1.710771e+000
1.187804e+004	1.699809e+000
1.188804e+004	1.718837e+000
1.189805e+004	1.708417e+000
1.190807e+004	1.717876e+000
1.191811e+004	1.695549e+000
1.192809e+004	1.695426e+000
1.193808e+004	1.697317e+000
1.194808e+004	1.698725e+000
1.195809e+004	1.713673e+000
1.196810e+004	1.693555e+000
1.197812e+004	1.694567e+000
1.198813e+004	1.690605e+000
1.199816e+004	1.705839e+000
1.200817e+004	1.692778e+000
1.201817e+004	1.701728e+000
1.202817e+004	1.703933e+000
1.203818e+004	1.698106e+000
1.204818e+004	1.706421e+000
1.205820e+004	1.707458e+000
1.206820e+004	1.702734e+000
1.207821e+004	1.699743e+000
1.208820e+004	1.692044e+000
1.209821e+004	1.693988e+000
1.210821e+004	1.698830e+000
1.211822e+004	1.700163e+000
1.212822e+004	1.713096e+000
1.213823e+004	1.707693e+000
1.214824e+004	1.680996e+000
1.215824e+004	1.697707e+000
1.216825e+004	1.706710e+000
1.217826e+004	1.686945e+000
1.218826e+004	1.714460e+000
1.219827e+004	1.708929e+000
1.220828e+004	1.697480e+000
1.221826e+004	1.691148e+000
1.222832e+004	1.712878e+000
1.223829e+004	1.705635e+000
1.224830e+004	1.696196e+000
1.225831e+004	1.710456e+000
1.226831e+004	1.719382e+000
1.227832e+004	1.698132e+000
1.228833e+004	1.706073e+000
1.229833e+004	1.700853e+000
1.230834e+004	1.700203e+000
1.231835e+004	1.707628e+000
1.232835e+004	1.704567e+000
1.233834e+004	1.702709e+000
1.234839e+004	1.699010e+000
1.235838e+004	1.715247e+000
1.236839e+004	1.694378e+000
1.237839e+004	1.714729e+000
1.238840e+004	1.714169e+000
1.239840e+004	1.705021e+000
1.240841e+004	1.687508e+000
1.241840e+004	1.726222e+000
1.242841e+004	1.700596e+000
1.243839e+004	1.701675e+000
1.244840e+004	1.711475e+000
1.245841e+004	1.699314e+000
1.246841e+004	1.689769e+000
1.247842e+004	1.710361e+000
1.248842e+004	1.703808e+000
1.249843e+004	1.709096e+000
1.250842e+004	1.707970e+000
1.251844e+004	1.712563e+000
1.252845e+004	1.705030e+000
1.253846e+004	1.709361e+000
1.254845e+004	1.694183e+000
1.255845e+004	1.706174e+000
1.256846e+004	1.699623e+000
1.257846e+004	1.702631e+000
1.258848e+004	1.728098e+000
1.259848e+004	1.706763e+000
1.260849e+004	1.716290e+000
1.261854e+004	1.684575e+000
1.262852e+004	1.703010e+000
1.263853e+004	1.705906e+000
1.264851e+004	1.715158e+000
1.265852e+004	1.695202e+000
1.266851e+004	1.707565e+000
1.267852e+004	1.704574e+000
1.268854e+004	1.708952e+000
1.269854e+004	1.706183e+000
1.270857e+004	1.697515e+000
1.271857e+004	1.716410e+000
1.272863e+004	1.697084e+000
1.273860e+004	1.713920e+000
1.274861e+004	1.702020e+000
1.275863e+004	1.708706e+000
1.276862e+004	1.719605e+000
1.277863e+004	1.695404e+000
1.278866e+004	1.702509e+000
1.279867e+004	1.697188e+000
1.280867e+004	1.705263e+000
1.281867e+004	1.708868e+000
1.282867e+004	1.701191e+000
1.283866e+004	1.692527e+000
1.284868e+004	1.717493e+000
1.285869e+004	1.694772e+000
1.286870e+004	1.700135e+000
1.287869e+004	1.691752e+000
1.288869e+004	1.700609e+000
1.289870e+004	1.703518e+000
1.290868e+004	1.716697e+000
1.291869e+004	1.704994e+000
1.292868e+004	1.706287e+000
1.293870e+004	1.717690e+000
1.294872e+004	1.704919e+000
1.295871e+004	1.700810e+000
1.296873e+004	1.702645e+000
1.297874e+004	1.707318e+000
1.298874e+004	1.709676e+000
1.299873e+004	1.715728e+000
1.300878e+004	1.703506e+000
1.301878e+004	1.731609e+000
1.302878e+004	1.726789e+000
1.303879e+004	1.718662e+000
1.304880e+004	1.727081e+000
1.305880e+004	1.732318e+000
1.306879e+004	1.736221e+000
1.307881e+004	1.736312e+000
1.308884e+004	1.742647e+000
1.309884e+004	1.741464e+000
1.310885e+004	1.743878e+000
1.311887e+004	1.735952e+000
1.312888e+004	1.773820e+000
1.313890e+004	1.743762e+000
1.314891e+004	1.769005e+000
1.315892e+004	1.766401e+000
1.316898e+004	1.765746e+000
1.317895e+004	1.772017e+000
1.318896e+004	1.764526e+000
1.319895e+004	1.778278e+000
1.320897e+004	1.786217e+000
1.321898e+004	1.783010e+000
1.322898e+004	1.775086e+000
1.323899e+004	1.774229e+000
1.324898e+004	1.796974e+000
1.325899e+004	1.783297e+000
1.326905e+004	1.799195e+000
1.327901e+004	1.791233e+000
1.328902e+004	1.792114e+000
1.329903e+004	1.818295e+000
1.330903e+004	1.806189e+000
1.331904e+004	1.804869e+000
1.332903e+004	1.798286e+000
1.333905e+004	1.812622e+000
1.334906e+004	1.809959e+000
1.335907e+004	1.807715e+000
1.336908e+004	1.811575e+000
1.337908e+004	1.815159e+000
1.338909e+004	1.826198e+000
1.339908e+004	1.828885e+000
1.340909e+004	1.836268e+000
1.341910e+004	1.825600e+000
1.342910e+004	1.835838e+000
1.343911e+004	1.829439e+000
1.344913e+004	1.832240e+000
1.345914e+004	1.844703e+000
1.346915e+004	1.833581e+000
1.347915e+004	1.823676e+000
1.348916e+004	1.849811e+000
1.349916e+004	1.822239e+000
1.350917e+004	1.852569e+000
1.351918e+004	1.839194e+000
1.352916e+004	1.853887e+000
1.353917e+004	1.848065e+000
1.354918e+004	1.846372e+000
1.355918e+004	1.854328e+000
1.356919e+004	1.853219e+000
1.357920e+004	1.863296e+000
1.358920e+004	1.865811e+000
1.359923e+004	1.855281e+000
1.360924e+004	1.842549e+000
1.361924e+004	1.844990e+000
1.362925e+004	1.869345e+000
1.363926e+004	1.855940e+000
1.364926e+004	1.873659e+000
1.365927e+004	1.857714e+000
1.366927e+004	1.861125e+000
1.367930e+004	1.853915e+000
1.368930e+004	1.864476e+000
1.369931e+004	1.883839e+000
1.370932e+004	1.871443e+000
1.371932e+004	1.891569e+000
1.372933e+004	1.888832e+000
1.373936e+004	1.889768e+000
1.374937e+004	1.872821e+000
1.375937e+004	1.880698e+000
1.376938e+004	1.892596e+000
1.377937e+004	1.888143e+000
1.378939e+004	1.896754e+000
1.379940e+004	1.885276e+000
1.380940e+004	1.904736e+000
1.381941e+004	1.905434e+000
1.382942e+004	1.902885e+000
1.383942e+004	1.908730e+000
1.384944e+004	1.897868e+000
1.385944e+004	1.908651e+000
1.386945e+004	1.918005e+000
1.387946e+004	1.900564e+000
1.388946e+004	1.906432e+000
1.389945e+004	1.912315e+000
1.390947e+004	1.892880e+000
1.391948e+004	1.907224e+000
1.392949e+004	1.924845e+000
1.393949e+004	1.914306e+000
1.394948e+004	1.910987e+000
1.395949e+004	1.920445e+000
1.396947e+004	1.915304e+000
1.397950e+004	1.921007e+000
1.398951e+004	1.925326e+000
1.399951e+004	1.936329e+000
1.400950e+004	1.910569e+000
1.401952e+004	1.939977e+000
1.402955e+004	1.931108e+000
1.403955e+004	1.945213e+000
1.404961e+004	1.943466e+000
1.405958e+004	1.946297e+000
1.406959e+004	1.935095e+000
1.407960e+004	1.944933e+000
1.408960e+004	1.944645e+000
1.409961e+004	1.946990e+000
1.410962e+004	1.959159e+000
1.411962e+004	1.958497e+000
1.412963e+004	1.945658e+000
1.413964e+004	1.957286e+000
1.414964e+004	1.963017e+000
1.415965e+004	1.963580e+000
1.416967e+004	1.956479e+000
1.417968e+004	1.948362e+000
1.418970e+004	1.978832e+000
1.419970e+004	1.969784e+000
1.420971e+004	1.966060e+000
1.421971e+004	1.965910e+000
1.422975e+004	1.949626e+000
1.423973e+004	1.966549e+000
1.424972e+004	1.976091e+000
1.425972e+004	1.973488e+000
1.426973e+004	1.966461e+000
1.427974e+004	1.971383e+000
1.428974e+004	1.968502e+000
1.429973e+004	1.977885e+000
1.430974e+004	1.988939e+000
1.431973e+004	1.982048e+000
1.432973e+004	1.987429e+000
1.433974e+004	1.977507e+000
1.434974e+004	1.996304e+000
1.435975e+004	1.980146e+000
1.436976e+004	1.975209e+000
1.437974e+004	1.985977e+000
1.438975e+004	1.984518e+000
1.439976e+004	2.010312e+000
1.440976e+004	1.992944e+000
1.441977e+004	1.996356e+000
1.442978e+004	2.014097e+000
1.443977e+004	2.004715e+000
1.444977e+004	1.995023e+000
1.445978e+004	1.996935e+000
1.446979e+004	2.006643e+000
1.447979e+004	2.015944e+000
1.448980e+004	2.006117e+000
1.449981e+004	1.998330e+000
1.450981e+004	2.017852e+000
1.451982e+004	2.023092e+000
1.452983e+004	2.019160e+000
1.453983e+004	2.021028e+000
1.454982e+004	2.018736e+000
1.455984e+004	2.028453e+000
1.456989e+004	2.015521e+000
1.457987e+004	2.017510e+000
1.458988e+004	2.020926e+000
1.459989e+004	2.029010e+000
1.460989e+004	2.023603e+000
1.461990e+004	2.025797e+000
1.462991e+004	2.033160e+000
1.463990e+004	2.040997e+000
1.464991e+004	2.052098e+000
1.465992e+004	2.034755e+000
1.466992e+004	2.036990e+000
1.467993e+004	2.054053e+000
1.468994e+004	2.042333e+000
1.469994e+004	2.049014e+000
1.470995e+004	2.047102e+000
1.471996e+004	2.056475e+000
1.472995e+004	2.056643e+000
1.473995e+004	2.062562e+000
1.474994e+004	2.061394e+000
1.475995e+004	2.049599e+000
1.476995e+004	2.049517e+000
1.477996e+004	2.082481e+000
1.478997e+004	2.078986e+000
1.479996e+004	2.069311e+000
1.480996e+004	2.067018e+000
1.481997e+004	2.068808e+000
1.482998e+004	2.076274e+000
1.483998e+004	2.081671e+000
1.484999e+004	2.071604e+000
1.485997e+004	2.075283e+000
1.486998e+004	2.082182e+000
1.488003e+004	2.090645e+000
1.489001e+004	2.069713e+000
1.490001e+004	2.085606e+000
1.491002e+004	2.087513e+000
1.492003e+004	2.092832e+000
1.493003e+004	2.095641e+000
1.494004e+004	2.075323e+000
1.495005e+004	2.084086e+000
1.496006e+004	2.094270e+000
1.497010e+004	2.101046e+000
1.498008e+004	2.098724e+000
1.499007e+004	2.090579e+000
1.500007e+004	2.104878e+000
1.501008e+004	2.101093e+000
1.502008e+004	2.108429e+000
1.503011e+004	2.100441e+000
1.504012e+004	2.104650e+000
1.505014e+004	2.102912e+000
1.506013e+004	2.116597e+000
1.507013e+004	2.104979e+000
1.508012e+004	2.120685e+000
1.509014e+004	2.112909e+000
1.510015e+004	2.127399e+000
1.511016e+004	2.105252e+000
1.512015e+004	2.126309e+000
1.513015e+004	2.121994e+000
1.514014e+004	2.127865e+000
1.515015e+004	2.126959e+000
1.516013e+004	2.133526e+000
1.517014e+004	2.131718e+000
1.518015e+004	2.136473e+000
1.519015e+004	2.134027e+000
1.520016e+004	2.138318e+000
1.521017e+004	2.131787e+000
1.522017e+004	2.128144e+000
1.523018e+004	2.142348e+000
1.524019e+004	2.152291e+000
1.525023e+004	2.140367e+000
1.526020e+004	2.160710e+000
1.527021e+004	2.139004e+000
1.528022e+004	2.130372e+000
1.529022e+004	2.154293e+000
1.530023e+004	2.141278e+000
1.531022e+004	2.160652e+000
1.532028e+004	2.144424e+000
1.533025e+004	2.142555e+000
1.534026e+004	2.159052e+000
1.535026e+004	2.158204e+000
1.536027e+004	2.173132e+000
1.537028e+004	2.154164e+000
1.538028e+004	2.163003e+000
1.539029e+004	2.175458e+000
1.540030e+004	2.169411e+000
1.541030e+004	2.172144e+000
1.542029e+004	2.166055e+000
1.543030e+004	2.186804e+000
1.544029e+004	2.178949e+000
1.545029e+004	2.164729e+000
1.546030e+004	2.180967e+000
1.547031e+004	2.177085e+000
1.548031e+004	2.192974e+000
1.549032e+004	2.189884e+000
1.550036e+004	2.203229e+000
1.551033e+004	2.197762e+000
1.552033e+004	2.195410e+000
1.553033e+004	2.190363e+000
1.554034e+004	2.194752e+000
1.555035e+004	2.207870e+000
1.556034e+004	2.214009e+000
1.557034e+004	2.193069e+000
1.558035e+004	2.201935e+000
1.559035e+004	2.202597e+000
1.560036e+004	2.207306e+000
1.561037e+004	2.214528e+000
1.562035e+004	2.197424e+000
1.563036e+004	2.204587e+000
1.564037e+004	2.226690e+000
1.565037e+004	2.220078e+000
1.566040e+004	2.222324e+000
1.567041e+004	2.213929e+000
1.568041e+004	2.218000e+000
1.569042e+004	2.222517e+000
1.570043e+004	2.236534e+000
1.571045e+004	2.229190e+000
1.572046e+004	2.243046e+000
1.573046e+004	2.232804e+000
1.574047e+004	2.231087e+000
1.575047e+004	2.237203e+000
1.576052e+004	2.232072e+000
1.577050e+004	2.255521e+000
1.578051e+004	2.249611e+000
1.579053e+004	2.245508e+000
1.580054e+004	2.237527e+000
1.581055e+004	2.241495e+000
1.582055e+004	2.241025e+000
1.583056e+004	2.242599e+000
1.584058e+004	2.266690e+000
1.585059e+004	2.257773e+000
1.586061e+004	2.254240e+000
1.587061e+004	2.252549e+000
1.588062e+004	2.250340e+000
1.589062e+004	2.260973e+000
1.590063e+004	2.253606e+000
1.591065e+004	2.253266e+000
1.592066e+004	2.244447e+000
1.593066e+004	2.258618e+000
1.594067e+004	2.256022e+000
1.595067e+004	2.265394e+000
1.596069e+004	2.272867e+000
1.597071e+004	2.262474e+000
1.598074e+004	2.255034e+000
1.599074e+004	2.254049e+000
1.600075e+004	2.270085e+000
1.601075e+004	2.269555e+000
1.602076e+004	2.265410e+000
1.603077e+004	2.283868e+000
1.604077e+004	2.274675e+000
1.605078e+004	2.276973e+000
1.606079e+004	2.275012e+000
1.607079e+004	2.276884e+000
1.608080e+004	2.279918e+000
1.609080e+004	2.281839e+000
1.610083e+004	2.271931e+000
1.611083e+004	2.286720e+000
1.612084e+004	2.289082e+000
1.613085e+004	2.288907e+000
1.614085e+004	2.296165e+000
1.615086e+004	2.285081e+000
1.616090e+004	2.291305e+000
1.617087e+004	2.270400e+000
1.618088e+004	2.289300e+000
1.619089e+004	2.296034e+000
1.620088e+004	2.293341e+000
1.621088e+004	2.305675e+000
1.622087e+004	2.296358e+000
1.623088e+004	2.302209e+000
1.624087e+004	2.290541e+000
1.625088e+004	2.295763e+000
1.626088e+004	2.303952e+000
1.627089e+004	2.309984e+000
1.628090e+004	2.294969e+000
1.629090e+004	2.301109e+000
1.630096e+004	2.300988e+000
1.631093e+004	2.308335e+000
1.632094e+004	2.295040e+000
1.633094e+004	2.311391e+000
1.634095e+004	2.301265e+000
1.635096e+004	2.309454e+000
1.636096e+004	2.301782e+000
1.637097e+004	2.312578e+000
1.638098e+004	2.302557e+000
1.639098e+004	2.307539e+000
1.640099e+004	2.321279e+000
1.641100e+004	2.325519e+000
1.642099e+004	2.322765e+000
1.643099e+004	2.328002e+000
1.644103e+004	2.327951e+000
1.645101e+004	2.332268e+000
1.646101e+004	2.326543e+000
1.647103e+004	2.320663e+000
1.648101e+004	2.345105e+000
1.649102e+004	2.328068e+000
1.650103e+004	2.324251e+000
1.651103e+004	2.321174e+000
1.652104e+004	2.340342e+000
1.653104e+004	2.335220e+000
1.654109e+004	2.344523e+000
1.655107e+004	2.334429e+000
1.656108e+004	2.337765e+000
1.657109e+004	2.346840e+000
1.658109e+004	2.341670e+000
1.659110e+004	2.329155e+000
1.660111e+004	2.351898e+000
1.661111e+004	2.346003e+000
1.662112e+004	2.351094e+000
1.663113e+004	2.343982e+000
1.664112e+004	2.343955e+000
1.665112e+004	2.363043e+000
1.666111e+004	2.366322e+000
1.667116e+004	2.348315e+000
1.668114e+004	2.345451e+000
1.669115e+004	2.354767e+000
1.670113e+004	2.371007e+000
1.671114e+004	2.347720e+000
1.672118e+004	2.363403e+000
1.673115e+004	2.357017e+000
1.674117e+004	2.360034e+000
1.675117e+004	2.353926e+000
1.676117e+004	2.355779e+000
1.677117e+004	2.371211e+000
1.678118e+004	2.372335e+000
1.679118e+004	2.381106e+000
1.680119e+004	2.386929e+000
1.681118e+004	2.369470e+000
1.682118e+004	2.364136e+000
1.683119e+004	2.371473e+000
1.684118e+004	2.381642e+000
1.685122e+004	2.379725e+000
1.686121e+004	2.382227e+000
1.687123e+004	2.381388e+000
1.688124e+004	2.395892e+000
1.689125e+004	2.392617e+000
1.690125e+004	2.386595e+000
1.691126e+004	2.392665e+000
1.692127e+004	2.386375e+000
1.693127e+004	2.374344e+000
1.694128e+004	2.383134e+000
1.695129e+004	2.390157e+000
1.696134e+004	2.383578e+000
1.697131e+004	2.387882e+000
1.698132e+004	2.389987e+000
1.699133e+004	2.396388e+000
1.700132e+004	2.407702e+000
1.701135e+004	2.398721e+000
1.702135e+004	2.402878e+000
1.703140e+004	2.418548e+000
1.704139e+004	2.425624e+000
1.705141e+004	2.397551e+000
1.706142e+004	2.400013e+000
1.707144e+004	2.417909e+000
1.708145e+004	2.403689e+000
1.709147e+004	2.422917e+000
1.710147e+004	2.408516e+000
1.711148e+004	2.410982e+000
1.712150e+004	2.422707e+000
1.713153e+004	2.421872e+000
1.714153e+004	2.429973e+000
1.715154e+004	2.421168e+000
1.716155e+004	2.417155e+000
1.717155e+004	2.426632e+000
1.718156e+004	2.421682e+000
1.719155e+004	2.439494e+000
1.720155e+004	2.408364e+000
1.721156e+004	2.423552e+000
1.722156e+004	2.437165e+000
1.723157e+004	2.428906e+000
1.724159e+004	2.419669e+000
1.725159e+004	2.438767e+000
1.726160e+004	2.415159e+000
1.727161e+004	2.432110e+000
1.728161e+004	2.415539e+000
1.729162e+004	2.431114e+000
1.730163e+004	2.449521e+000
1.731163e+004	2.438604e+000
1.732164e+004	2.454211e+000
1.733165e+004	2.442624e+000
1.734164e+004	2.437765e+000
1.735162e+004	2.439168e+000
1.736163e+004	2.438748e+000
1.737164e+004	2.451508e+000
1.738162e+004	2.441229e+000
1.739165e+004	2.449960e+000
1.740165e+004	2.440682e+000
1.741166e+004	2.446457e+000
1.742167e+004	2.446945e+000
1.743167e+004	2.452525e+000
1.744168e+004	2.445697e+000
1.745169e+004	2.470301e+000
1.746167e+004	2.446896e+000
1.747168e+004	2.457672e+000
1.748169e+004	2.452585e+000
1.749167e+004	2.461945e+000
1.750168e+004	2.432045e+000
1.751169e+004	2.471439e+000
1.752170e+004	2.447499e+000
1.753171e+004	2.468418e+000
1.754172e+004	2.469092e+000
1.755172e+004	2.445667e+000
1.756172e+004	2.449487e+000
1.757175e+004	2.457920e+000
1.758176e+004	2.478977e+000
1.759177e+004	2.467715e+000
1.760176e+004	2.466310e+000
1.761176e+004	2.477598e+000
1.762177e+004	2.480353e+000
1.763178e+004	2.457400e+000
1.764178e+004	2.458939e+000
1.765179e+004	2.475604e+000
1.766180e+004	2.480385e+000
1.767180e+004	2.482892e+000
1.768179e+004	2.480093e+000
1.769180e+004	2.481214e+000
1.770178e+004	2.485062e+000
1.771181e+004	2.481786e+000
1.772182e+004	2.492352e+000
1.773182e+004	2.479173e+000
1.774183e+004	2.487850e+000
1.775187e+004	2.495411e+000
1.776184e+004	2.473828e+000
1.777185e+004	2.480372e+000
1.778185e+004	2.500524e+000
1.779186e+004	2.479402e+000
1.780188e+004	2.488275e+000
1.781189e+004	2.482190e+000
1.782191e+004	2.495564e+000
1.783192e+004	2.485283e+000
1.784192e+004	2.490902e+000
1.785199e+004	2.490677e+000
1.786195e+004	2.496513e+000
1.787196e+004	2.492168e+000
1.788197e+004	2.493310e+000
1.789197e+004	2.497012e+000
1.790199e+004	2.500766e+000
1.791200e+004	2.495678e+000
1.792200e+004	2.499274e+000
1.793201e+004	2.518612e+000
1.794200e+004	2.503081e+000
1.795202e+004	2.509801e+000
1.796202e+004	2.512924e+000
1.797207e+004	2.507670e+000
1.798206e+004	2.503508e+000
1.799206e+004	2.511877e+000
1.800207e+004	2.518068e+000
1.801207e+004	2.520354e+000
1.802210e+004	2.512678e+000
1.803210e+004	2.510444e+000
1.804213e+004	2.506518e+000
1.805213e+004	2.500781e+000
1.806214e+004	2.522975e+000
1.807213e+004	2.512872e+000
1.808215e+004	2.514459e+000
1.809217e+004	2.518658e+000
1.810217e+004	2.505439e+000
1.811218e+004	2.505978e+000
1.812219e+004	2.527044e+000
1.813219e+004	2.503343e+000
1.814220e+004	2.503301e+000
1.815220e+004	2.520461e+000
1.816225e+004	2.518280e+000
1.817222e+004	2.512752e+000
1.818222e+004	2.523936e+000
1.819223e+004	2.520737e+000
1.820223e+004	2.522825e+000
1.821224e+004	2.531825e+000
1.822225e+004	2.519811e+000
1.823225e+004	2.526287e+000
1.824226e+004	2.521425e+000
1.825227e+004	2.538658e+000
1.826227e+004	2.536736e+000
1.827228e+004	2.547855e+000
1.828229e+004	2.513678e+000
1.829228e+004	2.522073e+000
1.830229e+004	2.540428e+000
1.831230e+004	2.527982e+000
1.832232e+004	2.544526e+000
1.833232e+004	2.537591e+000
1.834236e+004	2.548445e+000
1.835235e+004	2.535050e+000
1.836241e+004	2.549712e+000
1.837238e+004	2.546345e+000
1.838239e+004	2.559781e+000
1.839241e+004	2.545908e+000
1.840242e+004	2.532912e+000
1.841243e+004	2.547802e+000
1.842243e+004	2.561790e+000
1.843244e+004	2.548963e+000
1.844248e+004	2.553569e+000
1.845247e+004	2.557684e+000
1.846249e+004	2.571666e+000
1.847249e+004	2.560497e+000
1.848250e+004	2.544110e+000
1.849250e+004	2.562037e+000
1.850251e+004	2.552255e+000
1.851253e+004	2.564022e+000
1.852254e+004	2.566749e+000
1.853255e+004	2.553525e+000
1.854253e+004	2.562599e+000
1.855254e+004	2.573926e+000
1.856255e+004	2.581476e+000
1.857255e+004	2.569874e+000
1.858256e+004	2.580883e+000
1.859257e+004	2.567695e+000
1.860257e+004	2.586728e+000
1.861256e+004	2.586506e+000
1.862258e+004	2.579600e+000
1.863259e+004	2.584586e+000
1.864260e+004	2.589511e+000
1.865259e+004	2.582926e+000
1.866259e+004	2.583619e+000
1.867258e+004	2.592823e+000
1.868260e+004	2.600946e+000
1.869261e+004	2.579474e+000
1.870262e+004	2.569959e+000
1.871261e+004	2.598636e+000
1.872262e+004	2.602640e+000
1.873261e+004	2.607603e+000
1.874265e+004	2.596934e+000
1.875263e+004	2.601425e+000
1.876265e+004	2.586047e+000
1.877264e+004	2.602446e+000
1.878264e+004	2.592407e+000
1.879266e+004	2.608033e+000
1.880267e+004	2.589425e+000
1.881267e+004	2.610878e+000
1.882268e+004	2.614650e+000
1.883267e+004	2.591747e+000
1.884269e+004	2.609846e+000
1.885270e+004	2.618497e+000
1.886272e+004	2.587925e+000
1.887274e+004	2.605626e+000
1.888274e+004	2.613132e+000
1.889275e+004	2.596721e+000
1.890276e+004	2.602959e+000
1.891276e+004	2.602980e+000
1.892277e+004	2.609870e+000
1.893276e+004	2.613972e+000
1.894278e+004	2.617484e+000
1.895279e+004	2.602710e+000
1.896279e+004	2.617277e+000
1.897280e+004	2.620570e+000
1.898280e+004	2.611390e+000
1.899286e+004	2.589210e+000
1.900283e+004	2.609247e+000
1.901290e+004	2.617361e+000
1.902286e+004	2.619476e+000
1.903287e+004	2.619450e+000
1.904287e+004	2.604608e+000
1.905287e+004	2.619694e+000
1.906290e+004	2.613077e+000
1.907290e+004	2.642946e+000
1.908291e+004	2.610530e+000
1.909292e+004	2.617686e+000
1.910292e+004	2.614100e+000
1.911293e+004	2.616523e+000
1.912293e+004	2.611812e+000
1.913294e+004	2.609944e+000
1.914295e+004	2.612551e+000
1.915294e+004	2.633580e+000
1.916294e+004	2.629105e+000
1.917293e+004	2.634189e+000
1.918298e+004	2.641044e+000
1.919298e+004	2.622110e+000
1.920298e+004	2.618224e+000
1.921299e+004	2.631571e+000
1.922298e+004	2.607920e+000
1.923300e+004	2.627004e+000
1.924301e+004	2.629612e+000
1.925303e+004	2.627230e+000
1.926304e+004	2.621715e+000
1.927306e+004	2.629740e+000
1.928304e+004	2.630990e+000
1.929305e+004	2.632951e+000
1.930306e+004	2.630939e+000
1.931306e+004	2.636759e+000
1.932307e+004	2.632004e+000
1.933309e+004	2.615960e+000
1.934310e+004	2.624940e+000
1.935311e+004	2.631013e+000
1.936311e+004	2.642164e+000
1.937312e+004	2.641450e+000
1.938312e+004	2.630888e+000
1.939313e+004	2.643192e+000
1.940314e+004	2.633847e+000
1.941313e+004	2.638740e+000
1.942313e+004	2.639711e+000
1.943314e+004	2.629054e+000
1.944315e+004	2.652997e+000
1.945315e+004	2.635112e+000
1.946314e+004	2.647171e+000
1.947315e+004	2.637228e+000
1.948314e+004	2.642548e+000
1.949314e+004	2.640205e+000
1.950315e+004	2.636501e+000
1.951315e+004	2.650830e+000
1.952316e+004	2.640660e+000
1.953317e+004	2.641494e+000
1.954317e+004	2.647213e+000
1.955318e+004	2.638926e+000
1.956319e+004	2.658072e+000
1.957320e+004	2.662492e+000
1.958320e+004	2.675829e+000
1.959323e+004	2.664723e+000
1.960322e+004	2.666125e+000
1.961322e+004	2.645284e+000
1.962323e+004	2.658084e+000
1.963324e+004	2.659558e+000
1.964322e+004	2.666594e+000
1.965323e+004	2.639483e+000
1.966325e+004	2.664892e+000
1.967326e+004	2.677149e+000
1.968328e+004	2.672713e+000
1.969329e+004	2.663089e+000
1.970330e+004	2.661084e+000
1.971330e+004	2.667976e+000
1.972331e+004	2.670174e+000
1.973332e+004	2.677453e+000
1.974333e+004	2.673723e+000
1.975337e+004	2.686596e+000
1.976332e+004	2.672539e+000
1.977333e+004	2.674447e+000
1.978335e+004	2.683212e+000
1.979336e+004	2.681732e+000
1.980337e+004	2.671553e+000
1.981337e+004	2.668650e+000
1.982338e+004	2.675789e+000
1.983339e+004	2.674692e+000
1.984337e+004	2.670977e+000
1.985343e+004	2.676129e+000
1.986340e+004	2.687932e+000
1.987341e+004	2.677982e+000
1.988342e+004	2.659792e+000
1.989342e+004	2.676928e+000
1.990343e+004	2.677291e+000
1.991345e+004	2.680706e+000
1.992346e+004	2.692389e+000
1.993347e+004	2.679816e+000
1.994347e+004	2.682349e+000
1.995349e+004	2.686244e+000
1.996352e+004	2.682792e+000
1.997350e+004	2.677217e+000
1.998351e+004	2.679130e+000
1.999350e+004	2.690210e+000
2.000350e+004	2.681511e+000
2.001351e+004	2.680481e+000
2.002351e+004	2.684632e+000
2.003352e+004	2.688267e+000
2.004353e+004	2.681410e+000
2.005352e+004	2.690596e+000
2.006352e+004	2.684429e+000
2.007353e+004	2.690575e+000
2.008353e+004	2.701342e+000
2.009354e+004	2.690730e+000
2.010353e+004	2.692575e+000
2.011354e+004	2.691922e+000
2.012358e+004	2.686778e+000
2.013355e+004	2.696640e+000
2.014361e+004	2.698272e+000
2.015358e+004	2.696569e+000
2.016359e+004	2.698884e+000
2.017360e+004	2.688705e+000
2.018360e+004	2.704306e+000
2.019361e+004	2.684529e+000
2.020361e+004	2.698901e+000
2.021367e+004	2.693972e+000
2.022364e+004	2.694046e+000
2.023365e+004	2.683186e+000
2.024367e+004	2.695266e+000
2.025368e+004	2.692869e+000
2.026368e+004	2.685370e+000
2.027369e+004	2.700367e+000
2.028373e+004	2.692661e+000
2.029370e+004	2.691401e+000
2.030371e+004	2.701700e+000
2.031373e+004	2.682978e+000
2.032375e+004	2.694011e+000
2.033375e+004	2.708207e+000
2.034376e+004	2.694508e+000
2.035377e+004	2.690895e+000
2.036377e+004	2.709666e+000
2.037378e+004	2.702241e+000
2.038378e+004	2.695253e+000
2.039383e+004	2.695860e+000
2.040381e+004	2.715786e+000
2.041382e+004	2.715927e+000
2.042383e+004	2.707639e+000
2.043383e+004	2.713598e+000
2.044384e+004	2.707869e+000
2.045384e+004	2.688923e+000
2.046388e+004	2.703039e+000
2.047385e+004	2.707155e+000
2.048387e+004	2.700423e+000
2.049392e+004	2.684749e+000
2.050390e+004	2.696701e+000
2.051391e+004	2.708144e+000
2.052393e+004	2.708354e+000
2.053394e+004	2.698887e+000
2.054395e+004	2.710929e+000
2.055395e+004	2.710404e+000
2.056396e+004	2.708396e+000
2.057397e+004	2.710530e+000
2.058397e+004	2.712231e+000
2.059398e+004	2.700878e+000
2.060398e+004	2.712389e+000
2.061399e+004	2.684966e+000
2.062400e+004	2.709552e+000
2.063400e+004	2.703575e+000
2.064407e+004	2.695495e+000
2.065404e+004	2.701254e+000
2.066406e+004	2.710029e+000
2.067406e+004	2.719327e+000
2.068412e+004	2.697753e+000
2.069409e+004	2.698075e+000
2.070410e+004	2.707675e+000
2.071415e+004	2.711756e+000
2.072415e+004	2.713046e+000
2.073415e+004	2.712219e+000
2.074418e+004	2.705232e+000
2.075419e+004	2.693048e+000
2.076422e+004	2.693650e+000
2.077422e+004	2.697015e+000
2.078422e+004	2.713551e+000
2.079422e+004	2.717657e+000
2.080422e+004	2.702200e+000
2.081425e+004	2.713911e+000
2.082425e+004	2.708890e+000
2.083426e+004	2.722202e+000
2.084427e+004	2.713700e+000
2.085427e+004	2.707609e+000
2.086428e+004	2.690888e+000
2.087430e+004	2.723773e+000
2.088431e+004	2.730972e+000
2.089433e+004	2.699141e+000
2.090434e+004	2.718249e+000
2.091434e+004	2.719937e+000
2.092435e+004	2.714240e+000
2.093436e+004	2.732347e+000
2.094436e+004	2.715545e+000
2.095437e+004	2.719016e+000
2.096437e+004	2.721124e+000
2.097438e+004	2.715168e+000
2.098438e+004	2.730532e+000
2.099438e+004	2.723332e+000
2.100439e+004	2.705220e+000
2.101440e+004	2.725589e+000
2.102441e+004	2.722203e+000
2.103440e+004	2.727111e+000
2.104440e+004	2.717189e+000
2.105441e+004	2.716117e+000
2.106441e+004	2.734867e+000
2.107442e+004	2.715779e+000
2.108444e+004	2.733032e+000
2.109445e+004	2.709307e+000
2.110446e+004	2.739642e+000
2.111445e+004	2.724212e+000
2.112445e+004	2.735707e+000
2.113446e+004	2.731084e+000
2.114446e+004	2.734821e+000
2.115447e+004	2.727026e+000
2.116448e+004	2.730612e+000
2.117448e+004	2.749696e+000
2.118449e+004	2.718542e+000
2.119450e+004	2.729843e+000
2.120450e+004	2.716477e+000
2.121449e+004	2.717210e+000
2.122450e+004	2.729490e+000
2.123451e+004	2.731438e+000
2.124451e+004	2.724527e+000
2.125451e+004	2.734679e+000
2.126453e+004	2.726576e+000
2.127454e+004	2.737299e+000
2.128454e+004	2.726945e+000
2.129460e+004	2.739843e+000
2.130457e+004	2.733975e+000
2.131458e+004	2.737338e+000
2.132459e+004	2.742492e+000
2.133459e+004	2.725525e+000
2.134458e+004	2.730892e+000
2.135459e+004	2.755111e+000
2.136458e+004	2.742097e+000
2.137458e+004	2.725417e+000
2.138459e+004	2.734997e+000
2.139460e+004	2.743772e+000
2.140462e+004	2.744203e+000
2.141463e+004	2.729483e+000
2.142463e+004	2.719620e+000
2.143464e+004	2.733688e+000
2.144463e+004	2.723376e+000
2.145463e+004	2.732248e+000
2.146464e+004	2.717869e+000
2.147465e+004	2.719942e+000
2.148465e+004	2.727195e+000
2.149466e+004	2.727127e+000
2.150466e+004	2.720737e+000
2.151469e+004	2.733194e+000
2.152469e+004	2.717910e+000
2.153471e+004	2.730944e+000
2.154472e+004	2.722475e+000
2.155476e+004	2.728184e+000
2.156476e+004	2.747864e+000
2.157476e+004	2.728629e+000
2.158478e+004	2.729914e+000
2.159478e+004	2.723924e+000
2.160478e+004	2.737276e+000
2.161479e+004	2.716018e+000
2.162478e+004	2.726951e+000
2.163481e+004	2.744142e+000
2.164481e+004	2.719136e+000
2.165482e+004	2.723088e+000
2.166481e+004	2.737835e+000
2.167483e+004	2.736619e+000
2.168484e+004	2.724899e+000
2.169484e+004	2.730470e+000
2.170485e+004	2.728585e+000
2.171487e+004	2.737284e+000
2.172490e+004	2.737858e+000
2.173490e+004	2.746181e+000
2.174490e+004	2.728213e+000
2.175490e+004	2.725716e+000
2.176490e+004	2.725829e+000
2.177494e+004	2.724875e+000
2.178494e+004	2.726184e+000
2.179495e+004	2.725575e+000
2.180496e+004	2.728299e+000
2.181496e+004	2.710123e+000
2.182497e+004	2.739488e+000
2.183496e+004	2.737816e+000
2.184498e+004	2.732743e+000
2.185499e+004	2.736578e+000
2.186501e+004	2.734949e+000
2.187505e+004	2.719663e+000
2.188503e+004	2.717717e+000
2.189501e+004	2.738205e+000
2.190502e+004	2.735509e+000
2.191504e+004	2.740081e+000
2.192505e+004	2.733865e+000
2.193506e+004	2.735879e+000
2.194505e+004	2.730133e+000
2.195505e+004	2.733649e+000
2.196504e+004	2.726801e+000
2.197505e+004	2.743539e+000
2.198505e+004	2.748482e+000
2.199506e+004	2.747389e+000
2.200507e+004	2.741241e+000
2.201506e+004	2.743850e+000
2.202506e+004	2.727072e+000
2.203505e+004	2.736284e+000
2.204506e+004	2.722038e+000
2.205506e+004	2.739508e+000
2.206508e+004	2.729446e+000
2.207508e+004	2.742919e+000
2.208512e+004	2.736444e+000
2.209511e+004	2.743332e+000
2.210512e+004	2.740019e+000
2.211512e+004	2.722276e+000
2.212513e+004	2.739770e+000
2.213514e+004	2.731597e+000
2.214512e+004	2.740854e+000
2.215513e+004	2.723160e+000
2.216512e+004	2.737720e+000
2.217514e+004	2.717129e+000
2.218518e+004	2.740984e+000
2.219515e+004	2.736458e+000
2.220516e+004	2.729498e+000
2.221515e+004	2.735207e+000
2.222518e+004	2.732178e+000
2.223521e+004	2.735773e+000
2.224521e+004	2.739383e+000
2.225522e+004	2.742579e+000
2.226524e+004	2.734283e+000
2.227525e+004	2.739729e+000
2.228526e+004	2.743179e+000
2.229524e+004	2.731909e+000
2.230525e+004	2.730744e+000
2.231526e+004	2.736008e+000
2.232526e+004	2.738046e+000
2.233527e+004	2.736992e+000
2.234528e+004	2.734537e+000
2.235528e+004	2.737506e+000
2.236529e+004	2.739701e+000
2.237530e+004	2.719900e+000
2.238530e+004	2.740004e+000
2.239531e+004	2.742810e+000
2.240532e+004	2.734087e+000
2.241532e+004	2.735609e+000
2.242533e+004	2.730786e+000
2.243533e+004	2.730549e+000
2.244534e+004	2.727414e+000
2.245534e+004	2.728631e+000
2.246535e+004	2.735082e+000
2.247536e+004	2.731629e+000
2.248537e+004	2.740665e+000
2.249538e+004	2.734544e+000
2.250543e+004	2.737686e+000
2.251541e+004	2.730099e+000
2.252542e+004	2.731311e+000
2.253541e+004	2.731222e+000
2.254541e+004	2.715516e+000
2.255540e+004	2.736792e+000
2.256540e+004	2.733947e+000
2.257541e+004	2.728096e+000
2.258540e+004	2.732021e+000
2.259542e+004	2.740332e+000
2.260543e+004	2.718061e+000
2.261544e+004	2.728998e+000
2.262542e+004	2.746991e+000
2.263543e+004	2.730969e+000
2.264542e+004	2.747704e+000
2.265544e+004	2.740283e+000
2.266545e+004	2.743647e+000
2.267547e+004	2.726328e+000
2.268548e+004	2.741984e+000
2.269549e+004	2.729981e+000
2.270548e+004	2.748577e+000
2.271548e+004	2.738530e+000
2.272549e+004	2.728453e+000
2.273550e+004	2.748363e+000
2.274550e+004	2.741247e+000
2.275549e+004	2.751837e+000
2.276551e+004	2.739502e+000
2.277551e+004	2.743099e+000
2.278552e+004	2.752804e+000
2.279552e+004	2.735179e+000
2.280553e+004	2.729263e+000
2.281553e+004	2.725067e+000
2.282554e+004	2.746835e+000
2.283553e+004	2.735378e+000
2.284553e+004	2.756886e+000
2.285554e+004	2.736872e+000
2.286555e+004	2.745667e+000
2.287555e+004	2.746354e+000
2.288556e+004	2.736141e+000
2.289557e+004	2.744858e+000
2.290555e+004	2.733143e+000
2.291556e+004	2.756760e+000
2.292557e+004	2.744447e+000
2.293557e+004	2.749488e+000
2.294563e+004	2.731582e+000
2.295560e+004	2.764618e+000
2.296565e+004	2.758904e+000
2.297561e+004	2.746411e+000
2.298563e+004	2.757370e+000
2.299564e+004	2.759726e+000
2.300566e+004	2.737879e+000
2.301567e+004	2.741300e+000
2.302568e+004	2.752118e+000
2.303566e+004	2.763447e+000
2.304567e+004	2.747408e+000
2.305568e+004	2.757209e+000
2.306568e+004	2.750787e+000
2.307571e+004	2.763491e+000
2.308572e+004	2.741300e+000
2.309572e+004	2.745635e+000
2.310572e+004	2.745096e+000
2.311573e+004	2.752060e+000
2.312574e+004	2.747745e+000
2.313574e+004	2.760137e+000
2.314577e+004	2.758333e+000
2.315578e+004	2.744003e+000
2.316578e+004	2.753505e+000
2.317577e+004	2.752095e+000
2.318578e+004	2.747233e+000
2.319577e+004	2.756769e+000
2.320577e+004	2.755156e+000
2.321578e+004	2.752588e+000
2.322579e+004	2.747839e+000
2.323579e+004	2.761510e+000
2.324580e+004	2.767998e+000
2.325581e+004	2.750246e+000
2.326581e+004	2.733561e+000
2.327580e+004	2.757417e+000
2.328586e+004	2.766866e+000
2.329585e+004	2.757137e+000
2.330585e+004	2.743408e+000
2.331590e+004	2.759559e+000
2.332588e+004	2.757304e+000
2.333590e+004	2.747340e+000
2.334588e+004	2.766171e+000
2.335590e+004	2.756578e+000
2.336592e+004	2.749243e+000
2.337592e+004	2.768954e+000
2.338591e+004	2.752186e+000
2.339595e+004	2.757509e+000
2.340594e+004	2.763140e+000
2.341595e+004	2.769151e+000
2.342597e+004	2.754651e+000
2.343598e+004	2.759885e+000
2.344600e+004	2.766094e+000
2.345601e+004	2.766623e+000
2.346602e+004	2.762779e+000
2.347600e+004	2.757367e+000
2.348601e+004	2.761511e+000
2.349602e+004	2.770655e+000
2.350605e+004	2.761114e+000
2.351605e+004	2.747714e+000
2.352606e+004	2.751313e+000
2.353608e+004	2.758045e+000
2.354611e+004	2.782519e+000
2.355611e+004	2.776218e+000
2.356612e+004	2.759411e+000
2.357613e+004	2.754291e+000
2.358613e+004	2.776337e+000
2.359614e+004	2.779928e+000
2.360615e+004	2.770988e+000
2.361613e+004	2.767000e+000
2.362614e+004	2.754745e+000
2.363616e+004	2.770215e+000
2.364617e+004	2.768393e+000
2.365618e+004	2.764557e+000
2.366616e+004	2.782241e+000
2.367617e+004	2.780325e+000
2.368616e+004	2.761898e+000
2.369618e+004	2.773378e+000
2.370619e+004	2.777895e+000
2.371621e+004	2.783193e+000
2.372622e+004	2.777587e+000
2.373624e+004	2.785353e+000
2.374624e+004	2.767543e+000
2.375624e+004	2.784773e+000
2.376626e+004	2.801905e+000
2.377626e+004	2.776619e+000
2.378627e+004	2.791934e+000
2.379627e+004	2.775711e+000
2.380628e+004	2.802152e+000
2.381629e+004	2.795437e+000
2.382629e+004	2.796225e+000
2.383630e+004	2.787057e+000
2.384631e+004	2.797179e+000
2.385631e+004	2.788856e+000
2.386630e+004	2.794673e+000
2.387630e+004	2.786544e+000
2.388631e+004	2.792259e+000
2.389632e+004	2.795950e+000
2.390632e+004	2.782186e+000
2.391633e+004	2.791471e+000
2.392634e+004	2.790013e+000
2.393635e+004	2.794993e+000
2.394640e+004	2.807352e+000
2.395638e+004	2.784019e+000
2.396641e+004	2.800285e+000
2.397639e+004	2.793888e+000
2.398640e+004	2.794271e+000
2.399640e+004	2.812260e+000
2.400641e+004	2.808241e+000
2.401642e+004	2.800726e+000
2.402640e+004	2.804551e+000
2.403641e+004	2.813018e+000
2.404642e+004	2.804825e+000
2.405642e+004	2.808772e+000
2.406643e+004	2.801952e+000
2.407644e+004	2.806190e+000
2.408644e+004	2.799091e+000
2.409645e+004	2.800653e+000
2.410646e+004	2.816797e+000
2.411645e+004	2.783248e+000
2.412645e+004	2.824267e+000
2.413646e+004	2.801108e+000
2.414650e+004	2.809589e+000
2.415647e+004	2.812254e+000
2.416648e+004	2.824876e+000
2.417648e+004	2.807693e+000
2.418654e+004	2.808128e+000
2.419651e+004	2.807296e+000
2.420657e+004	2.815084e+000
2.421655e+004	2.789732e+000
2.422655e+004	2.792203e+000
2.423656e+004	2.812255e+000
2.424657e+004	2.793879e+000
2.425660e+004	2.802331e+000
2.426660e+004	2.811868e+000
2.427663e+004	2.787571e+000
2.428663e+004	2.795105e+000
2.429666e+004	2.799672e+000
2.430666e+004	2.808048e+000
2.431669e+004	2.800746e+000
2.432669e+004	2.807010e+000
2.433670e+004	2.801229e+000
2.434671e+004	2.801191e+000
2.435669e+004	2.818783e+000
2.436670e+004	2.811202e+000
2.437669e+004	2.816356e+000
2.438671e+004	2.822789e+000
2.439672e+004	2.802109e+000
2.440672e+004	2.817025e+000
2.441673e+004	2.808983e+000
2.442674e+004	2.808625e+000
2.443673e+004	2.813500e+000
2.444676e+004	2.812227e+000
2.445676e+004	2.802949e+000
2.446679e+004	2.817898e+000
2.447679e+004	2.811128e+000
2.448680e+004	2.823859e+000
2.449683e+004	2.822996e+000
2.450681e+004	2.824002e+000
2.451682e+004	2.828130e+000
2.452684e+004	2.828795e+000
2.453685e+004	2.815396e+000
2.454686e+004	2.818209e+000
2.455686e+004	2.819525e+000
2.456689e+004	2.809918e+000
2.457689e+004	2.813550e+000
2.458688e+004	2.819720e+000
2.459688e+004	2.808118e+000
2.460693e+004	2.836960e+000
2.461692e+004	2.819401e+000
2.462697e+004	2.820032e+000
2.463695e+004	2.813412e+000
2.464696e+004	2.824560e+000
2.465698e+004	2.821549e+000
2.466699e+004	2.813602e+000
2.467700e+004	2.818706e+000
2.468698e+004	2.833850e+000
2.469699e+004	2.819775e+000
2.470698e+004	2.822041e+000
2.471700e+004	2.823071e+000
2.472701e+004	2.817766e+000
2.473702e+004	2.831032e+000
2.474700e+004	2.844581e+000
2.475703e+004	2.831696e+000
2.476703e+004	2.826570e+000
2.477704e+004	2.830325e+000
2.478706e+004	2.831131e+000
2.479707e+004	2.836580e+000
2.480712e+004	2.823614e+000
2.481706e+004	2.824961e+000
2.482710e+004	2.825372e+000
2.483710e+004	2.839373e+000
2.484711e+004	2.821800e+000
2.485711e+004	2.840706e+000
2.486712e+004	2.820159e+000
2.487714e+004	2.841268e+000
2.488717e+004	2.834347e+000
2.489717e+004	2.837708e+000
2.490718e+004	2.817341e+000
2.491719e+004	2.834732e+000
2.492719e+004	2.827392e+000
2.493720e+004	2.836734e+000
2.494722e+004	2.843740e+000
2.495723e+004	2.842398e+000
2.496724e+004	2.828257e+000
2.497722e+004	2.817297e+000
2.498726e+004	2.847176e+000
2.499724e+004	2.829201e+000
2.500724e+004	2.829801e+000
2.501726e+004	2.844567e+000
2.502728e+004	2.839945e+000
2.503729e+004	2.834847e+000
2.504730e+004	2.845233e+000
2.505730e+004	2.833636e+000
2.506729e+004	2.843940e+000
2.507731e+004	2.849380e+000
2.508732e+004	2.834208e+000
2.509734e+004	2.831176e+000
2.510735e+004	2.841666e+000
2.511735e+004	2.845894e+000
2.512736e+004	2.838305e+000
2.513736e+004	2.819312e+000
2.514740e+004	2.838024e+000
2.515738e+004	2.842662e+000
2.516738e+004	2.827514e+000
2.517739e+004	2.833597e+000
2.518740e+004	2.856839e+000
2.519741e+004	2.853024e+000
2.520742e+004	2.839010e+000
2.521744e+004	2.832816e+000
2.522745e+004	2.833196e+000
2.523745e+004	2.841629e+000
2.524746e+004	2.855204e+000
2.525747e+004	2.836175e+000
2.526747e+004	2.843201e+000
2.527748e+004	2.849562e+000
2.528750e+004	2.825662e+000
2.529751e+004	2.827523e+000
2.530752e+004	2.847156e+000
2.531751e+004	2.822369e+000
2.532751e+004	2.833382e+000
2.533752e+004	2.820803e+000
2.534752e+004	2.843782e+000
2.535758e+004	2.852449e+000
2.536756e+004	2.848658e+000
2.537756e+004	2.844619e+000
2.538755e+004	2.838468e+000
2.539756e+004	2.846633e+000
2.540755e+004	2.847882e+000
2.541755e+004	2.849529e+000
2.542756e+004	2.847614e+000
2.543755e+004	2.838606e+000
2.544755e+004	2.857608e+000
2.545756e+004	2.856945e+000
2.546757e+004	2.857352e+000
2.547760e+004	2.849666e+000
2.548761e+004	2.844572e+000
2.549761e+004	2.851360e+000
2.550762e+004	2.855810e+000
2.551762e+004	2.850080e+000
2.552763e+004	2.857447e+000
2.553764e+004	2.856126e+000
2.554763e+004	2.848376e+000
2.555772e+004	2.844669e+000
2.556772e+004	2.838637e+000
2.557773e+004	2.848572e+000
2.558774e+004	2.850595e+000
2.559774e+004	2.849466e+000
2.560874e+004	2.836244e+000
2.562422e+004	2.850482e+000
