0.000000e+000	1.491215e+000
1.001400e+001	1.458189e+000
2.001300e+001	1.490588e+000
3.002300e+001	1.494082e+000
4.003300e+001	1.499798e+000
5.003300e+001	1.516033e+000
6.004300e+001	1.523783e+000
7.005300e+001	1.499369e+000
8.005400e+001	1.494460e+000
9.006500e+001	1.521944e+000
1.000660e+002	1.510013e+000
1.100760e+002	1.526043e+000
1.200860e+002	1.508883e+000
1.300870e+002	1.458641e+000
1.400970e+002	1.462314e+000
1.501070e+002	1.470690e+000
1.600890e+002	1.463521e+000
1.701000e+002	1.463160e+000
1.801200e+002	1.448389e+000
1.901310e+002	1.476954e+000
2.001320e+002	1.488471e+000
2.101630e+002	1.476761e+000
2.201630e+002	1.464997e+000
2.301730e+002	1.471591e+000
2.401830e+002	1.480263e+000
2.501840e+002	1.478091e+000
2.601940e+002	1.476929e+000
2.702040e+002	1.488829e+000
2.801850e+002	1.482680e+000
2.901950e+002	1.501364e+000
3.002050e+002	1.486552e+000
3.101880e+002	1.493869e+000
3.201990e+002	1.495563e+000
3.302110e+002	1.518165e+000
3.402110e+002	1.510607e+000
3.502020e+002	1.499830e+000
3.602220e+002	1.533523e+000
3.702520e+002	1.541314e+000
3.802520e+002	1.533542e+000
3.902830e+002	1.547769e+000
4.002840e+002	1.519138e+000
4.102940e+002	1.550464e+000
4.203040e+002	1.537203e+000
4.303040e+002	1.542335e+000
4.403140e+002	1.562178e+000
4.503230e+002	1.568876e+000
4.603040e+002	1.564461e+000
4.703140e+002	1.583157e+000
4.803240e+002	1.556401e+000
4.903250e+002	1.567529e+000
5.003380e+002	1.594517e+000
5.103390e+002	1.589457e+000
5.203480e+002	1.600080e+000
5.303580e+002	1.609937e+000
5.403390e+002	1.584237e+000
5.503700e+002	1.584450e+000
5.603710e+002	1.606517e+000
5.703820e+002	1.583359e+000
5.804020e+002	1.607937e+000
5.904120e+002	1.586893e+000
6.004330e+002	1.584879e+000
6.104430e+002	1.598429e+000
6.204450e+002	1.596836e+000
6.304550e+002	1.608340e+000
6.404450e+002	1.621609e+000
6.504660e+002	1.611939e+000
6.604750e+002	1.606381e+000
6.704850e+002	1.635406e+000
6.804670e+002	1.606794e+000
6.904770e+002	1.611428e+000
7.004870e+002	1.622460e+000
7.104870e+002	1.629045e+000
7.204980e+002	1.637542e+000
7.305200e+002	1.631196e+000
7.405310e+002	1.628352e+000
7.505410e+002	1.650270e+000
7.605410e+002	1.646689e+000
7.705320e+002	1.642735e+000
7.805420e+002	1.651511e+000
7.905420e+002	1.657796e+000
8.005530e+002	1.672199e+000
8.105540e+002	1.687560e+000
8.205640e+002	1.672416e+000
8.305740e+002	1.676885e+000
8.405730e+002	1.729838e+000
8.505830e+002	1.728548e+000
8.605930e+002	1.722991e+000
8.705930e+002	1.738305e+000
8.806030e+002	1.730190e+000
8.906140e+002	1.731752e+000
9.006040e+002	1.754135e+000
9.105860e+002	1.745837e+000
9.205970e+002	1.739951e+000
9.305970e+002	1.718480e+000
9.406070e+002	1.750096e+000
9.506170e+002	1.736954e+000
9.606000e+002	1.740633e+000
9.706300e+002	1.729260e+000
9.806310e+002	1.765589e+000
9.906420e+002	1.724929e+000
1.000662e+003	1.751350e+000
1.010672e+003	1.765569e+000
1.020681e+003	1.739978e+000
1.030682e+003	1.753025e+000
1.040692e+003	1.766082e+000
1.050703e+003	1.755315e+000
1.060703e+003	1.789864e+000
1.070694e+003	1.802429e+000
1.080704e+003	1.810518e+000
1.090704e+003	1.822991e+000
1.100714e+003	1.813611e+000
1.110724e+003	1.788258e+000
1.120705e+003	1.788018e+000
1.130715e+003	1.786511e+000
1.140706e+003	1.793507e+000
1.150716e+003	1.812598e+000
1.160706e+003	1.814558e+000
1.170707e+003	1.805323e+000
1.180710e+003	1.808744e+000
1.190720e+003	1.832677e+000
1.200711e+003	1.836820e+000
1.210722e+003	1.826115e+000
1.220722e+003	1.859401e+000
1.230713e+003	1.840331e+000
1.240724e+003	1.813091e+000
1.250726e+003	1.853184e+000
1.260735e+003	1.861853e+000
1.270725e+003	1.866984e+000
1.280725e+003	1.874927e+000
1.290736e+003	1.889279e+000
1.300745e+003	1.893237e+000
1.310766e+003	1.890550e+000
1.320776e+003	1.894907e+000
1.330776e+003	1.907701e+000
1.340767e+003	1.918286e+000
1.350823e+003	1.903228e+000
1.360817e+003	1.924316e+000
1.370818e+003	1.892319e+000
1.380848e+003	1.911715e+000
1.390848e+003	1.933247e+000
1.400858e+003	1.944575e+000
1.410868e+003	1.980427e+000
1.420868e+003	1.951748e+000
1.430878e+003	1.970705e+000
1.440888e+003	1.951400e+000
1.450889e+003	1.973192e+000
1.460900e+003	1.972888e+000
1.470901e+003	1.962758e+000
1.480911e+003	1.957184e+000
1.490903e+003	1.968373e+000
1.500902e+003	1.979064e+000
1.510913e+003	1.974207e+000
1.520923e+003	1.989170e+000
1.530923e+003	2.007672e+000
1.540934e+003	2.004482e+000
1.550943e+003	2.019120e+000
1.560944e+003	2.050020e+000
1.570954e+003	2.037387e+000
1.580963e+003	2.043775e+000
1.590965e+003	2.026564e+000
1.600994e+003	2.039585e+000
1.611004e+003	2.036547e+000
1.621006e+003	2.018894e+000
1.631016e+003	2.032702e+000
1.640997e+003	2.061427e+000
1.651027e+003	2.058733e+000
1.661019e+003	2.062229e+000
1.671019e+003	2.050907e+000
1.681028e+003	2.063243e+000
1.691029e+003	2.092661e+000
1.701040e+003	2.101623e+000
1.711051e+003	2.079410e+000
1.721052e+003	2.091260e+000
1.731062e+003	2.085939e+000
1.741062e+003	2.085063e+000
1.751072e+003	2.116256e+000
1.761082e+003	2.113047e+000
1.771073e+003	2.126867e+000
1.781073e+003	2.135209e+000
1.791064e+003	2.115212e+000
1.801074e+003	2.171860e+000
1.811074e+003	2.138251e+000
1.821084e+003	2.125999e+000
1.831095e+003	2.142836e+000
1.841095e+003	2.116226e+000
1.851105e+003	2.146310e+000
1.861115e+003	2.155739e+000
1.871115e+003	2.168559e+000
1.881125e+003	2.161974e+000
1.891126e+003	2.174689e+000
1.901157e+003	2.190661e+000
1.911166e+003	2.181304e+000
1.921166e+003	2.196762e+000
1.931157e+003	2.204762e+000
1.941167e+003	2.197266e+000
1.951148e+003	2.192144e+000
1.961179e+003	2.193022e+000
1.971189e+003	2.225685e+000
1.981210e+003	2.235490e+000
1.991220e+003	2.228315e+000
2.001220e+003	2.233297e+000
2.011211e+003	2.247115e+000
2.021231e+003	2.238495e+000
2.031242e+003	2.239498e+000
2.041253e+003	2.243289e+000
2.051253e+003	2.248553e+000
2.061262e+003	2.252883e+000
2.071273e+003	2.272608e+000
2.081293e+003	2.260608e+000
2.091292e+003	2.250878e+000
2.101357e+003	2.266199e+000
2.111324e+003	2.253081e+000
2.121335e+003	2.248590e+000
2.131325e+003	2.229197e+000
2.141345e+003	2.206899e+000
2.151355e+003	2.233792e+000
2.161365e+003	2.247226e+000
2.171366e+003	2.224984e+000
2.181375e+003	2.237681e+000
2.191385e+003	2.251617e+000
2.201367e+003	2.217187e+000
2.211377e+003	2.236160e+000
2.221379e+003	2.240653e+000
2.231390e+003	2.234024e+000
2.241380e+003	2.218414e+000
2.251383e+003	2.234352e+000
2.261393e+003	2.223653e+000
2.271404e+003	2.206563e+000
2.281404e+003	2.243142e+000
2.291415e+003	2.209835e+000
2.301424e+003	2.229228e+000
2.311424e+003	2.217386e+000
2.321434e+003	2.208717e+000
2.331436e+003	2.230627e+000
2.341446e+003	2.215958e+000
2.351457e+003	2.241056e+000
2.361458e+003	2.229676e+000
2.371468e+003	2.245174e+000
2.381478e+003	2.213492e+000
2.391499e+003	2.205386e+000
2.401499e+003	2.230268e+000
2.411530e+003	2.250685e+000
2.421531e+003	2.239507e+000
2.431543e+003	2.207746e+000
2.441553e+003	2.243486e+000
2.451553e+003	2.212999e+000
2.461544e+003	2.231420e+000
2.471547e+003	2.242749e+000
2.481556e+003	2.237947e+000
2.491566e+003	2.217878e+000
2.501547e+003	2.222702e+000
2.511558e+003	2.223305e+000
2.521560e+003	2.220702e+000
2.531570e+003	2.237725e+000
2.541581e+003	2.206814e+000
2.551579e+003	2.219091e+000
2.561590e+003	2.231150e+000
2.571600e+003	2.225475e+000
2.581600e+003	2.218350e+000
2.591653e+003	2.232966e+000
2.601640e+003	2.239266e+000
2.611661e+003	2.243837e+000
2.621671e+003	2.204651e+000
2.631671e+003	2.219538e+000
2.641681e+003	2.199298e+000
2.651682e+003	2.197828e+000
2.661694e+003	2.219808e+000
2.671713e+003	2.193876e+000
2.681724e+003	2.227702e+000
2.691744e+003	2.219260e+000
2.701755e+003	2.217606e+000
2.711776e+003	2.213115e+000
2.721787e+003	2.215482e+000
2.731787e+003	2.233442e+000
2.741797e+003	2.232660e+000
2.751788e+003	2.213031e+000
2.761808e+003	2.234291e+000
2.771819e+003	2.220070e+000
2.781839e+003	2.218060e+000
2.791850e+003	2.233736e+000
2.801871e+003	2.220831e+000
2.811882e+003	2.237360e+000
2.821892e+003	2.233925e+000
2.831914e+003	2.211309e+000
2.841914e+003	2.250564e+000
2.851924e+003	2.226871e+000
2.861934e+003	2.214684e+000
2.871934e+003	2.211835e+000
2.881964e+003	2.213501e+000
2.891974e+003	2.208292e+000
2.901974e+003	2.218849e+000
2.911984e+003	2.219362e+000
2.921993e+003	2.226393e+000
2.932013e+003	2.207029e+000
2.942024e+003	2.209055e+000
2.952024e+003	2.209688e+000
2.962016e+003	2.236835e+000
2.972035e+003	2.217574e+000
2.982065e+003	2.211219e+000
2.992065e+003	2.234146e+000
3.002075e+003	2.198520e+000
3.012085e+003	2.238687e+000
3.022085e+003	2.212673e+000
3.032096e+003	2.212372e+000
3.042118e+003	2.228216e+000
3.052129e+003	2.219291e+000
3.062130e+003	2.241543e+000
3.072160e+003	2.218120e+000
3.082160e+003	2.231434e+000
3.092191e+003	2.217645e+000
3.102191e+003	2.220329e+000
3.112201e+003	2.217048e+000
3.122211e+003	2.224162e+000
3.132211e+003	2.216933e+000
3.142221e+003	2.199692e+000
3.152261e+003	2.207807e+000
3.162222e+003	2.216794e+000
3.172223e+003	2.201169e+000
3.182233e+003	2.195317e+000
3.192233e+003	2.212366e+000
3.202243e+003	2.230246e+000
3.212234e+003	2.194638e+000
3.222236e+003	2.209780e+000
3.232246e+003	2.188777e+000
3.242256e+003	2.199100e+000
3.252257e+003	2.198244e+000
3.262268e+003	2.208235e+000
3.272278e+003	2.206777e+000
3.282278e+003	2.191907e+000
3.292269e+003	2.207468e+000
3.302279e+003	2.226638e+000
3.312261e+003	2.201594e+000
3.322294e+003	2.199938e+000
3.332315e+003	2.221526e+000
3.342325e+003	2.198877e+000
3.352325e+003	2.201747e+000
3.362316e+003	2.204240e+000
3.372326e+003	2.195680e+000
3.382347e+003	2.199652e+000
3.392357e+003	2.192936e+000
3.402379e+003	2.186547e+000
3.412379e+003	2.172153e+000
3.422410e+003	2.172881e+000
3.432409e+003	2.186593e+000
3.442440e+003	2.189571e+000
3.452440e+003	2.172899e+000
3.462471e+003	2.189957e+000
3.472471e+003	2.173843e+000
3.482482e+003	2.177727e+000
3.492492e+003	2.170800e+000
3.502492e+003	2.165901e+000
3.512503e+003	2.183868e+000
3.522503e+003	2.173771e+000
3.532535e+003	2.181422e+000
3.542535e+003	2.189799e+000
3.552545e+003	2.185449e+000
3.562555e+003	2.168666e+000
3.572554e+003	2.163834e+000
3.582585e+003	2.162076e+000
3.592595e+003	2.166514e+000
3.602595e+003	2.157219e+000
3.612605e+003	2.154018e+000
3.622615e+003	2.166780e+000
3.632636e+003	2.163954e+000
3.642646e+003	2.165571e+000
3.652647e+003	2.152677e+000
3.662657e+003	2.181218e+000
3.672657e+003	2.177940e+000
3.682688e+003	2.189467e+000
3.692688e+003	2.176721e+000
3.702698e+003	2.163048e+000
3.712689e+003	2.132963e+000
3.722709e+003	2.165155e+000
3.732719e+003	2.143002e+000
3.742729e+003	2.158031e+000
3.752729e+003	2.161735e+000
3.762740e+003	2.158654e+000
3.772739e+003	2.162266e+000
3.782750e+003	2.158080e+000
3.792741e+003	2.130141e+000
3.802743e+003	2.144266e+000
3.812754e+003	2.163360e+000
3.822774e+003	2.151643e+000
3.832836e+003	2.161723e+000
3.842804e+003	2.150850e+000
3.852814e+003	2.135521e+000
3.862823e+003	2.167879e+000
3.872824e+003	2.139391e+000
3.882834e+003	2.159488e+000
3.892844e+003	2.139960e+000
3.902826e+003	2.151434e+000
3.912857e+003	2.156668e+000
3.922857e+003	2.170693e+000
3.932867e+003	2.157398e+000
3.942859e+003	2.146033e+000
3.952859e+003	2.148872e+000
3.962869e+003	2.141191e+000
3.972879e+003	2.155413e+000
3.982879e+003	2.161639e+000
3.992889e+003	2.145089e+000
4.002899e+003	2.160083e+000
4.012900e+003	2.155670e+000
4.022910e+003	2.153716e+000
4.032920e+003	2.168936e+000
4.042909e+003	2.181652e+000
4.052892e+003	2.154390e+000
4.062902e+003	2.181943e+000
4.072911e+003	2.158987e+000
4.082893e+003	2.186627e+000
4.092903e+003	2.169092e+000
4.102911e+003	2.195203e+000
4.112913e+003	2.152890e+000
4.122923e+003	2.192217e+000
4.132933e+003	2.161152e+000
4.142915e+003	2.196168e+000
4.152926e+003	2.176810e+000
4.162946e+003	2.178011e+000
4.172958e+003	2.162569e+000
4.182977e+003	2.177477e+000
4.193001e+003	2.166319e+000
4.203031e+003	2.164237e+000
4.213031e+003	2.152219e+000
4.223041e+003	2.164193e+000
4.233051e+003	2.127082e+000
4.243050e+003	2.157121e+000
4.253061e+003	2.145256e+000
4.263071e+003	2.149105e+000
4.273071e+003	2.157599e+000
4.283101e+003	2.158712e+000
4.293103e+003	2.123148e+000
4.303132e+003	2.144047e+000
4.313142e+003	2.164245e+000
4.323163e+003	2.154889e+000
4.333164e+003	2.144718e+000
4.343216e+003	2.156579e+000
4.353204e+003	2.144986e+000
4.363203e+003	2.138487e+000
4.373195e+003	2.162808e+000
4.383206e+003	2.148113e+000
4.393206e+003	2.130922e+000
4.403197e+003	2.145121e+000
4.413217e+003	2.149561e+000
4.423247e+003	2.145371e+000
4.433248e+003	2.171271e+000
4.443258e+003	2.143211e+000
4.453268e+003	2.162346e+000
4.463268e+003	2.144761e+000
4.473278e+003	2.149046e+000
4.483288e+003	2.167726e+000
4.493288e+003	2.163576e+000
4.503298e+003	2.146287e+000
4.513308e+003	2.172870e+000
4.523309e+003	2.169359e+000
4.533320e+003	2.167777e+000
4.543330e+003	2.153263e+000
4.553330e+003	2.175951e+000
4.563339e+003	2.160771e+000
4.573349e+003	2.144661e+000
4.583350e+003	2.167755e+000
4.593360e+003	2.127606e+000
4.603342e+003	2.167497e+000
4.613352e+003	2.164841e+000
4.623362e+003	2.172294e+000
4.633362e+003	2.166229e+000
4.643373e+003	2.158349e+000
4.653382e+003	2.166522e+000
4.663372e+003	2.163140e+000
4.673373e+003	2.170177e+000
4.683384e+003	2.173613e+000
4.693385e+003	2.181596e+000
4.703395e+003	2.196474e+000
4.713405e+003	2.154236e+000
4.723395e+003	2.190674e+000
4.733396e+003	2.175002e+000
4.743387e+003	2.202071e+000
4.753407e+003	2.187733e+000
4.763418e+003	2.178004e+000
4.773438e+003	2.185310e+000
4.783448e+003	2.153702e+000
4.793460e+003	2.168046e+000
4.803460e+003	2.176802e+000
4.813450e+003	2.193201e+000
4.823452e+003	2.155111e+000
4.833464e+003	2.174231e+000
4.843473e+003	2.161297e+000
4.853473e+003	2.179489e+000
4.863483e+003	2.173699e+000
4.873493e+003	2.191978e+000
4.883493e+003	2.156571e+000
4.893503e+003	2.133489e+000
4.903513e+003	2.157893e+000
4.913513e+003	2.169236e+000
4.923543e+003	2.162146e+000
4.933553e+003	2.178073e+000
4.943553e+003	2.168207e+000
4.953563e+003	2.146008e+000
4.963572e+003	2.145667e+000
4.973572e+003	2.157966e+000
4.983583e+003	2.156363e+000
4.993583e+003	2.149996e+000
5.003612e+003	2.172765e+000
5.013613e+003	2.178166e+000
5.023623e+003	2.149892e+000
5.033633e+003	2.166460e+000
5.043615e+003	2.166131e+000
5.053625e+003	2.150092e+000
5.063616e+003	2.159625e+000
5.073627e+003	2.168190e+000
5.083649e+003	2.162678e+000
5.093658e+003	2.150740e+000
5.103679e+003	2.172835e+000
5.113679e+003	2.160653e+000
5.123689e+003	2.178136e+000
5.133699e+003	2.179763e+000
5.143700e+003	2.172834e+000
5.153730e+003	2.161607e+000
5.163722e+003	2.152754e+000
5.173722e+003	2.160197e+000
5.183732e+003	2.141408e+000
5.193733e+003	2.176116e+000
5.203763e+003	2.169190e+000
5.213763e+003	2.182963e+000
5.223773e+003	2.165132e+000
5.233764e+003	2.171877e+000
5.243766e+003	2.154145e+000
5.253827e+003	2.147151e+000
5.263797e+003	2.151071e+000
5.273807e+003	2.141962e+000
5.283817e+003	2.150222e+000
5.293817e+003	2.145800e+000
5.303827e+003	2.147918e+000
5.313837e+003	2.139606e+000
5.323838e+003	2.149796e+000
5.333848e+003	2.163701e+000
5.343858e+003	2.158672e+000
5.353839e+003	2.150088e+000
5.363849e+003	2.129414e+000
5.373859e+003	2.153986e+000
5.383859e+003	2.147806e+000
5.393870e+003	2.150862e+000
5.403854e+003	2.140200e+000
5.413865e+003	2.129894e+000
5.423876e+003	2.179138e+000
5.433876e+003	2.129062e+000
5.443867e+003	2.138722e+000
5.453877e+003	2.154008e+000
5.463900e+003	2.164312e+000
5.473900e+003	2.137851e+000
5.483911e+003	2.167931e+000
5.493921e+003	2.146956e+000
5.503911e+003	2.137151e+000
5.513932e+003	2.117298e+000
5.523970e+003	2.130476e+000
5.533963e+003	2.120407e+000
5.543973e+003	2.123962e+000
5.553973e+003	2.125263e+000
5.563984e+003	2.118306e+000
5.573993e+003	2.127933e+000
5.584014e+003	2.134011e+000
5.594015e+003	2.124673e+000
5.604045e+003	2.126499e+000
5.614046e+003	2.095911e+000
5.624057e+003	2.121924e+000
5.634077e+003	2.091761e+000
5.644107e+003	2.127281e+000
5.654107e+003	2.079098e+000
5.664117e+003	2.120887e+000
5.674127e+003	2.110204e+000
5.684128e+003	2.113274e+000
5.694139e+003	2.109892e+000
5.704149e+003	2.114615e+000
5.714139e+003	2.093444e+000
5.724140e+003	2.101640e+000
5.734150e+003	2.115878e+000
5.744150e+003	2.102002e+000
5.754161e+003	2.110388e+000
5.764182e+003	2.095084e+000
5.774193e+003	2.112596e+000
5.784203e+003	2.109949e+000
5.794203e+003	2.093633e+000
5.804212e+003	2.104069e+000
5.814213e+003	2.111439e+000
5.824223e+003	2.091367e+000
5.834233e+003	2.095998e+000
5.844224e+003	2.107431e+000
5.854224e+003	2.096909e+000
5.864215e+003	2.102741e+000
5.874225e+003	2.098099e+000
5.884225e+003	2.104092e+000
5.894235e+003	2.094247e+000
5.904246e+003	2.100190e+000
5.914246e+003	2.079300e+000
5.924237e+003	2.087271e+000
5.934247e+003	2.108860e+000
5.944247e+003	2.112209e+000
5.954258e+003	2.084490e+000
5.964268e+003	2.097810e+000
5.974268e+003	2.095742e+000
5.984278e+003	2.098110e+000
5.994288e+003	2.104869e+000
6.004288e+003	2.119434e+000
6.014298e+003	2.111949e+000
6.024308e+003	2.119681e+000
6.034308e+003	2.103070e+000
6.044319e+003	2.108461e+000
6.054319e+003	2.115021e+000
6.064349e+003	2.097572e+000
6.074359e+003	2.097617e+000
6.084360e+003	2.108499e+000
6.094351e+003	2.105520e+000
6.104371e+003	2.113644e+000
6.114401e+003	2.088503e+000
6.124391e+003	2.098833e+000
6.134391e+003	2.107846e+000
6.144421e+003	2.085567e+000
6.154421e+003	2.089383e+000
6.164431e+003	2.098500e+000
6.174441e+003	2.104292e+000
6.184441e+003	2.089325e+000
6.194452e+003	2.097374e+000
6.204461e+003	2.115034e+000
6.214451e+003	2.109401e+000
6.224451e+003	2.094105e+000
6.234463e+003	2.116621e+000
6.244463e+003	2.105810e+000
6.254472e+003	2.106066e+000
6.264482e+003	2.093937e+000
6.274482e+003	2.080422e+000
6.284512e+003	2.099031e+000
6.294513e+003	2.083227e+000
6.304524e+003	2.080054e+000
6.314526e+003	2.103393e+000
6.324537e+003	2.092959e+000
6.334547e+003	2.101482e+000
6.344528e+003	2.104334e+000
6.354538e+003	2.109400e+000
6.364548e+003	2.096291e+000
6.374548e+003	2.082831e+000
6.384559e+003	2.103393e+000
6.394568e+003	2.084975e+000
6.404568e+003	2.074530e+000
6.414632e+003	2.058218e+000
6.424599e+003	2.086359e+000
6.434629e+003	2.072618e+000
6.444638e+003	2.096271e+000
6.454639e+003	2.077895e+000
6.464649e+003	2.095585e+000
6.474650e+003	2.105364e+000
6.484661e+003	2.062802e+000
6.494681e+003	2.074948e+000
6.504694e+003	2.075032e+000
6.514695e+003	2.089284e+000
6.524757e+003	2.081854e+000
6.534717e+003	2.077833e+000
6.544717e+003	2.078333e+000
6.554727e+003	2.070013e+000
6.564728e+003	2.070388e+000
6.574739e+003	2.059047e+000
6.584759e+003	2.074116e+000
6.594814e+003	2.077474e+000
6.604790e+003	2.085677e+000
6.614801e+003	2.080119e+000
6.624821e+003	2.053577e+000
6.634850e+003	2.094401e+000
6.644850e+003	2.081184e+000
6.654860e+003	2.090561e+000
6.664870e+003	2.074544e+000
6.674852e+003	2.079606e+000
6.684862e+003	2.084160e+000
6.694872e+003	2.066185e+000
6.704872e+003	2.104365e+000
6.714882e+003	2.074528e+000
6.724873e+003	2.079739e+000
6.734893e+003	2.071101e+000
6.744903e+003	2.073952e+000
6.754913e+003	2.080261e+000
6.764895e+003	2.071811e+000
6.774925e+003	2.080609e+000
6.784926e+003	2.091052e+000
6.794936e+003	2.071562e+000
6.804946e+003	2.089209e+000
6.814928e+003	2.080179e+000
6.824939e+003	2.088580e+000
6.834960e+003	2.107316e+000
6.844970e+003	2.073788e+000
6.854990e+003	2.072730e+000
6.865001e+003	2.062876e+000
6.875021e+003	2.074844e+000
6.885031e+003	2.061553e+000
6.895052e+003	2.084968e+000
6.905062e+003	2.086211e+000
6.915072e+003	2.060934e+000
6.925062e+003	2.074301e+000
6.935062e+003	2.060583e+000
6.945072e+003	2.080247e+000
6.955112e+003	2.074020e+000
6.965083e+003	2.081570e+000
6.975093e+003	2.073641e+000
6.985103e+003	2.084948e+000
6.995103e+003	2.082666e+000
7.005113e+003	2.077060e+000
7.015105e+003	2.067722e+000
7.025126e+003	2.065425e+000
7.035109e+003	2.080244e+000
7.045120e+003	2.099505e+000
7.055141e+003	2.080160e+000
7.065151e+003	2.075303e+000
7.075190e+003	2.103701e+000
7.085182e+003	2.073414e+000
7.095191e+003	2.092615e+000
7.105181e+003	2.087588e+000
7.115182e+003	2.079915e+000
7.125192e+003	2.089441e+000
7.135192e+003	2.085054e+000
7.145202e+003	2.077679e+000
7.155212e+003	2.073793e+000
7.165203e+003	2.087983e+000
7.175204e+003	2.076969e+000
7.185214e+003	2.073739e+000
7.195215e+003	2.096718e+000
7.205225e+003	2.085026e+000
7.215228e+003	2.094614e+000
7.225237e+003	2.082086e+000
7.235228e+003	2.062029e+000
7.245248e+003	2.078625e+000
7.255259e+003	2.086025e+000
7.265269e+003	2.074894e+000
7.275272e+003	2.092245e+000
7.285292e+003	2.078619e+000
7.295302e+003	2.079872e+000
7.305312e+003	2.073161e+000
7.315312e+003	2.063783e+000
7.325323e+003	2.080123e+000
7.335343e+003	2.089297e+000
7.345354e+003	2.078570e+000
7.355364e+003	2.077536e+000
7.365365e+003	2.074702e+000
7.375375e+003	2.082610e+000
7.385358e+003	2.093077e+000
7.395368e+003	2.078629e+000
7.405378e+003	2.091595e+000
7.415378e+003	2.103371e+000
7.425388e+003	2.081725e+000
7.435398e+003	2.102350e+000
7.445397e+003	2.097503e+000
7.455408e+003	2.085651e+000
7.465418e+003	2.122752e+000
7.475409e+003	2.109809e+000
7.485409e+003	2.083126e+000
7.495419e+003	2.114850e+000
7.505401e+003	2.091809e+000
7.515411e+003	2.093645e+000
7.525403e+003	2.106909e+000
7.535403e+003	2.106940e+000
7.545413e+003	2.125561e+000
7.555423e+003	2.112478e+000
7.565423e+003	2.112417e+000
7.575435e+003	2.109058e+000
7.585444e+003	2.109986e+000
7.595425e+003	2.114101e+000
7.605435e+003	2.120243e+000
7.615445e+003	2.108698e+000
7.625446e+003	2.111830e+000
7.635476e+003	2.115768e+000
7.645477e+003	2.119380e+000
7.655488e+003	2.124235e+000
7.665497e+003	2.145025e+000
7.675497e+003	2.113742e+000
7.685509e+003	2.098864e+000
7.695509e+003	2.119378e+000
7.705520e+003	2.110007e+000
7.715530e+003	2.121590e+000
7.725530e+003	2.120939e+000
7.735540e+003	2.114341e+000
7.745561e+003	2.094374e+000
7.755571e+003	2.116906e+000
7.765581e+003	2.126084e+000
7.775571e+003	2.117944e+000
7.785572e+003	2.102619e+000
7.795563e+003	2.113474e+000
7.805584e+003	2.102994e+000
7.815594e+003	2.103754e+000
7.825604e+003	2.101546e+000
7.835585e+003	2.092505e+000
7.845596e+003	2.096203e+000
7.855617e+003	2.105005e+000
7.865629e+003	2.066826e+000
7.875621e+003	2.079946e+000
7.885621e+003	2.078479e+000
7.895631e+003	2.086136e+000
7.905632e+003	2.090654e+000
7.915662e+003	2.085883e+000
7.925660e+003	2.101117e+000
7.935671e+003	2.077976e+000
7.945681e+003	2.067608e+000
7.955681e+003	2.058818e+000
7.965691e+003	2.056211e+000
7.975701e+003	2.059471e+000
7.985702e+003	2.058313e+000
7.995713e+003	2.063342e+000
8.005714e+003	2.057813e+000
8.015724e+003	2.077531e+000
8.025715e+003	2.051782e+000
8.035716e+003	2.067082e+000
8.045726e+003	2.070539e+000
8.055736e+003	2.074365e+000
8.065736e+003	2.078112e+000
8.075747e+003	2.068296e+000
8.085756e+003	2.069232e+000
8.095757e+003	2.049096e+000
8.105767e+003	2.059378e+000
8.115778e+003	2.053951e+000
8.125759e+003	2.057370e+000
8.135769e+003	2.067606e+000
8.145817e+003	2.049227e+000
8.155800e+003	2.079775e+000
8.165821e+003	2.050906e+000
8.175831e+003	2.051323e+000
8.185841e+003	2.050071e+000
8.195842e+003	2.037646e+000
8.205852e+003	2.059362e+000
8.215862e+003	2.038609e+000
8.225862e+003	2.056097e+000
8.235872e+003	2.066098e+000
8.245882e+003	2.057343e+000
8.255883e+003	2.039830e+000
8.265893e+003	2.062594e+000
8.275894e+003	2.058314e+000
8.285923e+003	2.059365e+000
8.295925e+003	2.039362e+000
8.305955e+003	2.031276e+000
8.315965e+003	2.040275e+000
8.325986e+003	2.046121e+000
8.335987e+003	2.029983e+000
8.346049e+003	2.049223e+000
8.356017e+003	2.033447e+000
8.366027e+003	2.031248e+000
8.376036e+003	2.029115e+000
8.386037e+003	2.062692e+000
8.396047e+003	2.067800e+000
8.406057e+003	2.058040e+000
8.416038e+003	2.067218e+000
8.426049e+003	2.043700e+000
8.436070e+003	2.048676e+000
8.446080e+003	2.045755e+000
8.456090e+003	2.060799e+000
8.466071e+003	2.060746e+000
8.476081e+003	2.065238e+000
8.486091e+003	2.044534e+000
8.496091e+003	2.059423e+000
8.506102e+003	2.021104e+000
8.516112e+003	2.037493e+000
8.526112e+003	2.033552e+000
8.536123e+003	2.034028e+000
8.546124e+003	2.031909e+000
8.556134e+003	2.030009e+000
8.566144e+003	2.040546e+000
8.576144e+003	2.051208e+000
8.586155e+003	2.048947e+000
8.596165e+003	2.029752e+000
8.606155e+003	2.066984e+000
8.616156e+003	2.042109e+000
8.626147e+003	2.042275e+000
8.636190e+003	2.041013e+000
8.646178e+003	2.070326e+000
8.656199e+003	2.038365e+000
8.666209e+003	2.049376e+000
8.676220e+003	2.038057e+000
8.686209e+003	2.028067e+000
8.696209e+003	2.047944e+000
8.706200e+003	2.019449e+000
8.716209e+003	2.043251e+000
8.726191e+003	2.052805e+000
8.736202e+003	2.022334e+000
8.746211e+003	2.066618e+000
8.756212e+003	2.040842e+000
8.766222e+003	2.043822e+000
8.776231e+003	2.047912e+000
8.786221e+003	2.051478e+000
8.796222e+003	2.042145e+000
8.806214e+003	2.049071e+000
8.816215e+003	2.047594e+000
8.826226e+003	2.040525e+000
8.836246e+003	2.064570e+000
8.846256e+003	2.056600e+000
8.856266e+003	2.058630e+000
8.866266e+003	2.034640e+000
8.876277e+003	2.054680e+000
8.886297e+003	2.048905e+000
8.896307e+003	2.054726e+000
8.906317e+003	2.058479e+000
8.916307e+003	2.029787e+000
8.926308e+003	2.055593e+000
8.936300e+003	2.067026e+000
8.946300e+003	2.063587e+000
8.956309e+003	2.074157e+000
8.966301e+003	2.062703e+000
8.976301e+003	2.080490e+000
8.986312e+003	2.070430e+000
8.996322e+003	2.056665e+000
9.006323e+003	2.076690e+000
9.016353e+003	2.071166e+000
9.026354e+003	2.064427e+000
9.036364e+003	2.057445e+000
9.046374e+003	2.061049e+000
9.056355e+003	2.060814e+000
9.066365e+003	2.094252e+000
9.076375e+003	2.083668e+000
9.086376e+003	2.067665e+000
9.096387e+003	2.065009e+000
9.106397e+003	2.066399e+000
9.116379e+003	2.039365e+000
9.126445e+003	2.052008e+000
9.136409e+003	2.057282e+000
9.146419e+003	2.078199e+000
9.156429e+003	2.060314e+000
9.166429e+003	2.066158e+000
9.176439e+003	2.056724e+000
9.186449e+003	2.059470e+000
9.196448e+003	2.066885e+000
9.206460e+003	2.076467e+000
9.216470e+003	2.063483e+000
9.226471e+003	2.060012e+000
9.236481e+003	2.061194e+000
9.246482e+003	2.058511e+000
9.256492e+003	2.040782e+000
9.266503e+003	2.076838e+000
9.276502e+003	1.953999e+000
9.286495e+003	1.844294e+000
9.296515e+003	1.800533e+000
9.306526e+003	1.761628e+000
9.316546e+003	1.732061e+000
9.326556e+003	1.674180e+000
9.336566e+003	1.624487e+000
9.346556e+003	1.607454e+000
9.356556e+003	1.579911e+000
9.366566e+003	1.553255e+000
9.376576e+003	1.556980e+000
9.386597e+003	1.530648e+000
9.396607e+003	1.503642e+000
9.406607e+003	1.476921e+000
9.416617e+003	1.446437e+000
9.426627e+003	1.447619e+000
9.436627e+003	1.465018e+000
9.446637e+003	1.398042e+000
9.456647e+003	1.428668e+000
9.466647e+003	1.434743e+000
9.476657e+003	1.435992e+000
9.486657e+003	1.404965e+000
9.496688e+003	1.397217e+000
9.506681e+003	1.408453e+000
9.516681e+003	1.393543e+000
9.526672e+003	1.384426e+000
9.536692e+003	1.385937e+000
9.546722e+003	1.385002e+000
9.556705e+003	1.368991e+000
9.566735e+003	1.379584e+000
9.576745e+003	1.356101e+000
9.586745e+003	1.357654e+000
9.596755e+003	1.341860e+000
9.606755e+003	1.344196e+000
9.616765e+003	1.334277e+000
9.626775e+003	1.332687e+000
9.636774e+003	1.317944e+000
9.646784e+003	1.334467e+000
9.656794e+003	1.298310e+000
9.666776e+003	1.295492e+000
9.676786e+003	1.286619e+000
9.686777e+003	1.300749e+000
9.696778e+003	1.259391e+000
9.706809e+003	1.291249e+000
9.716810e+003	1.290721e+000
9.726840e+003	1.256811e+000
9.736831e+003	1.254738e+000
9.746853e+003	1.253461e+000
9.756863e+003	1.271717e+000
9.766918e+003	1.258308e+000
9.776884e+003	1.252889e+000
9.786894e+003	1.240193e+000
9.796904e+003	1.245989e+000
9.806905e+003	1.248087e+000
9.816916e+003	1.211794e+000
9.826937e+003	1.184175e+000
9.836946e+003	1.225241e+000
9.846956e+003	1.197748e+000
9.856937e+003	1.212854e+000
9.866948e+003	1.208792e+000
9.876957e+003	1.204885e+000
9.886958e+003	1.167706e+000
9.896967e+003	1.189208e+000
9.906959e+003	1.196030e+000
9.916960e+003	1.194141e+000
9.926969e+003	1.197110e+000
9.936979e+003	1.176436e+000
9.946979e+003	1.165935e+000
9.956991e+003	1.178770e+000
9.967001e+003	1.175680e+000
9.977001e+003	1.148415e+000
9.987011e+003	1.162441e+000
9.997021e+003	1.147526e+000
1.000700e+004	1.188184e+000
1.001701e+004	1.177657e+000
1.002702e+004	1.184934e+000
1.003702e+004	1.170693e+000
1.004706e+004	1.163762e+000
1.005704e+004	1.160520e+000
1.006703e+004	1.151365e+000
1.007703e+004	1.132843e+000
1.008704e+004	1.111867e+000
1.009705e+004	1.173862e+000
1.010705e+004	1.149330e+000
1.011706e+004	1.149965e+000
1.012706e+004	1.154619e+000
1.013709e+004	1.141850e+000
1.014710e+004	1.118438e+000
1.015710e+004	1.129164e+000
1.016711e+004	1.110737e+000
1.017712e+004	1.111924e+000
1.018713e+004	1.117179e+000
1.019715e+004	1.085267e+000
1.020717e+004	1.116919e+000
1.021717e+004	1.107183e+000
1.022718e+004	1.109636e+000
1.023718e+004	1.120681e+000
1.024720e+004	1.107682e+000
1.025721e+004	1.106661e+000
1.026723e+004	1.087646e+000
1.027724e+004	1.082507e+000
1.028725e+004	1.086362e+000
1.029725e+004	1.111934e+000
1.030726e+004	1.105580e+000
1.031726e+004	1.121498e+000
1.032727e+004	1.105376e+000
1.033728e+004	1.102114e+000
1.034726e+004	1.090152e+000
1.035727e+004	1.071338e+000
1.036728e+004	1.086235e+000
1.037728e+004	1.098383e+000
1.038729e+004	1.106876e+000
1.039730e+004	1.089216e+000
1.040730e+004	1.075074e+000
1.041731e+004	1.091407e+000
1.042733e+004	1.094646e+000
1.043734e+004	1.062067e+000
1.044735e+004	1.060126e+000
1.045734e+004	1.091462e+000
1.046734e+004	1.074100e+000
1.047734e+004	1.074510e+000
1.048734e+004	1.049234e+000
1.049733e+004	1.054086e+000
1.050734e+004	1.072784e+000
1.051734e+004	1.075531e+000
1.052735e+004	1.052609e+000
1.053736e+004	1.058920e+000
1.054737e+004	1.056487e+000
1.055736e+004	1.076737e+000
1.056736e+004	1.045656e+000
1.057737e+004	1.068498e+000
1.058737e+004	1.065907e+000
1.059738e+004	1.030520e+000
1.060739e+004	1.047710e+000
1.061737e+004	1.065612e+000
1.062738e+004	1.048094e+000
1.063739e+004	1.041491e+000
1.064739e+004	1.067026e+000
1.065742e+004	1.051331e+000
1.066743e+004	1.051856e+000
1.067745e+004	1.051086e+000
1.068745e+004	1.038110e+000
1.069748e+004	1.023708e+000
1.070749e+004	1.022141e+000
1.071751e+004	1.038209e+000
1.072752e+004	1.028846e+000
1.073752e+004	1.045399e+000
1.074753e+004	1.063288e+000
1.075753e+004	1.025019e+000
1.076754e+004	1.027113e+000
1.077755e+004	1.022195e+000
1.078755e+004	1.020020e+000
1.079756e+004	1.002327e+000
1.080757e+004	1.027738e+000
1.081757e+004	1.018419e+000
1.082762e+004	1.030172e+000
1.083759e+004	1.028943e+000
1.084759e+004	1.021066e+000
1.085760e+004	1.030252e+000
1.086761e+004	1.030723e+000
1.087760e+004	1.014234e+000
1.088761e+004	1.040761e+000
1.089763e+004	1.002658e+000
1.090764e+004	1.031966e+000
1.091766e+004	1.020743e+000
1.092767e+004	1.015823e+000
1.093768e+004	1.002429e+000
1.094767e+004	1.001851e+000
1.095767e+004	9.808042e-001
1.096768e+004	1.019488e+000
1.097768e+004	1.013822e+000
1.098769e+004	9.745275e-001
1.099770e+004	9.913768e-001
1.100770e+004	9.720305e-001
1.101769e+004	9.735820e-001
1.102771e+004	9.666480e-001
1.103772e+004	9.707879e-001
1.104773e+004	9.817203e-001
1.105773e+004	9.765128e-001
1.106774e+004	9.983823e-001
1.107775e+004	1.001317e+000
1.108775e+004	9.674225e-001
1.109776e+004	9.775319e-001
1.110777e+004	9.422852e-001
1.111777e+004	9.660584e-001
1.112778e+004	9.412663e-001
1.113779e+004	9.319955e-001
1.114779e+004	9.426786e-001
1.115780e+004	9.683506e-001
1.116781e+004	9.740932e-001
1.117783e+004	9.783253e-001
1.118783e+004	9.748048e-001
1.119787e+004	9.579046e-001
1.120787e+004	9.713406e-001
1.121788e+004	9.434331e-001
1.122789e+004	9.344305e-001
1.123791e+004	9.375954e-001
1.124792e+004	9.466717e-001
1.125792e+004	9.346077e-001
1.126791e+004	9.417026e-001
1.127791e+004	9.232576e-001
1.128792e+004	9.667045e-001
1.129798e+004	9.181876e-001
1.130797e+004	9.363569e-001
1.131797e+004	9.266392e-001
1.132798e+004	9.377116e-001
1.133799e+004	9.137016e-001
1.134799e+004	9.136022e-001
1.135800e+004	8.932384e-001
1.136801e+004	8.948050e-001
1.137800e+004	9.044213e-001
1.138800e+004	9.032857e-001
1.139801e+004	8.913545e-001
1.140801e+004	8.989306e-001
1.141802e+004	8.859067e-001
1.142804e+004	9.082155e-001
1.143804e+004	8.863861e-001
1.144805e+004	9.162144e-001
1.145806e+004	8.676105e-001
1.146804e+004	8.730525e-001
1.147807e+004	8.631897e-001
1.148807e+004	8.586300e-001
1.149808e+004	8.594138e-001
1.150810e+004	8.447712e-001
1.151811e+004	8.515618e-001
1.152813e+004	8.413404e-001
1.153814e+004	8.408433e-001
1.154815e+004	8.207366e-001
1.155815e+004	8.292526e-001
1.156816e+004	8.678622e-001
1.157817e+004	8.247959e-001
1.158817e+004	8.218257e-001
1.159818e+004	8.327114e-001
1.160819e+004	8.189294e-001
1.161819e+004	7.980600e-001
1.162818e+004	7.998919e-001
1.163819e+004	7.825483e-001
1.164818e+004	7.974477e-001
1.165818e+004	7.514897e-001
1.166819e+004	7.585358e-001
1.167820e+004	7.809635e-001
1.168820e+004	7.700726e-001
1.169821e+004	7.677721e-001
1.170822e+004	7.611049e-001
1.171822e+004	7.690670e-001
1.172823e+004	7.651942e-001
1.173823e+004	7.527688e-001
1.174824e+004	7.503440e-001
1.175824e+004	7.286764e-001
1.176829e+004	7.302478e-001
1.177828e+004	7.112213e-001
1.178828e+004	6.938080e-001
1.179832e+004	7.245835e-001
1.180832e+004	7.009791e-001
1.181833e+004	6.891220e-001
1.182833e+004	6.855561e-001
1.183834e+004	6.878916e-001
1.184835e+004	6.849672e-001
1.185835e+004	6.842675e-001
1.186836e+004	7.186399e-001
1.187836e+004	7.193847e-001
1.188837e+004	7.079798e-001
1.189838e+004	6.859908e-001
1.190838e+004	6.865319e-001
1.191839e+004	6.725637e-001
1.192839e+004	6.800227e-001
1.193841e+004	6.514031e-001
1.194845e+004	6.490961e-001
1.195844e+004	6.450522e-001
1.196844e+004	6.309025e-001
1.197847e+004	6.274474e-001
1.198848e+004	5.989083e-001
1.199848e+004	6.396310e-001
1.200849e+004	6.227592e-001
1.201849e+004	6.056125e-001
1.202850e+004	6.281713e-001
1.203851e+004	6.049859e-001
1.204851e+004	6.035035e-001
1.205852e+004	6.113243e-001
1.206857e+004	6.183278e-001
1.207855e+004	6.188207e-001
1.208855e+004	5.792173e-001
1.209858e+004	5.714299e-001
1.210859e+004	5.906520e-001
1.211862e+004	5.978885e-001
1.212862e+004	5.901567e-001
1.213863e+004	5.803832e-001
1.214864e+004	5.826244e-001
1.215862e+004	5.487543e-001
1.216868e+004	5.817995e-001
1.217865e+004	5.756685e-001
1.218866e+004	5.404211e-001
1.219866e+004	5.464773e-001
1.220873e+004	5.546304e-001
1.221869e+004	5.548164e-001
1.222870e+004	5.207503e-001
1.223869e+004	6.006430e-001
1.224869e+004	5.470950e-001
1.225870e+004	5.698526e-001
1.226871e+004	5.735480e-001
1.227872e+004	5.459000e-001
1.228876e+004	5.357590e-001
1.229875e+004	5.290335e-001
1.230876e+004	5.273700e-001
1.231876e+004	5.463860e-001
1.232879e+004	5.285300e-001
1.233879e+004	5.466921e-001
1.234880e+004	5.301517e-001
1.235881e+004	5.208644e-001
1.236883e+004	5.277868e-001
1.237883e+004	4.915622e-001
1.238887e+004	5.128912e-001
1.239886e+004	5.217159e-001
1.240887e+004	5.120883e-001
1.241888e+004	5.085869e-001
1.242891e+004	5.036844e-001
1.243890e+004	5.058088e-001
1.244892e+004	4.950677e-001
1.245893e+004	4.819162e-001
1.246894e+004	4.784085e-001
1.247894e+004	5.044097e-001
1.248895e+004	4.779371e-001
1.249897e+004	4.856683e-001
1.250898e+004	4.765253e-001
1.251898e+004	5.276033e-001
1.252899e+004	5.155494e-001
1.253901e+004	5.275496e-001
1.254904e+004	5.154286e-001
1.255904e+004	5.009336e-001
1.256905e+004	5.032661e-001
1.257906e+004	5.234225e-001
1.258905e+004	5.010643e-001
1.259905e+004	5.031728e-001
1.260906e+004	5.132448e-001
1.261907e+004	4.809389e-001
1.262909e+004	4.826814e-001
1.263910e+004	4.863295e-001
1.264913e+004	5.214385e-001
1.265914e+004	5.149816e-001
1.266914e+004	5.033394e-001
1.267915e+004	4.965154e-001
1.268914e+004	4.957629e-001
1.269914e+004	4.955222e-001
1.270915e+004	4.765354e-001
1.271915e+004	4.862776e-001
1.272916e+004	4.981357e-001
1.273916e+004	5.146216e-001
1.274917e+004	4.819150e-001
1.275918e+004	4.740158e-001
1.276918e+004	4.942662e-001
1.277919e+004	4.927686e-001
1.278924e+004	4.920438e-001
1.279920e+004	4.715254e-001
1.280921e+004	4.871386e-001
1.281921e+004	4.739942e-001
1.282923e+004	4.564995e-001
1.283924e+004	4.419853e-001
1.284922e+004	4.612575e-001
1.285923e+004	4.713745e-001
1.286924e+004	4.716260e-001
1.287924e+004	4.720782e-001
1.288925e+004	4.695891e-001
1.289925e+004	4.516690e-001
1.290926e+004	4.501819e-001
1.291925e+004	4.551118e-001
1.292925e+004	4.747477e-001
1.293926e+004	4.789154e-001
1.294927e+004	4.399843e-001
1.295927e+004	5.016019e-001
1.296928e+004	4.797252e-001
1.297927e+004	4.711792e-001
1.298928e+004	4.752287e-001
1.299929e+004	5.059007e-001
1.300931e+004	4.903706e-001
1.301932e+004	4.630244e-001
1.302934e+004	4.819774e-001
1.303935e+004	4.893010e-001
1.304937e+004	4.741181e-001
1.305938e+004	4.617481e-001
1.306939e+004	4.934427e-001
1.307937e+004	4.797193e-001
1.308938e+004	4.924935e-001
1.309939e+004	4.640898e-001
1.310939e+004	4.775323e-001
1.311940e+004	4.695548e-001
1.312941e+004	4.811345e-001
1.313941e+004	4.719318e-001
1.314942e+004	4.616456e-001
1.315943e+004	4.786244e-001
1.316943e+004	4.626721e-001
1.317944e+004	4.732635e-001
1.318945e+004	4.681072e-001
1.319945e+004	4.664839e-001
1.320946e+004	4.572367e-001
1.321947e+004	4.561053e-001
1.322947e+004	4.431837e-001
1.323946e+004	4.655691e-001
1.324946e+004	4.565175e-001
1.325952e+004	4.675597e-001
1.326950e+004	4.496153e-001
1.327952e+004	4.527945e-001
1.328953e+004	4.491942e-001
1.329955e+004	4.828226e-001
1.330956e+004	4.791503e-001
1.331957e+004	4.780305e-001
1.332956e+004	4.825464e-001
1.333958e+004	4.601144e-001
1.334961e+004	4.568175e-001
1.335960e+004	4.465554e-001
1.336960e+004	4.357744e-001
1.337965e+004	4.787590e-001
1.338965e+004	4.647931e-001
1.339965e+004	4.848261e-001
1.340968e+004	4.568895e-001
1.341967e+004	4.634299e-001
1.342967e+004	4.239315e-001
1.343968e+004	4.397244e-001
1.344968e+004	4.362911e-001
1.345971e+004	4.825506e-001
1.346971e+004	4.715930e-001
1.347972e+004	4.814496e-001
1.348973e+004	4.741328e-001
1.349973e+004	4.758573e-001
1.350974e+004	4.935857e-001
1.351975e+004	4.841463e-001
1.352975e+004	4.821504e-001
1.353976e+004	4.922780e-001
1.354978e+004	4.793984e-001
1.355976e+004	4.547227e-001
1.356976e+004	4.789687e-001
1.357977e+004	4.975662e-001
1.358978e+004	4.803595e-001
1.359978e+004	4.827137e-001
1.360979e+004	4.779744e-001
1.361980e+004	4.789578e-001
1.362985e+004	4.786426e-001
1.363983e+004	4.703959e-001
1.364986e+004	4.833945e-001
1.365986e+004	4.576178e-001
1.366989e+004	4.571241e-001
1.367990e+004	4.787798e-001
1.368992e+004	4.644537e-001
1.369992e+004	4.700349e-001
1.370993e+004	4.840255e-001
1.371994e+004	4.572647e-001
1.372996e+004	4.859181e-001
1.373997e+004	4.787331e-001
1.374997e+004	4.775333e-001
1.376002e+004	4.614108e-001
1.376998e+004	4.563621e-001
1.377998e+004	4.728311e-001
1.378997e+004	4.595791e-001
1.379998e+004	4.482667e-001
1.380997e+004	4.594258e-001
1.381997e+004	4.885509e-001
1.382998e+004	4.669099e-001
1.383997e+004	4.447714e-001
1.384997e+004	4.953692e-001
1.385998e+004	4.609665e-001
1.386998e+004	4.661383e-001
1.388004e+004	4.464330e-001
1.389002e+004	4.588418e-001
1.390004e+004	4.673179e-001
1.391005e+004	4.539201e-001
1.392005e+004	4.547181e-001
1.393004e+004	4.737606e-001
1.394005e+004	4.578043e-001
1.395005e+004	4.485586e-001
1.396006e+004	4.582979e-001
1.397004e+004	4.586194e-001
1.398010e+004	4.468257e-001
1.399008e+004	4.321132e-001
1.400009e+004	4.560304e-001
1.401010e+004	4.384181e-001
1.402010e+004	4.474263e-001
1.403011e+004	4.650004e-001
1.404012e+004	4.461027e-001
1.405014e+004	4.586780e-001
1.406014e+004	4.384034e-001
1.407017e+004	4.401646e-001
1.408018e+004	4.320322e-001
1.409018e+004	4.252174e-001
1.410019e+004	4.646741e-001
1.411020e+004	4.637701e-001
1.412020e+004	4.459401e-001
1.413019e+004	4.605113e-001
1.414021e+004	4.593212e-001
1.415022e+004	4.481431e-001
1.416024e+004	4.456208e-001
1.417025e+004	4.421613e-001
1.418025e+004	4.498483e-001
1.419026e+004	4.407268e-001
1.420029e+004	4.365616e-001
1.421032e+004	4.334569e-001
1.422032e+004	4.400008e-001
1.423033e+004	4.630423e-001
1.424034e+004	4.289588e-001
1.425034e+004	4.710561e-001
1.426035e+004	4.146530e-001
1.427035e+004	4.462530e-001
1.428036e+004	4.485095e-001
1.429035e+004	4.413480e-001
1.430040e+004	4.616483e-001
1.431038e+004	4.503299e-001
1.432043e+004	4.414780e-001
1.433041e+004	5.213058e-001
1.434042e+004	4.855373e-001
1.435040e+004	4.898351e-001
1.436041e+004	4.885990e-001
1.437040e+004	4.705820e-001
1.438040e+004	4.935706e-001
1.439041e+004	4.705242e-001
1.440042e+004	4.705403e-001
1.441042e+004	4.754086e-001
1.442043e+004	4.746501e-001
1.443044e+004	4.923609e-001
1.444042e+004	4.756336e-001
1.445043e+004	5.027819e-001
1.446045e+004	4.647183e-001
1.447045e+004	5.043858e-001
1.448048e+004	4.887539e-001
1.449048e+004	4.726162e-001
1.450049e+004	4.902800e-001
1.451050e+004	4.756452e-001
1.452050e+004	4.870685e-001
1.453051e+004	4.986397e-001
1.454052e+004	4.859291e-001
1.455050e+004	4.508842e-001
1.456051e+004	4.925251e-001
1.457052e+004	4.621824e-001
1.458052e+004	4.930071e-001
1.459053e+004	5.058779e-001
1.460054e+004	4.722002e-001
1.461053e+004	4.376603e-001
1.462051e+004	4.701894e-001
1.463052e+004	4.517849e-001
1.464053e+004	4.782804e-001
1.465051e+004	4.622810e-001
1.466053e+004	4.651706e-001
1.467053e+004	4.705922e-001
1.468054e+004	4.563286e-001
1.469055e+004	4.670744e-001
1.470054e+004	4.578194e-001
1.471056e+004	4.742166e-001
1.472057e+004	4.664641e-001
1.473057e+004	4.805960e-001
1.474058e+004	4.695646e-001
1.475058e+004	4.706289e-001
1.476062e+004	4.712995e-001
1.477060e+004	4.632977e-001
1.478062e+004	4.788328e-001
1.479062e+004	4.875787e-001
1.480063e+004	4.824747e-001
1.481062e+004	4.631933e-001
1.482063e+004	4.579506e-001
1.483063e+004	4.618187e-001
1.484064e+004	4.527923e-001
1.485064e+004	4.752652e-001
1.486066e+004	4.834325e-001
1.487067e+004	4.593848e-001
1.488067e+004	4.534399e-001
1.489068e+004	4.877425e-001
1.490069e+004	4.651218e-001
1.491071e+004	4.642838e-001
1.492071e+004	4.634758e-001
1.493072e+004	4.845223e-001
1.494071e+004	4.679414e-001
1.495072e+004	4.981482e-001
1.496072e+004	4.669882e-001
1.497073e+004	4.712824e-001
1.498073e+004	4.749853e-001
1.499076e+004	4.756999e-001
1.500076e+004	4.521166e-001
1.501077e+004	4.497632e-001
1.502079e+004	4.740885e-001
1.503080e+004	4.774866e-001
1.504081e+004	4.792708e-001
1.505079e+004	4.715622e-001
1.506081e+004	4.700261e-001
1.507080e+004	4.543805e-001
1.508080e+004	4.826860e-001
1.509080e+004	4.466520e-001
1.510081e+004	4.732898e-001
1.511080e+004	4.549324e-001
1.512082e+004	4.756380e-001
1.513084e+004	4.616352e-001
1.514084e+004	4.613295e-001
1.515085e+004	4.582200e-001
1.516089e+004	4.584104e-001
1.517086e+004	4.667712e-001
1.518087e+004	4.609605e-001
1.519090e+004	4.674401e-001
1.520087e+004	4.710221e-001
1.521087e+004	4.649433e-001
1.522088e+004	4.806325e-001
1.523088e+004	4.565624e-001
1.524089e+004	4.702179e-001
1.525090e+004	4.582565e-001
1.526088e+004	4.622191e-001
1.527089e+004	4.597850e-001
1.528089e+004	4.502281e-001
1.529090e+004	4.753854e-001
1.530089e+004	5.002786e-001
1.531090e+004	5.078405e-001
1.532090e+004	4.880596e-001
1.533090e+004	4.903344e-001
1.534091e+004	5.185451e-001
1.535093e+004	4.895911e-001
1.536093e+004	5.171786e-001
1.537094e+004	5.062163e-001
1.538096e+004	4.868704e-001
1.539099e+004	4.800419e-001
1.540099e+004	4.904602e-001
1.541102e+004	4.817606e-001
1.542102e+004	4.989081e-001
1.543103e+004	4.877453e-001
1.544104e+004	4.875697e-001
1.545104e+004	4.888957e-001
1.546105e+004	4.856565e-001
1.547105e+004	4.795603e-001
1.548108e+004	5.040602e-001
1.549109e+004	4.928264e-001
1.550115e+004	4.856642e-001
1.551112e+004	5.030774e-001
1.552113e+004	4.615038e-001
1.553114e+004	4.889441e-001
1.554114e+004	4.727816e-001
1.555115e+004	4.681703e-001
1.556116e+004	4.929335e-001
1.557116e+004	4.908535e-001
1.558117e+004	4.926979e-001
1.559118e+004	4.970095e-001
1.560116e+004	4.932252e-001
1.561117e+004	4.800240e-001
1.562118e+004	4.771139e-001
1.563116e+004	4.669547e-001
1.564121e+004	4.918072e-001
1.565119e+004	4.910175e-001
1.566120e+004	4.931051e-001
1.567121e+004	5.002453e-001
1.568121e+004	4.754247e-001
1.569122e+004	4.693729e-001
1.570123e+004	4.647943e-001
1.571121e+004	4.776374e-001
1.572123e+004	4.898533e-001
1.573122e+004	4.606245e-001
1.574124e+004	4.944118e-001
1.575125e+004	4.745030e-001
1.576125e+004	4.968031e-001
1.577126e+004	4.907393e-001
1.578127e+004	4.696521e-001
1.579127e+004	4.692828e-001
1.580128e+004	4.724313e-001
1.581128e+004	4.749571e-001
1.582134e+004	4.627792e-001
1.583131e+004	4.538737e-001
1.584132e+004	4.637284e-001
1.585132e+004	4.630749e-001
1.586133e+004	4.963522e-001
1.587134e+004	4.801577e-001
1.588132e+004	4.699778e-001
1.589136e+004	4.901001e-001
1.590136e+004	4.888219e-001
1.591137e+004	4.591318e-001
1.592138e+004	4.954331e-001
1.593138e+004	4.823878e-001
1.594139e+004	4.825878e-001
1.595138e+004	5.001536e-001
1.596140e+004	4.739005e-001
1.597141e+004	4.610743e-001
1.598143e+004	4.783041e-001
1.599144e+004	4.541248e-001
1.600145e+004	4.725825e-001
1.601144e+004	4.676650e-001
1.602144e+004	4.765935e-001
1.603145e+004	4.612028e-001
1.604145e+004	4.427107e-001
1.605151e+004	4.501076e-001
1.606149e+004	4.869074e-001
1.607151e+004	4.880084e-001
1.608152e+004	4.812288e-001
1.609152e+004	4.841360e-001
1.610153e+004	4.705812e-001
1.611153e+004	4.655345e-001
1.612154e+004	4.651129e-001
1.613153e+004	4.523979e-001
1.614153e+004	4.667920e-001
1.615155e+004	4.409310e-001
1.616155e+004	4.746767e-001
1.617156e+004	4.688635e-001
1.618157e+004	4.623624e-001
1.619156e+004	4.775028e-001
1.620156e+004	4.391660e-001
1.621155e+004	4.674630e-001
1.622155e+004	4.763701e-001
1.623156e+004	4.496847e-001
1.624157e+004	4.645717e-001
1.625157e+004	4.639829e-001
1.626158e+004	4.668800e-001
1.627159e+004	4.781162e-001
1.628159e+004	4.493013e-001
1.629160e+004	4.661029e-001
1.630161e+004	4.673695e-001
1.631160e+004	4.834551e-001
1.632160e+004	4.757984e-001
1.633161e+004	4.653520e-001
1.634161e+004	4.664067e-001
1.635164e+004	4.783356e-001
1.636165e+004	4.624052e-001
1.637165e+004	4.707030e-001
1.638166e+004	4.678052e-001
1.639167e+004	4.698279e-001
1.640167e+004	4.568088e-001
1.641168e+004	4.752548e-001
1.642169e+004	4.415315e-001
1.643169e+004	4.538602e-001
1.644170e+004	4.446401e-001
1.645170e+004	4.634712e-001
1.646177e+004	4.533162e-001
1.647173e+004	4.682869e-001
1.648174e+004	4.461194e-001
1.649176e+004	4.299840e-001
1.650176e+004	4.805226e-001
1.651176e+004	4.946053e-001
1.652176e+004	4.778434e-001
1.653178e+004	4.850515e-001
1.654179e+004	4.877543e-001
1.655179e+004	4.767687e-001
1.656179e+004	4.568113e-001
1.657179e+004	4.901703e-001
1.658181e+004	5.028008e-001
1.659182e+004	5.109874e-001
1.660185e+004	4.856246e-001
1.661183e+004	4.976901e-001
1.662183e+004	5.198923e-001
1.663186e+004	4.754524e-001
1.664186e+004	4.981372e-001
1.665189e+004	4.809375e-001
1.666189e+004	4.856935e-001
1.667190e+004	4.923692e-001
1.668196e+004	4.905531e-001
1.669194e+004	4.695448e-001
1.670194e+004	4.935782e-001
1.671197e+004	4.756767e-001
1.672196e+004	4.729555e-001
1.673196e+004	4.886179e-001
1.674197e+004	4.707610e-001
1.675197e+004	4.629253e-001
1.676200e+004	4.773678e-001
1.677200e+004	4.590309e-001
1.678201e+004	4.881926e-001
1.679200e+004	4.660101e-001
1.680202e+004	4.812038e-001
1.681203e+004	4.601934e-001
1.682203e+004	4.372833e-001
1.683204e+004	4.687848e-001
1.684206e+004	4.465460e-001
1.685206e+004	4.595904e-001
1.686207e+004	4.599973e-001
1.687209e+004	4.520876e-001
1.688210e+004	4.628972e-001
1.689211e+004	4.842139e-001
1.690209e+004	4.864270e-001
1.691213e+004	4.719756e-001
1.692212e+004	4.656430e-001
1.693213e+004	4.625857e-001
1.694213e+004	4.522946e-001
1.695219e+004	4.727378e-001
1.696215e+004	4.589316e-001
1.697217e+004	4.467389e-001
1.698218e+004	4.717505e-001
1.699219e+004	4.694141e-001
1.700221e+004	4.399536e-001
1.701226e+004	4.536091e-001
1.702224e+004	4.539968e-001
1.703229e+004	4.843807e-001
1.704227e+004	4.767145e-001
1.705232e+004	4.826295e-001
1.706229e+004	4.482989e-001
1.707229e+004	4.680427e-001
1.708230e+004	4.499969e-001
1.709230e+004	4.653259e-001
1.710231e+004	4.697140e-001
1.711233e+004	4.713837e-001
1.712234e+004	4.497930e-001
1.713236e+004	4.568597e-001
1.714237e+004	4.557796e-001
1.715238e+004	4.563016e-001
1.716238e+004	4.511751e-001
1.717239e+004	4.589465e-001
1.718240e+004	4.439222e-001
1.719240e+004	4.656426e-001
1.720240e+004	4.483606e-001
1.721240e+004	4.416278e-001
1.722241e+004	4.379660e-001
1.723242e+004	4.329788e-001
1.724244e+004	4.410039e-001
1.725245e+004	4.498582e-001
1.726246e+004	4.525691e-001
1.727245e+004	4.056664e-001
1.728245e+004	4.525380e-001
1.729246e+004	4.212582e-001
1.730245e+004	4.380017e-001
1.731245e+004	4.594422e-001
1.732246e+004	4.792950e-001
1.733246e+004	4.794606e-001
1.734247e+004	4.987958e-001
1.735249e+004	5.144546e-001
1.736250e+004	5.240625e-001
1.737251e+004	5.522340e-001
1.738250e+004	5.600633e-001
1.739250e+004	5.956472e-001
1.740251e+004	5.697955e-001
1.741251e+004	6.037226e-001
1.742252e+004	6.144202e-001
1.743253e+004	6.271849e-001
1.744253e+004	5.818943e-001
1.745254e+004	6.199629e-001
1.746256e+004	6.348326e-001
1.747256e+004	6.307654e-001
1.748255e+004	6.178791e-001
1.749256e+004	6.544770e-001
1.750256e+004	6.431124e-001
1.751257e+004	6.538198e-001
1.752258e+004	6.467293e-001
1.753258e+004	6.345670e-001
1.754257e+004	6.600614e-001
1.755258e+004	6.730059e-001
1.756258e+004	6.877411e-001
1.757259e+004	6.842316e-001
1.758260e+004	6.965304e-001
1.759260e+004	6.887077e-001
1.760261e+004	7.076130e-001
1.761259e+004	7.023672e-001
1.762260e+004	7.078057e-001
1.763259e+004	7.210250e-001
1.764260e+004	7.142344e-001
1.765258e+004	7.165738e-001
1.766260e+004	7.364156e-001
1.767261e+004	7.487334e-001
1.768261e+004	7.235810e-001
1.769262e+004	7.460343e-001
1.770264e+004	7.437754e-001
1.771265e+004	7.637210e-001
1.772265e+004	7.766760e-001
1.773266e+004	7.742963e-001
1.774267e+004	7.812588e-001
1.775265e+004	7.774975e-001
1.776266e+004	7.764533e-001
1.777267e+004	7.672954e-001
1.778266e+004	7.996352e-001
1.779266e+004	8.078352e-001
1.780267e+004	8.223774e-001
1.781267e+004	8.070967e-001
1.782273e+004	7.990916e-001
1.783270e+004	8.466249e-001
1.784275e+004	8.428982e-001
1.785270e+004	8.526656e-001
1.786272e+004	8.338705e-001
1.787274e+004	8.487798e-001
1.788274e+004	8.499007e-001
1.789275e+004	8.714095e-001
1.790276e+004	8.652259e-001
1.791276e+004	8.941253e-001
1.792275e+004	8.756097e-001
1.793277e+004	8.780575e-001
1.794282e+004	8.606930e-001
1.795280e+004	8.695789e-001
1.796286e+004	8.738585e-001
1.797283e+004	8.992240e-001
1.798284e+004	8.651213e-001
1.799283e+004	8.947621e-001
1.800285e+004	8.992955e-001
1.801286e+004	8.976120e-001
1.802285e+004	8.951081e-001
1.803285e+004	9.256567e-001
1.804286e+004	8.945062e-001
1.805285e+004	9.135952e-001
1.806287e+004	9.231374e-001
1.807288e+004	9.256992e-001
1.808289e+004	9.280804e-001
1.809288e+004	9.364748e-001
1.810288e+004	9.171437e-001
1.811289e+004	9.202903e-001
1.812290e+004	9.639168e-001
1.813290e+004	9.345820e-001
1.814291e+004	9.669083e-001
1.815292e+004	9.766855e-001
1.816292e+004	9.541555e-001
1.817293e+004	9.455752e-001
1.818293e+004	9.641239e-001
1.819296e+004	9.507817e-001
1.820297e+004	9.810272e-001
1.821298e+004	9.546349e-001
1.822302e+004	9.714200e-001
1.823303e+004	9.623838e-001
1.824304e+004	9.793467e-001
1.825304e+004	9.582570e-001
1.826305e+004	9.907763e-001
1.827305e+004	9.984786e-001
1.828311e+004	9.835367e-001
1.829308e+004	1.006075e+000
1.830309e+004	9.997443e-001
1.831310e+004	9.870058e-001
1.832310e+004	1.014092e+000
1.833311e+004	1.017878e+000
1.834312e+004	1.012213e+000
1.835311e+004	1.010115e+000
1.836311e+004	1.001549e+000
1.837312e+004	1.020161e+000
1.838312e+004	1.022955e+000
1.839313e+004	1.007529e+000
1.840314e+004	1.028991e+000
1.841312e+004	1.033717e+000
1.842313e+004	1.046143e+000
1.843314e+004	1.030436e+000
1.844314e+004	1.046477e+000
1.845315e+004	1.020646e+000
1.846317e+004	1.054020e+000
1.847318e+004	1.059293e+000
1.848320e+004	1.065734e+000
1.849320e+004	1.073571e+000
1.850321e+004	1.066391e+000
1.851321e+004	1.061326e+000
1.852322e+004	1.085841e+000
1.853323e+004	1.070268e+000
1.854322e+004	1.066939e+000
1.855322e+004	1.085279e+000
1.856323e+004	1.074442e+000
1.857324e+004	1.088275e+000
1.858324e+004	1.094402e+000
1.859325e+004	1.078714e+000
1.860326e+004	1.077998e+000
1.861326e+004	1.106894e+000
1.862327e+004	1.113798e+000
1.863326e+004	1.105940e+000
1.864326e+004	1.133798e+000
1.865330e+004	1.109261e+000
1.866328e+004	1.131190e+000
1.867328e+004	1.113212e+000
1.868329e+004	1.119891e+000
1.869329e+004	1.106686e+000
1.870334e+004	1.153909e+000
1.871333e+004	1.154615e+000
1.872333e+004	1.147198e+000
1.873334e+004	1.161838e+000
1.874334e+004	1.163902e+000
1.875337e+004	1.163889e+000
1.876337e+004	1.162190e+000
1.877340e+004	1.183767e+000
1.878340e+004	1.187441e+000
1.879341e+004	1.157660e+000
1.880342e+004	1.170101e+000
1.881342e+004	1.181474e+000
1.882343e+004	1.162980e+000
1.883342e+004	1.176859e+000
1.884342e+004	1.192043e+000
1.885343e+004	1.192990e+000
1.886344e+004	1.206815e+000
1.887342e+004	1.199757e+000
1.888346e+004	1.217260e+000
1.889346e+004	1.222242e+000
1.890349e+004	1.210574e+000
1.891349e+004	1.244131e+000
1.892350e+004	1.245857e+000
1.893355e+004	1.225139e+000
1.894353e+004	1.246015e+000
1.895353e+004	1.230925e+000
1.896354e+004	1.227740e+000
1.897355e+004	1.235089e+000
1.898355e+004	1.250284e+000
1.899356e+004	1.239282e+000
1.900358e+004	1.258816e+000
1.901359e+004	1.267027e+000
1.902360e+004	1.258486e+000
1.903360e+004	1.246644e+000
1.904361e+004	1.268921e+000
1.905362e+004	1.249502e+000
1.906361e+004	1.270242e+000
1.907362e+004	1.283881e+000
1.908362e+004	1.279888e+000
1.909362e+004	1.263880e+000
1.910365e+004	1.269180e+000
1.911365e+004	1.297487e+000
1.912365e+004	1.262079e+000
1.913366e+004	1.292746e+000
1.914366e+004	1.300305e+000
1.915367e+004	1.270737e+000
1.916367e+004	1.315781e+000
1.917368e+004	1.328232e+000
1.918372e+004	1.304339e+000
1.919370e+004	1.341073e+000
1.920368e+004	1.324437e+000
1.921369e+004	1.344197e+000
1.922369e+004	1.341620e+000
1.923370e+004	1.369075e+000
1.924371e+004	1.345269e+000
1.925372e+004	1.368253e+000
1.926372e+004	1.366412e+000
1.927373e+004	1.351555e+000
1.928379e+004	1.356954e+000
1.929376e+004	1.390058e+000
1.930377e+004	1.393742e+000
1.931379e+004	1.396913e+000
1.932380e+004	1.411262e+000
1.933381e+004	1.397613e+000
1.934379e+004	1.406373e+000
1.935380e+004	1.415381e+000
1.936379e+004	1.438896e+000
1.937379e+004	1.428894e+000
1.938381e+004	1.438812e+000
1.939381e+004	1.450838e+000
1.940382e+004	1.431393e+000
1.941384e+004	1.469704e+000
1.942385e+004	1.461996e+000
1.943387e+004	1.444216e+000
1.944390e+004	1.457488e+000
1.945390e+004	1.486103e+000
1.946393e+004	1.498395e+000
1.947393e+004	1.498234e+000
1.948396e+004	1.518050e+000
1.949395e+004	1.515231e+000
1.950397e+004	1.518327e+000
1.951397e+004	1.517443e+000
1.952400e+004	1.539779e+000
1.953400e+004	1.542364e+000
1.954403e+004	1.545731e+000
1.955404e+004	1.555246e+000
1.956404e+004	1.578507e+000
1.957407e+004	1.557697e+000
1.958408e+004	1.579809e+000
1.959409e+004	1.618901e+000
1.960409e+004	1.606338e+000
1.961410e+004	1.619782e+000
1.962411e+004	1.625737e+000
1.963411e+004	1.620135e+000
1.964410e+004	1.640060e+000
1.965410e+004	1.644493e+000
1.966411e+004	1.654874e+000
1.967412e+004	1.638939e+000
1.968412e+004	1.658411e+000
1.969411e+004	1.666288e+000
1.970417e+004	1.683644e+000
1.971416e+004	1.699854e+000
1.972417e+004	1.712486e+000
1.973420e+004	1.717874e+000
1.974420e+004	1.729433e+000
1.975421e+004	1.754428e+000
1.976426e+004	1.745921e+000
1.977424e+004	1.736845e+000
1.978426e+004	1.760574e+000
1.979427e+004	1.743463e+000
1.980428e+004	1.768537e+000
1.981426e+004	1.782209e+000
1.982427e+004	1.801790e+000
1.983429e+004	1.799300e+000
1.984430e+004	1.798175e+000
1.985430e+004	1.808202e+000
1.986432e+004	1.838504e+000
1.987433e+004	1.814041e+000
1.988433e+004	1.833054e+000
1.989432e+004	1.842808e+000
1.990434e+004	1.831479e+000
1.991439e+004	1.865162e+000
1.992437e+004	1.865803e+000
1.993438e+004	1.859056e+000
1.994440e+004	1.860726e+000
1.995441e+004	1.875039e+000
1.996441e+004	1.874093e+000
1.997447e+004	1.889632e+000
1.998444e+004	1.864050e+000
1.999445e+004	1.896697e+000
2.000446e+004	1.914856e+000
2.001446e+004	1.891336e+000
2.002447e+004	1.902597e+000
2.003449e+004	1.912790e+000
2.004450e+004	1.924247e+000
2.005452e+004	1.923871e+000
2.006454e+004	1.955311e+000
2.007455e+004	1.938091e+000
2.008455e+004	1.953679e+000
2.009456e+004	1.983571e+000
2.010456e+004	1.974374e+000
2.011457e+004	1.990145e+000
2.012458e+004	2.005856e+000
2.013458e+004	1.985050e+000
2.014459e+004	2.012076e+000
2.015460e+004	1.999606e+000
2.016460e+004	2.021835e+000
2.017461e+004	2.040449e+000
2.018462e+004	2.049246e+000
2.019462e+004	2.045207e+000
2.020461e+004	2.031827e+000
2.021462e+004	2.057613e+000
2.022462e+004	2.057601e+000
2.023463e+004	2.080402e+000
2.024463e+004	2.081228e+000
2.025465e+004	2.095687e+000
2.026465e+004	2.105506e+000
2.027465e+004	2.093822e+000
2.028466e+004	2.099623e+000
2.029467e+004	2.123828e+000
2.030467e+004	2.090923e+000
2.031468e+004	2.121847e+000
2.032469e+004	2.138784e+000
2.033469e+004	2.117273e+000
2.034470e+004	2.120047e+000
2.035471e+004	2.145198e+000
2.036471e+004	2.142204e+000
2.037472e+004	2.130414e+000
2.038472e+004	2.136436e+000
2.039476e+004	2.170053e+000
2.040476e+004	2.163783e+000
2.041476e+004	2.150067e+000
2.042478e+004	2.128410e+000
2.043477e+004	2.153243e+000
2.044477e+004	2.174081e+000
2.045478e+004	2.169935e+000
2.046477e+004	2.178673e+000
2.047479e+004	2.167012e+000
2.048479e+004	2.181852e+000
2.049482e+004	2.187691e+000
2.050483e+004	2.181032e+000
2.051485e+004	2.183591e+000
2.052485e+004	2.199649e+000
2.053486e+004	2.181766e+000
2.054487e+004	2.201251e+000
2.055487e+004	2.203745e+000
2.056488e+004	2.213622e+000
2.057487e+004	2.196756e+000
2.058488e+004	2.228372e+000
2.059489e+004	2.199306e+000
2.060490e+004	2.194517e+000
2.061490e+004	2.195594e+000
2.062491e+004	2.205247e+000
2.063491e+004	2.225964e+000
2.064492e+004	2.229381e+000
2.065493e+004	2.248032e+000
2.066493e+004	2.239526e+000
2.067492e+004	2.242903e+000
2.068494e+004	2.230235e+000
2.069497e+004	2.251879e+000
2.070496e+004	2.240027e+000
2.071496e+004	2.252533e+000
2.072497e+004	2.240832e+000
2.073498e+004	2.260100e+000
2.074500e+004	2.274737e+000
2.075501e+004	2.260743e+000
2.076504e+004	2.278774e+000
2.077503e+004	2.251525e+000
2.078507e+004	2.290693e+000
2.079507e+004	2.297958e+000
2.080510e+004	2.308978e+000
2.081510e+004	2.300837e+000
2.082511e+004	2.319173e+000
2.083512e+004	2.320187e+000
2.084512e+004	2.321933e+000
2.085513e+004	2.352162e+000
2.086514e+004	2.334200e+000
2.087512e+004	2.312653e+000
2.088515e+004	2.314631e+000
2.089515e+004	2.276452e+000
2.090519e+004	2.324081e+000
2.091517e+004	2.305142e+000
2.092517e+004	2.312979e+000
2.093518e+004	2.334086e+000
2.094519e+004	2.345335e+000
2.095519e+004	2.328269e+000
2.096520e+004	2.363074e+000
2.097520e+004	2.330486e+000
2.098521e+004	2.345411e+000
2.099522e+004	2.340851e+000
2.100522e+004	2.357764e+000
2.101524e+004	2.377472e+000
2.102524e+004	2.359189e+000
2.103524e+004	2.354562e+000
2.104524e+004	2.369521e+000
2.105523e+004	2.365036e+000
2.106523e+004	2.364825e+000
2.107524e+004	2.365645e+000
2.108523e+004	2.366361e+000
2.109525e+004	2.361283e+000
2.110526e+004	2.359043e+000
2.111526e+004	2.374194e+000
2.112527e+004	2.363453e+000
2.113528e+004	2.374559e+000
2.114528e+004	2.383287e+000
2.115529e+004	2.380927e+000
2.116529e+004	2.364681e+000
2.117535e+004	2.375466e+000
2.118532e+004	2.380458e+000
2.119538e+004	2.397912e+000
2.120536e+004	2.390590e+000
2.121537e+004	2.384135e+000
2.122537e+004	2.386084e+000
2.123542e+004	2.402695e+000
2.124540e+004	2.415975e+000
2.125541e+004	2.409175e+000
2.126542e+004	2.414477e+000
2.127542e+004	2.394695e+000
2.128543e+004	2.401592e+000
2.129545e+004	2.376856e+000
2.130546e+004	2.381458e+000
2.131547e+004	2.421641e+000
2.132545e+004	2.407088e+000
2.133546e+004	2.408770e+000
2.134548e+004	2.410303e+000
2.135549e+004	2.395309e+000
2.136550e+004	2.399159e+000
2.137549e+004	2.394447e+000
2.138549e+004	2.404942e+000
2.139551e+004	2.416550e+000
2.140551e+004	2.420438e+000
2.141552e+004	2.422975e+000
2.142553e+004	2.442733e+000
2.143552e+004	2.432248e+000
2.144552e+004	2.427901e+000
2.145553e+004	2.428265e+000
2.146553e+004	2.405759e+000
2.147554e+004	2.429903e+000
2.148555e+004	2.437893e+000
2.149555e+004	2.431947e+000
2.150556e+004	2.431229e+000
2.151557e+004	2.441985e+000
2.152557e+004	2.449996e+000
2.153559e+004	2.438474e+000
2.154560e+004	2.433050e+000
2.155562e+004	2.437980e+000
2.156563e+004	2.453404e+000
2.157564e+004	2.435783e+000
2.158562e+004	2.469855e+000
2.159563e+004	2.448408e+000
2.160564e+004	2.436141e+000
2.161564e+004	2.445091e+000
2.162565e+004	2.425950e+000
2.163566e+004	2.444815e+000
2.164565e+004	2.462848e+000
2.165565e+004	2.478772e+000
2.166565e+004	2.492340e+000
2.167567e+004	2.499616e+000
2.168568e+004	2.501507e+000
2.169569e+004	2.501736e+000
2.170568e+004	2.519504e+000
2.171568e+004	2.520116e+000
2.172567e+004	2.529597e+000
2.173568e+004	2.521367e+000
2.174566e+004	2.532825e+000
2.175567e+004	2.533122e+000
2.176567e+004	2.537795e+000
2.177570e+004	2.533035e+000
2.178570e+004	2.547207e+000
2.179572e+004	2.538435e+000
2.180573e+004	2.527357e+000
2.181575e+004	2.529889e+000
2.182575e+004	2.520417e+000
2.183576e+004	2.507873e+000
