0.000000e+000	-3.306566e-001
9.997000e+000	-3.503557e-001
2.002800e+001	-3.424196e-001
3.002900e+001	-3.439716e-001
4.004000e+001	-3.446321e-001
5.006100e+001	-3.303196e-001
6.007100e+001	-3.379106e-001
7.007200e+001	-3.419257e-001
8.010300e+001	-3.366937e-001
9.010300e+001	-3.394117e-001
1.001130e+002	-3.314897e-001
1.101230e+002	-3.245138e-001
1.201230e+002	-3.102808e-001
1.301330e+002	-3.240209e-001
1.401440e+002	-3.443502e-001
1.501430e+002	-3.203973e-001
1.601540e+002	-3.404567e-001
1.701640e+002	-3.418351e-001
1.801560e+002	-3.422471e-001
1.901550e+002	-3.466306e-001
2.001640e+002	-3.243020e-001
2.101740e+002	-3.492385e-001
2.201750e+002	-3.559420e-001
2.301860e+002	-3.380796e-001
2.401760e+002	-3.136309e-001
2.502180e+002	-3.359427e-001
2.602070e+002	-3.428874e-001
2.702070e+002	-3.278909e-001
2.802180e+002	-3.274348e-001
2.902280e+002	-3.345604e-001
3.002280e+002	-3.483586e-001
3.102190e+002	-3.290761e-001
3.202290e+002	-3.339391e-001
3.302100e+002	-3.374555e-001
3.402200e+002	-3.399511e-001
3.502300e+002	-3.222854e-001
3.602300e+002	-3.407939e-001
3.702600e+002	-3.278540e-001
3.802690e+002	-3.181443e-001
3.902700e+002	-3.189904e-001
4.002800e+002	-3.633710e-001
4.102800e+002	-3.141804e-001
4.203100e+002	-3.371197e-001
4.303200e+002	-3.537365e-001
4.403200e+002	-3.405784e-001
4.503310e+002	-3.464273e-001
4.603310e+002	-3.369195e-001
4.703610e+002	-3.404184e-001
4.803530e+002	-3.317327e-001
4.903530e+002	-3.296928e-001
5.003630e+002	-3.263259e-001
5.103630e+002	-3.788083e-001
5.203730e+002	-3.733833e-001
5.303830e+002	-3.794626e-001
5.403840e+002	-3.521991e-001
5.503940e+002	-3.700468e-001
5.604040e+002	-3.568114e-001
5.703870e+002	-3.590950e-001
5.803990e+002	-3.804217e-001
5.903990e+002	-3.866924e-001
6.004290e+002	-3.804259e-001
6.104300e+002	-3.699336e-001
6.204420e+002	-3.897492e-001
6.304520e+002	-3.746256e-001
6.404520e+002	-3.647607e-001
6.504620e+002	-3.638839e-001
6.604720e+002	-3.534998e-001
6.704740e+002	-3.707574e-001
6.804940e+002	-3.484244e-001
6.905240e+002	-3.752285e-001
7.005240e+002	-3.746979e-001
7.105360e+002	-3.655983e-001
7.205570e+002	-3.572959e-001
7.305870e+002	-3.646407e-001
7.405790e+002	-3.731936e-001
7.506000e+002	-3.891684e-001
7.606010e+002	-3.760377e-001
7.706120e+002	-3.923615e-001
7.806320e+002	-3.625116e-001
7.906430e+002	-3.606610e-001
8.006540e+002	-3.477282e-001
8.106540e+002	-3.804043e-001
8.206640e+002	-3.740831e-001
8.306630e+002	-3.771287e-001
8.406730e+002	-3.695845e-001
8.506840e+002	-3.600607e-001
8.606840e+002	-3.635615e-001
8.707510e+002	-3.925233e-001
8.807140e+002	-3.581753e-001
8.907250e+002	-3.757865e-001
9.007270e+002	-3.747775e-001
9.107580e+002	-3.759173e-001
9.207580e+002	-3.756117e-001
9.307680e+002	-3.630765e-001
9.407590e+002	-3.644702e-001
9.507710e+002	-3.817531e-001
9.607700e+002	-3.824193e-001
9.707800e+002	-3.781179e-001
9.807800e+002	-3.712004e-001
9.907900e+002	-3.750196e-001
1.000800e+003	-3.819014e-001
1.010800e+003	-3.936844e-001
1.020810e+003	-3.923172e-001
1.030820e+003	-3.921951e-001
1.040821e+003	-3.699530e-001
1.050831e+003	-3.728072e-001
1.060833e+003	-3.947697e-001
1.070864e+003	-3.809824e-001
1.080864e+003	-3.819237e-001
1.090874e+003	-3.866776e-001
1.100884e+003	-3.912383e-001
1.110885e+003	-3.765656e-001
1.120895e+003	-3.881518e-001
1.130886e+003	-3.859396e-001
1.140887e+003	-3.821038e-001
1.150897e+003	-3.795179e-001
1.160907e+003	-3.934933e-001
1.170907e+003	-4.031275e-001
1.180918e+003	-3.568033e-001
1.190928e+003	-3.606182e-001
1.200910e+003	-3.752265e-001
1.210940e+003	-3.658270e-001
1.220941e+003	-3.599878e-001
1.230950e+003	-3.661036e-001
1.240960e+003	-3.688666e-001
1.250960e+003	-3.510736e-001
1.260972e+003	-3.594560e-001
1.270972e+003	-3.832992e-001
1.280983e+003	-3.607795e-001
1.290993e+003	-3.644752e-001
1.300993e+003	-3.589629e-001
1.311003e+003	-3.624221e-001
1.321024e+003	-3.882630e-001
1.331035e+003	-3.359066e-001
1.341045e+003	-3.778424e-001
1.351045e+003	-3.716168e-001
1.361055e+003	-3.649297e-001
1.371056e+003	-3.586291e-001
1.381067e+003	-3.626195e-001
1.391076e+003	-3.456244e-001
1.401076e+003	-3.645193e-001
1.411106e+003	-3.625123e-001
1.421116e+003	-3.640844e-001
1.431116e+003	-3.828364e-001
1.441126e+003	-3.770765e-001
1.451137e+003	-3.809971e-001
1.461136e+003	-3.692034e-001
1.471146e+003	-3.602059e-001
1.481146e+003	-3.777152e-001
1.491156e+003	-3.461980e-001
1.501166e+003	-3.584159e-001
1.511167e+003	-3.565474e-001
1.521177e+003	-3.942853e-001
1.531190e+003	-3.888597e-001
1.541190e+003	-3.683551e-001
1.551200e+003	-3.846339e-001
1.561201e+003	-3.765675e-001
1.571231e+003	-3.686881e-001
1.581231e+003	-3.732974e-001
1.591271e+003	-3.740202e-001
1.601251e+003	-3.715077e-001
1.611251e+003	-3.768108e-001
1.621260e+003	-3.755999e-001
1.631271e+003	-3.719204e-001
1.641272e+003	-3.483588e-001
1.651281e+003	-3.683467e-001
1.661291e+003	-3.647928e-001
1.671272e+003	-3.752398e-001
1.681282e+003	-3.859073e-001
1.691292e+003	-3.773801e-001
1.701274e+003	-3.628600e-001
1.711284e+003	-3.694777e-001
1.721294e+003	-3.946089e-001
1.731295e+003	-3.725739e-001
1.741307e+003	-3.867607e-001
1.751307e+003	-4.050120e-001
1.761317e+003	-3.707083e-001
1.771327e+003	-3.687340e-001
1.781319e+003	-3.838976e-001
1.791319e+003	-3.686050e-001
1.801310e+003	-3.593343e-001
1.811330e+003	-3.763569e-001
1.821341e+003	-3.884076e-001
1.831361e+003	-3.742010e-001
1.841373e+003	-3.878121e-001
1.851374e+003	-3.593279e-001
1.861434e+003	-3.882098e-001
1.871404e+003	-3.586236e-001
1.881414e+003	-3.861946e-001
1.891424e+003	-3.671821e-001
1.901424e+003	-3.737173e-001
1.911455e+003	-3.788646e-001
1.921455e+003	-3.734082e-001
1.931465e+003	-3.936333e-001
1.941475e+003	-3.830248e-001
1.951477e+003	-3.654395e-001
1.961487e+003	-3.806273e-001
1.971497e+003	-3.784006e-001
1.981487e+003	-3.703004e-001
1.991487e+003	-3.949390e-001
2.001497e+003	-3.812483e-001
2.011507e+003	-3.619276e-001
2.021507e+003	-3.450555e-001
2.031517e+003	-3.325300e-001
2.041527e+003	-3.296801e-001
2.051527e+003	-3.062590e-001
2.061537e+003	-2.865300e-001
2.071546e+003	-2.956274e-001
2.081548e+003	-2.642397e-001
2.091559e+003	-2.637574e-001
2.101560e+003	-2.601408e-001
2.111572e+003	-2.340961e-001
2.121574e+003	-2.252997e-001
2.131584e+003	-2.211656e-001
2.141565e+003	-2.330362e-001
2.151575e+003	-2.312304e-001
2.161585e+003	-1.959013e-001
2.171586e+003	-1.926472e-001
2.181616e+003	-1.708180e-001
2.191616e+003	-1.821836e-001
2.201626e+003	-1.636877e-001
2.211617e+003	-1.772717e-001
2.221667e+003	-1.629203e-001
2.231647e+003	-1.634470e-001
2.241698e+003	-1.399028e-001
2.251678e+003	-1.433155e-001
2.261680e+003	-1.191871e-001
2.271690e+003	-1.161972e-001
2.281700e+003	-1.067591e-001
2.291700e+003	-1.000774e-001
2.301710e+003	-1.192044e-001
2.311720e+003	-8.600120e-002
2.321720e+003	-9.768388e-002
2.331731e+003	-6.809190e-002
2.341742e+003	-7.770635e-002
2.351742e+003	-7.977431e-002
2.361753e+003	-7.834168e-002
2.371763e+003	-5.895462e-002
2.381763e+003	-5.150990e-002
2.391773e+003	-3.552620e-002
2.401783e+003	-2.926518e-002
2.411804e+003	-3.198007e-002
2.421814e+003	5.348408e-004
2.431835e+003	-1.318864e-002
2.441845e+003	-2.836140e-003
2.451845e+003	1.994851e-002
2.461855e+003	1.562343e-002
2.471855e+003	3.475718e-002
2.481864e+003	5.548659e-002
2.491875e+003	5.862696e-002
2.501875e+003	1.864002e-002
2.511886e+003	4.863958e-002
2.521888e+003	5.799283e-002
2.531938e+003	6.611430e-002
2.541918e+003	8.000352e-002
2.551928e+003	6.049993e-002
2.561938e+003	7.218479e-002
2.571939e+003	8.226906e-002
2.581951e+003	7.453870e-002
2.591952e+003	8.355742e-002
2.601982e+003	9.611933e-002
2.611974e+003	9.505910e-002
2.621974e+003	9.286110e-002
2.631984e+003	1.274621e-001
2.641994e+003	1.148441e-001
2.651994e+003	1.099164e-001
2.662004e+003	1.185816e-001
2.672005e+003	1.221223e-001
2.682035e+003	1.212592e-001
2.692035e+003	1.387017e-001
2.702045e+003	1.415164e-001
2.712055e+003	1.481662e-001
2.722056e+003	1.625717e-001
2.732067e+003	1.441896e-001
2.742087e+003	1.572144e-001
2.752097e+003	1.423888e-001
2.762149e+003	1.760987e-001
2.772128e+003	1.857667e-001
2.782138e+003	1.719590e-001
2.792129e+003	2.005874e-001
2.802129e+003	1.769489e-001
2.812139e+003	2.051762e-001
2.822149e+003	1.884334e-001
2.832149e+003	2.008826e-001
2.842159e+003	1.999892e-001
2.852169e+003	2.109614e-001
2.862169e+003	2.089982e-001
2.872179e+003	2.189654e-001
2.882189e+003	2.299412e-001
2.892189e+003	2.133068e-001
2.902181e+003	2.160750e-001
2.912190e+003	2.294689e-001
2.922190e+003	2.498457e-001
2.932181e+003	2.436321e-001
2.942201e+003	2.331307e-001
2.952213e+003	2.361551e-001
2.962223e+003	2.420164e-001
2.972244e+003	2.555884e-001
2.982245e+003	2.706371e-001
2.992257e+003	2.663036e-001
3.002300e+003	2.690540e-001
3.012256e+003	2.497564e-001
3.022256e+003	3.074513e-001
3.032247e+003	2.746023e-001
3.042257e+003	2.973825e-001
3.052247e+003	2.982223e-001
3.062248e+003	2.987891e-001
3.072270e+003	2.971556e-001
3.082280e+003	2.938961e-001
3.092290e+003	2.903703e-001
3.102280e+003	3.178743e-001
3.112281e+003	3.102393e-001
3.122272e+003	3.250570e-001
3.132292e+003	3.101073e-001
3.142304e+003	3.311140e-001
3.152304e+003	3.412651e-001
3.162314e+003	3.343131e-001
3.172305e+003	3.668730e-001
3.182306e+003	3.414009e-001
3.192317e+003	3.662692e-001
3.202308e+003	3.518892e-001
3.212319e+003	3.590422e-001
3.222319e+003	3.666931e-001
3.232328e+003	3.817374e-001
3.242321e+003	3.870246e-001
3.252342e+003	3.982227e-001
3.262352e+003	4.056344e-001
3.272352e+003	3.887137e-001
3.282362e+003	3.923678e-001
3.292362e+003	4.134620e-001
3.302393e+003	3.913690e-001
3.312394e+003	4.006118e-001
3.322424e+003	4.413770e-001
3.332424e+003	4.318492e-001
3.342434e+003	4.368249e-001
3.352444e+003	4.291963e-001
3.362443e+003	4.566447e-001
3.372453e+003	4.727436e-001
3.382463e+003	4.686396e-001
3.392454e+003	4.653254e-001
3.402454e+003	4.460490e-001
3.412445e+003	4.376185e-001
3.422455e+003	4.623880e-001
3.432436e+003	4.488155e-001
3.442446e+003	4.559096e-001
3.452456e+003	4.863880e-001
3.462456e+003	4.752557e-001
3.472466e+003	4.871067e-001
3.482477e+003	4.815388e-001
3.492477e+003	4.915792e-001
3.502487e+003	5.142441e-001
3.512508e+003	5.090223e-001
3.522519e+003	5.147936e-001
3.532529e+003	5.176671e-001
3.542529e+003	5.070869e-001
3.552539e+003	5.300571e-001
3.562549e+003	5.393214e-001
3.572549e+003	5.661827e-001
3.582559e+003	5.446387e-001
3.592542e+003	5.390504e-001
3.602553e+003	5.906921e-001
3.612563e+003	5.880924e-001
3.622545e+003	5.771461e-001
3.632578e+003	5.927472e-001
3.642600e+003	5.731139e-001
3.652610e+003	6.069997e-001
3.662610e+003	6.112982e-001
3.672620e+003	6.057334e-001
3.682620e+003	6.100150e-001
3.692630e+003	6.168455e-001
3.702621e+003	6.702594e-001
3.712641e+003	6.434823e-001
3.722651e+003	6.475847e-001
3.732661e+003	6.820977e-001
3.742661e+003	6.830189e-001
3.752671e+003	6.858116e-001
3.762680e+003	6.814083e-001
3.772670e+003	7.075705e-001
3.782651e+003	7.200048e-001
3.792663e+003	7.207380e-001
3.802682e+003	7.363200e-001
3.812693e+003	7.259017e-001
3.822713e+003	7.279346e-001
3.832726e+003	7.547560e-001
3.842726e+003	7.524545e-001
3.852756e+003	8.048835e-001
3.862757e+003	7.780999e-001
3.872768e+003	7.829178e-001
3.882788e+003	8.108534e-001
3.892798e+003	8.022176e-001
3.902819e+003	8.006468e-001
3.912830e+003	8.235875e-001
3.922839e+003	8.255696e-001
3.932821e+003	8.323442e-001
3.942831e+003	8.303855e-001
3.952842e+003	8.287722e-001
3.962822e+003	8.241968e-001
3.972832e+003	8.481770e-001
3.982842e+003	8.891264e-001
3.992843e+003	8.664689e-001
4.002853e+003	8.761340e-001
4.012863e+003	8.995877e-001
4.022846e+003	8.811525e-001
4.032856e+003	9.127284e-001
4.042876e+003	9.104329e-001
4.052887e+003	9.214795e-001
4.062889e+003	9.322924e-001
4.072950e+003	9.405682e-001
4.082920e+003	9.524864e-001
4.092983e+003	9.558272e-001
4.102951e+003	9.653535e-001
4.112961e+003	9.788579e-001
4.122971e+003	9.879049e-001
4.132972e+003	9.963501e-001
4.142982e+003	9.933801e-001
4.152992e+003	1.011666e+000
4.162982e+003	1.037617e+000
4.172983e+003	1.028148e+000
4.182973e+003	1.026532e+000
4.192992e+003	1.041700e+000
4.203003e+003	1.025845e+000
4.213013e+003	1.050801e+000
4.223003e+003	1.050758e+000
4.233003e+003	1.060580e+000
4.243013e+003	1.051580e+000
4.253023e+003	1.084663e+000
4.263023e+003	1.090586e+000
4.273033e+003	1.113982e+000
4.283043e+003	1.114687e+000
4.293043e+003	1.093447e+000
4.303053e+003	1.145820e+000
4.313064e+003	1.144944e+000
4.323084e+003	1.146004e+000
4.333094e+003	1.145050e+000
4.343094e+003	1.175052e+000
4.353104e+003	1.180582e+000
4.363105e+003	1.207056e+000
4.373135e+003	1.187865e+000
4.383135e+003	1.214991e+000
4.393166e+003	1.212175e+000
4.403167e+003	1.210772e+000
4.413179e+003	1.217669e+000
4.423181e+003	1.234481e+000
4.433210e+003	1.262673e+000
4.443210e+003	1.265040e+000
4.453220e+003	1.290643e+000
4.463230e+003	1.278770e+000
4.473230e+003	1.297827e+000
4.483240e+003	1.297423e+000
4.493250e+003	1.335974e+000
4.503251e+003	1.303445e+000
4.513262e+003	1.326022e+000
4.523272e+003	1.342876e+000
4.533272e+003	1.324866e+000
4.543283e+003	1.348294e+000
4.553284e+003	1.348073e+000
4.563315e+003	1.362196e+000
4.573315e+003	1.364821e+000
4.583326e+003	1.366007e+000
4.593347e+003	1.370945e+000
4.603357e+003	1.381841e+000
4.613367e+003	1.385044e+000
4.623348e+003	1.374374e+000
4.633358e+003	1.401374e+000
4.643367e+003	1.406316e+000
4.653368e+003	1.420357e+000
4.663377e+003	1.445030e+000
4.673387e+003	1.423458e+000
4.683387e+003	1.445410e+000
4.693398e+003	1.455580e+000
4.703408e+003	1.451096e+000
4.713390e+003	1.496327e+000
4.723401e+003	1.487182e+000
4.733402e+003	1.490794e+000
4.743412e+003	1.496917e+000
4.753423e+003	1.505014e+000
4.763422e+003	1.535079e+000
4.773432e+003	1.522319e+000
4.783442e+003	1.536366e+000
4.793442e+003	1.537797e+000
4.803472e+003	1.543388e+000
4.813482e+003	1.526634e+000
4.823485e+003	1.560595e+000
4.833486e+003	1.568462e+000
4.843496e+003	1.587065e+000
4.853499e+003	1.557104e+000
4.863509e+003	1.575491e+000
4.873519e+003	1.581914e+000
4.883519e+003	1.581203e+000
4.893530e+003	1.622124e+000
4.903540e+003	1.595721e+000
4.913540e+003	1.627174e+000
4.923552e+003	1.614429e+000
4.933553e+003	1.620335e+000
4.943563e+003	1.647285e+000
4.953573e+003	1.639201e+000
4.963574e+003	1.652390e+000
4.973585e+003	1.645435e+000
4.983633e+003	1.666956e+000
4.993615e+003	1.695553e+000
5.003625e+003	1.664122e+000
5.013615e+003	1.686426e+000
5.023617e+003	1.703602e+000
5.033628e+003	1.712054e+000
5.043608e+003	1.702983e+000
5.053666e+003	1.728648e+000
5.063638e+003	1.710150e+000
5.073649e+003	1.731271e+000
5.083659e+003	1.740720e+000
5.093640e+003	1.744237e+000
5.103671e+003	1.762176e+000
5.113671e+003	1.762207e+000
5.123681e+003	1.752937e+000
5.133691e+003	1.777559e+000
5.143692e+003	1.787578e+000
5.153703e+003	1.780550e+000
5.163723e+003	1.797371e+000
5.173733e+003	1.792372e+000
5.183754e+003	1.800789e+000
5.193765e+003	1.802031e+000
5.203785e+003	1.808391e+000
5.213795e+003	1.798840e+000
5.223805e+003	1.809919e+000
5.233795e+003	1.815257e+000
5.243796e+003	1.796840e+000
5.253806e+003	1.809713e+000
5.263807e+003	1.832623e+000
5.273818e+003	1.830086e+000
5.283819e+003	1.848377e+000
5.293830e+003	1.856359e+000
5.303840e+003	1.860059e+000
5.313840e+003	1.854633e+000
5.323851e+003	1.858856e+000
5.333861e+003	1.835330e+000
5.343842e+003	1.827388e+000
5.353852e+003	1.856164e+000
5.363862e+003	1.843606e+000
5.373862e+003	1.871677e+000
5.383873e+003	1.852284e+000
5.393883e+003	1.869049e+000
5.403864e+003	1.914352e+000
5.413875e+003	1.890040e+000
5.423896e+003	1.900923e+000
5.433906e+003	1.905742e+000
5.443915e+003	1.894215e+000
5.453896e+003	1.934243e+000
5.463908e+003	1.928436e+000
5.473928e+003	1.919931e+000
5.483939e+003	1.930250e+000
5.493959e+003	1.946609e+000
5.503969e+003	1.914819e+000
5.513971e+003	1.955451e+000
5.523981e+003	1.923654e+000
5.533991e+003	1.947798e+000
5.543992e+003	1.959759e+000
5.554002e+003	1.943403e+000
5.564012e+003	1.974389e+000
5.574012e+003	1.983163e+000
5.584022e+003	1.979929e+000
5.594033e+003	1.999695e+000
5.604033e+003	1.974085e+000
5.614043e+003	1.984088e+000
5.624053e+003	1.977560e+000
5.634053e+003	1.997571e+000
5.644044e+003	2.000749e+000
5.654080e+003	1.996063e+000
5.664055e+003	1.987721e+000
5.674066e+003	1.980046e+000
5.684075e+003	1.986486e+000
5.694076e+003	1.981266e+000
5.704086e+003	2.007290e+000
5.714086e+003	2.031221e+000
5.724116e+003	2.011037e+000
5.734126e+003	2.024319e+000
5.744126e+003	2.010541e+000
5.754137e+003	2.022000e+000
5.764138e+003	2.029213e+000
5.774168e+003	2.026700e+000
5.784169e+003	2.022297e+000
5.794199e+003	2.028048e+000
5.804199e+003	2.032303e+000
5.814209e+003	2.016574e+000
5.824219e+003	2.024777e+000
5.834219e+003	2.045110e+000
5.844229e+003	2.050251e+000
5.854239e+003	2.055276e+000
5.864238e+003	2.068999e+000
5.874250e+003	2.074870e+000
5.884270e+003	2.080702e+000
5.894282e+003	2.085978e+000
5.904283e+003	2.083197e+000
5.914294e+003	2.106704e+000
5.924314e+003	2.111303e+000
5.934324e+003	2.107130e+000
5.944334e+003	2.103897e+000
5.954334e+003	2.117516e+000
5.964346e+003	2.105240e+000
5.974347e+003	2.120333e+000
5.984357e+003	2.099051e+000
5.994378e+003	2.121666e+000
6.004388e+003	2.084918e+000
6.014398e+003	2.101780e+000
6.024398e+003	2.113124e+000
6.034409e+003	2.127958e+000
6.044410e+003	2.134146e+000
6.054420e+003	2.113688e+000
6.064430e+003	2.139903e+000
6.074431e+003	2.137016e+000
6.084441e+003	2.137984e+000
6.094462e+003	2.118340e+000
6.104473e+003	2.147604e+000
6.114520e+003	2.154102e+000
6.124503e+003	2.138437e+000
6.134513e+003	2.160621e+000
6.144494e+003	2.140224e+000
6.154506e+003	2.145498e+000
6.164508e+003	2.158190e+000
6.174519e+003	2.130549e+000
6.184539e+003	2.150626e+000
6.194550e+003	2.142225e+000
6.204560e+003	2.160015e+000
6.214560e+003	2.185927e+000
6.224570e+003	2.148072e+000
6.234591e+003	2.186489e+000
6.244601e+003	2.180148e+000
6.254611e+003	2.177569e+000
6.264593e+003	2.181524e+000
6.274603e+003	2.171150e+000
6.284613e+003	2.192202e+000
6.294613e+003	2.196291e+000
6.304623e+003	2.206275e+000
6.314632e+003	2.191578e+000
6.324622e+003	2.195774e+000
6.334623e+003	2.166689e+000
6.344633e+003	2.163142e+000
6.354634e+003	2.166976e+000
6.364644e+003	2.167612e+000
6.374654e+003	2.161122e+000
6.384635e+003	2.164392e+000
6.394645e+003	2.143035e+000
6.404655e+003	2.142045e+000
6.414637e+003	2.156261e+000
6.424647e+003	2.155545e+000
6.434657e+003	2.172560e+000
6.444657e+003	2.193032e+000
6.454667e+003	2.191658e+000
6.464658e+003	2.172567e+000
6.474660e+003	2.189072e+000
6.484690e+003	2.208019e+000
6.494691e+003	2.208829e+000
6.504700e+003	2.189102e+000
6.514711e+003	2.214716e+000
6.524693e+003	2.204300e+000
6.534702e+003	2.211969e+000
6.544712e+003	2.197995e+000
6.554713e+003	2.208245e+000
6.564743e+003	2.202181e+000
6.574743e+003	2.161192e+000
6.584753e+003	2.200969e+000
6.594763e+003	2.206189e+000
6.604763e+003	2.180094e+000
6.614773e+003	2.201076e+000
6.624765e+003	2.193066e+000
6.634775e+003	2.193843e+000
6.644776e+003	2.210782e+000
6.654768e+003	2.228803e+000
6.664768e+003	2.201767e+000
6.674778e+003	2.179796e+000
6.684789e+003	2.205758e+000
6.694788e+003	2.189260e+000
6.704798e+003	2.200815e+000
6.714789e+003	2.216067e+000
6.724791e+003	2.214504e+000
6.734821e+003	2.202575e+000
6.744820e+003	2.197426e+000
6.754831e+003	2.222201e+000
6.764852e+003	2.209189e+000
6.774864e+003	2.215088e+000
6.784864e+003	2.226994e+000
6.794874e+003	2.230329e+000
6.804884e+003	2.228785e+000
6.814885e+003	2.247614e+000
6.824895e+003	2.234661e+000
6.834905e+003	2.242439e+000
6.844887e+003	2.230126e+000
6.854947e+003	2.246825e+000
6.864917e+003	2.231131e+000
6.874929e+003	2.258180e+000
6.884930e+003	2.238587e+000
6.894977e+003	2.236550e+000
6.904961e+003	2.266161e+000
6.914973e+003	2.232908e+000
6.924984e+003	2.267603e+000
6.935005e+003	2.264906e+000
6.945015e+003	2.265231e+000
6.955015e+003	2.252169e+000
6.965006e+003	2.274423e+000
6.975018e+003	2.266470e+000
6.985017e+003	2.268003e+000
6.995027e+003	2.254745e+000
7.005037e+003	2.241900e+000
7.015039e+003	2.262129e+000
7.025033e+003	2.256531e+000
7.035034e+003	2.277890e+000
7.045044e+003	2.253806e+000
7.055044e+003	2.255460e+000
7.065055e+003	2.242857e+000
7.075065e+003	2.239070e+000
7.085046e+003	2.273834e+000
7.095057e+003	2.247373e+000
7.105068e+003	2.250580e+000
7.115048e+003	2.256432e+000
7.125108e+003	2.243772e+000
7.135079e+003	2.252793e+000
7.145089e+003	2.254921e+000
7.155110e+003	2.245779e+000
7.165121e+003	2.257097e+000
7.175141e+003	2.229854e+000
7.185152e+003	2.224932e+000
7.195153e+003	2.230916e+000
7.205184e+003	2.264642e+000
7.215184e+003	2.237877e+000
7.225194e+003	2.258008e+000
7.235204e+003	2.250038e+000
7.245205e+003	2.244847e+000
7.255217e+003	2.280166e+000
7.265217e+003	2.250205e+000
7.275227e+003	2.253247e+000
7.285237e+003	2.294606e+000
7.295237e+003	2.257677e+000
7.305247e+003	2.274954e+000
7.315250e+003	2.290603e+000
7.325260e+003	2.273740e+000
7.335270e+003	2.254830e+000
7.345262e+003	2.269909e+000
7.355262e+003	2.264688e+000
7.365272e+003	2.257281e+000
7.375272e+003	2.255445e+000
7.385303e+003	2.282181e+000
7.395304e+003	2.258127e+000
7.405315e+003	2.266236e+000
7.415317e+003	2.258370e+000
7.425328e+003	2.279141e+000
7.435348e+003	2.257709e+000
7.445378e+003	2.257707e+000
7.455379e+003	2.275454e+000
7.465409e+003	2.247178e+000
7.475410e+003	2.275247e+000
7.485421e+003	2.274659e+000
7.495442e+003	2.269945e+000
7.505453e+003	2.292438e+000
7.515454e+003	2.268293e+000
7.525464e+003	2.267377e+000
7.535474e+003	2.253387e+000
7.545474e+003	2.270136e+000
7.555485e+003	2.278339e+000
7.565495e+003	2.272211e+000
7.575495e+003	2.262986e+000
7.585505e+003	2.272277e+000
7.595514e+003	2.259687e+000
7.605504e+003	2.274014e+000
7.615504e+003	2.267616e+000
7.625514e+003	2.283598e+000
7.635515e+003	2.251237e+000
7.645526e+003	2.279890e+000
7.655536e+003	2.273532e+000
7.665517e+003	2.261346e+000
7.675528e+003	2.244808e+000
7.685530e+003	2.252711e+000
7.695562e+003	2.264833e+000
7.705561e+003	2.236600e+000
7.715571e+003	2.228396e+000
7.725581e+003	2.221488e+000
7.735581e+003	2.227084e+000
7.745592e+003	2.206443e+000
7.755613e+003	2.209377e+000
7.765624e+003	2.203659e+000
7.775644e+003	2.235490e+000
7.785654e+003	2.243532e+000
7.795664e+003	2.233591e+000
7.805654e+003	2.235363e+000
7.815654e+003	2.236229e+000
7.825645e+003	2.251570e+000
7.835655e+003	2.241355e+000
7.845655e+003	2.242655e+000
7.855665e+003	2.246280e+000
7.865675e+003	2.248504e+000
7.875666e+003	2.277358e+000
7.885666e+003	2.273148e+000
7.895657e+003	2.268043e+000
7.905678e+003	2.276299e+000
7.915688e+003	2.259261e+000
7.925690e+003	2.276271e+000
7.935701e+003	2.311962e+000
7.945691e+003	2.292124e+000
7.955735e+003	2.310186e+000
7.965722e+003	2.295632e+000
7.975723e+003	2.299737e+000
7.985733e+003	2.293494e+000
7.995742e+003	2.316121e+000
8.005743e+003	2.305738e+000
8.015753e+003	2.290011e+000
8.025774e+003	2.294174e+000
8.035785e+003	2.291041e+000
8.045786e+003	2.267231e+000
8.055796e+003	2.284272e+000
8.065787e+003	2.301926e+000
8.075841e+003	2.273856e+000
8.085818e+003	2.272012e+000
8.095819e+003	2.284119e+000
8.105830e+003	2.272369e+000
8.115839e+003	2.276648e+000
8.125840e+003	2.272017e+000
8.135850e+003	2.248951e+000
8.145859e+003	2.252801e+000
8.155859e+003	2.269303e+000
8.165870e+003	2.238935e+000
8.175880e+003	2.248939e+000
8.185870e+003	2.257644e+000
8.195872e+003	2.264629e+000
8.205882e+003	2.277614e+000
8.215882e+003	2.260614e+000
8.225892e+003	2.276704e+000
8.235913e+003	2.270107e+000
8.245925e+003	2.272662e+000
8.255925e+003	2.266738e+000
8.265935e+003	2.259717e+000
8.275927e+003	2.274717e+000
8.285947e+003	2.259976e+000
8.295959e+003	2.268397e+000
8.305959e+003	2.276473e+000
8.315969e+003	2.269782e+000
8.325979e+003	2.264461e+000
8.335961e+003	2.233013e+000
8.345971e+003	2.269598e+000
8.355981e+003	2.263153e+000
8.365981e+003	2.265354e+000
8.375991e+003	2.277736e+000
8.385983e+003	2.269366e+000
8.395982e+003	2.262358e+000
8.405992e+003	2.275372e+000
8.416002e+003	2.300895e+000
8.426003e+003	2.299473e+000
8.436013e+003	2.270758e+000
8.446034e+003	2.271293e+000
8.456046e+003	2.292980e+000
8.466046e+003	2.293729e+000
8.476108e+003	2.260337e+000
8.486078e+003	2.273540e+000
8.496140e+003	2.294117e+000
8.506100e+003	2.272331e+000
8.516100e+003	2.289804e+000
8.526110e+003	2.277626e+000
8.536110e+003	2.288815e+000
8.546120e+003	2.301064e+000
8.556130e+003	2.299236e+000
8.566131e+003	2.289123e+000
8.576141e+003	2.261217e+000
8.586162e+003	2.258384e+000
8.596172e+003	2.279183e+000
8.606193e+003	2.279345e+000
8.616204e+003	2.283836e+000
8.626224e+003	2.285999e+000
8.636234e+003	2.297913e+000
8.646244e+003	2.283054e+000
8.656234e+003	2.277161e+000
8.666234e+003	2.273406e+000
8.676245e+003	2.270711e+000
8.686245e+003	2.285446e+000
8.696258e+003	2.253618e+000
8.706268e+003	2.299894e+000
8.716271e+003	2.286931e+000
8.726291e+003	2.287239e+000
8.736301e+003	2.293954e+000
8.746311e+003	2.312323e+000
8.756311e+003	2.275648e+000
8.766321e+003	2.279096e+000
8.776331e+003	2.314440e+000
8.786321e+003	2.305093e+000
8.796321e+003	2.305775e+000
8.806312e+003	2.283846e+000
8.816322e+003	2.296928e+000
8.826302e+003	2.313951e+000
8.836312e+003	2.311999e+000
8.846322e+003	2.306335e+000
8.856323e+003	2.310145e+000
8.866332e+003	2.297175e+000
8.876323e+003	2.292864e+000
8.886324e+003	2.298649e+000
8.896335e+003	2.289910e+000
8.906345e+003	2.287272e+000
8.916326e+003	2.303438e+000
8.926393e+003	2.298049e+000
8.936357e+003	2.267765e+000
8.946388e+003	2.275123e+000
8.956388e+003	2.270524e+000
8.966398e+003	2.261233e+000
8.976409e+003	2.265591e+000
8.986390e+003	2.260464e+000
8.996400e+003	2.248744e+000
9.006391e+003	2.240214e+000
9.016411e+003	2.240596e+000
9.026422e+003	2.235675e+000
9.036423e+003	2.217439e+000
9.046433e+003	2.227970e+000
9.056443e+003	2.228062e+000
9.066443e+003	2.202425e+000
9.076474e+003	2.236719e+000
9.086475e+003	2.207087e+000
9.096485e+003	2.221901e+000
9.106494e+003	2.226429e+000
9.116478e+003	2.230165e+000
9.126508e+003	2.200274e+000
9.136509e+003	2.227314e+000
9.146519e+003	2.235344e+000
9.156529e+003	2.231099e+000
9.166529e+003	2.200243e+000
9.176539e+003	2.215394e+000
9.186549e+003	2.219915e+000
9.196549e+003	2.225928e+000
9.206559e+003	2.220958e+000
9.216569e+003	2.224817e+000
9.226559e+003	2.225983e+000
9.236559e+003	2.247116e+000
9.246550e+003	2.233515e+000
9.256551e+003	2.222689e+000
9.266563e+003	2.230043e+000
9.276583e+003	2.234422e+000
9.286593e+003	2.239794e+000
9.296614e+003	2.231447e+000
9.306769e+003	2.240470e+000
