0.000000e+000	7.086862e-001
1.000000e+001	7.186861e-001
2.002100e+001	7.252553e-001
3.003100e+001	7.154297e-001
4.005200e+001	6.932043e-001
5.006200e+001	6.967879e-001
6.007200e+001	6.992234e-001
7.007200e+001	7.263994e-001
8.008300e+001	7.091041e-001
9.009300e+001	7.133079e-001
1.000940e+002	7.305723e-001
1.100840e+002	7.009757e-001
1.200940e+002	7.331266e-001
1.300850e+002	7.079520e-001
1.400850e+002	7.217063e-001
1.500940e+002	6.808402e-001
1.600950e+002	7.106227e-001
1.701050e+002	7.122913e-001
1.801150e+002	7.206301e-001
1.901160e+002	7.202204e-001
2.001270e+002	6.969292e-001
2.101350e+002	7.141637e-001
2.201360e+002	7.233755e-001
2.301940e+002	7.032575e-001
2.401770e+002	7.241390e-001
2.501970e+002	7.187178e-001
2.602070e+002	7.082357e-001
2.702280e+002	7.074848e-001
2.802200e+002	6.894074e-001
2.902410e+002	7.060097e-001
3.002520e+002	7.273802e-001
3.102710e+002	7.265214e-001
3.202720e+002	7.163444e-001
3.302830e+002	7.273311e-001
3.403030e+002	7.295315e-001
3.503150e+002	6.988060e-001
3.603340e+002	7.263433e-001
3.703650e+002	7.151307e-001
3.803650e+002	7.430392e-001
3.904240e+002	6.981755e-001
4.003950e+002	7.164929e-001
4.104060e+002	7.263938e-001
4.204150e+002	7.308677e-001
4.304160e+002	7.127410e-001
4.404280e+002	7.137750e-001
4.504290e+002	7.268175e-001
4.604600e+002	7.092182e-001
4.704590e+002	7.145323e-001
4.804700e+002	7.047407e-001
4.904790e+002	7.081041e-001
5.004800e+002	7.008968e-001
5.105100e+002	6.864746e-001
5.205100e+002	7.021751e-001
5.305200e+002	6.817989e-001
5.405130e+002	6.670517e-001
5.505130e+002	6.737528e-001
5.605220e+002	6.767369e-001
5.705330e+002	6.838329e-001
5.805320e+002	6.701675e-001
5.905440e+002	6.774214e-001
6.005540e+002	6.349894e-001
6.105540e+002	6.694571e-001
6.205640e+002	6.907632e-001
6.305750e+002	6.995026e-001
6.405640e+002	7.082215e-001
6.505640e+002	7.319345e-001
6.605750e+002	7.570289e-001
6.705850e+002	7.566420e-001
6.805850e+002	7.945510e-001
6.905950e+002	7.743322e-001
7.005950e+002	7.897162e-001
7.106600e+002	7.890286e-001
7.206360e+002	8.220120e-001
7.306340e+002	7.764657e-001
7.406460e+002	7.875816e-001
7.506460e+002	8.085962e-001
7.606930e+002	8.040215e-001
7.706660e+002	8.185290e-001
7.806480e+002	7.884387e-001
7.906580e+002	7.944896e-001
8.006690e+002	8.064824e-001
8.106730e+002	8.042459e-001
8.206730e+002	7.627031e-001
8.307320e+002	7.713446e-001
8.407050e+002	7.463005e-001
8.507150e+002	7.776760e-001
8.607050e+002	7.323121e-001
8.707260e+002	7.580976e-001
8.807370e+002	7.066072e-001
8.907570e+002	7.317908e-001
9.007670e+002	7.165875e-001
9.107880e+002	7.084552e-001
9.207970e+002	7.038615e-001
9.308180e+002	6.840002e-001
9.408280e+002	6.718120e-001
9.508380e+002	6.691868e-001
9.608190e+002	6.739892e-001
9.708300e+002	6.815917e-001
9.808210e+002	6.783589e-001
9.908220e+002	6.797205e-001
1.000832e+003	6.753957e-001
1.010842e+003	6.619725e-001
1.020842e+003	6.490709e-001
1.030852e+003	6.811305e-001
1.040862e+003	6.406579e-001
1.050864e+003	6.561728e-001
1.060873e+003	6.656316e-001
1.070884e+003	6.692337e-001
1.080884e+003	6.742136e-001
1.090895e+003	6.744641e-001
1.100905e+003	6.340462e-001
1.110904e+003	6.756321e-001
1.120896e+003	6.762147e-001
1.130905e+003	6.592997e-001
1.140895e+003	6.671530e-001
1.150896e+003	6.503002e-001
1.160907e+003	6.730703e-001
1.170906e+003	6.853667e-001
1.180915e+003	6.756036e-001
1.190927e+003	6.657650e-001
1.200907e+003	6.826689e-001
1.210917e+003	6.601827e-001
1.220929e+003	6.786772e-001
1.230927e+003	6.415781e-001
1.240939e+003	7.075135e-001
1.250964e+003	6.670256e-001
1.260974e+003	6.818654e-001
1.270977e+003	6.675084e-001
1.280996e+003	6.641048e-001
1.291045e+003	6.881371e-001
1.301026e+003	6.316534e-001
1.311038e+003	6.798971e-001
1.321049e+003	6.674733e-001
1.331050e+003	6.954137e-001
1.341060e+003	6.522055e-001
1.351059e+003	6.810955e-001
1.361071e+003	6.856215e-001
1.371091e+003	6.828315e-001
1.381103e+003	6.846324e-001
1.391153e+003	6.832291e-001
1.401153e+003	6.942023e-001
1.411152e+003	6.956180e-001
1.421162e+003	6.868970e-001
1.431210e+003	6.914810e-001
1.441195e+003	6.846039e-001
1.451215e+003	6.738518e-001
1.461227e+003	6.845831e-001
1.471227e+003	6.904049e-001
1.481237e+003	6.702847e-001
1.491229e+003	6.978042e-001
1.501249e+003	7.008145e-001
1.511260e+003	6.657962e-001
1.521280e+003	6.998531e-001
1.531290e+003	6.837264e-001
1.541301e+003	6.772458e-001
1.551301e+003	6.789917e-001
1.561311e+003	6.870531e-001
1.571322e+003	6.645473e-001
1.581321e+003	7.022988e-001
1.591331e+003	6.778459e-001
1.601331e+003	6.757385e-001
1.611343e+003	7.011115e-001
1.621353e+003	6.796688e-001
1.631342e+003	6.564662e-001
1.641342e+003	7.024198e-001
1.651352e+003	6.880975e-001
1.661395e+003	6.991626e-001
1.671363e+003	6.686287e-001
1.681372e+003	7.029232e-001
1.691374e+003	6.695468e-001
1.701384e+003	6.807167e-001
1.711396e+003	6.686645e-001
1.721375e+003	6.905227e-001
1.731385e+003	6.871486e-001
1.741377e+003	6.997208e-001
1.751379e+003	6.932089e-001
1.761408e+003	6.735187e-001
1.771409e+003	6.932511e-001
1.781419e+003	6.733703e-001
1.791429e+003	6.950772e-001
1.801430e+003	7.029451e-001
1.811442e+003	6.786957e-001
1.821441e+003	6.582445e-001
1.831452e+003	6.724060e-001
1.841461e+003	6.768952e-001
1.851443e+003	6.957395e-001
1.861453e+003	6.673049e-001
1.871464e+003	6.931664e-001
1.881465e+003	6.987343e-001
1.891474e+003	6.763264e-001
1.901485e+003	6.722155e-001
1.911484e+003	6.863036e-001
1.921495e+003	6.965039e-001
1.931504e+003	6.882249e-001
1.941504e+003	6.710571e-001
1.951515e+003	6.856752e-001
1.961524e+003	6.853686e-001
1.971525e+003	6.734314e-001
1.981585e+003	6.784371e-001
1.991565e+003	6.961675e-001
2.001564e+003	6.891538e-001
2.011573e+003	6.760661e-001
2.021575e+003	6.839304e-001
2.031587e+003	6.805041e-001
2.041596e+003	6.867139e-001
2.051596e+003	7.003605e-001
2.061607e+003	6.725515e-001
2.071608e+003	6.821562e-001
2.081640e+003	6.876645e-001
2.091642e+003	6.801967e-001
2.101653e+003	6.815901e-001
2.111652e+003	6.711462e-001
2.121662e+003	6.845056e-001
2.131673e+003	6.865446e-001
2.141662e+003	6.963979e-001
2.151663e+003	6.961503e-001
2.161674e+003	6.626318e-001
2.171674e+003	6.880889e-001
2.181684e+003	6.799377e-001
2.191704e+003	6.871663e-001
2.201716e+003	6.953281e-001
2.211728e+003	6.926389e-001
2.221727e+003	6.774513e-001
2.231720e+003	6.617530e-001
2.241720e+003	6.781467e-001
2.251783e+003	6.677681e-001
2.261751e+003	6.826639e-001
2.271763e+003	6.858268e-001
2.281764e+003	6.809395e-001
2.291773e+003	6.798868e-001
2.301783e+003	7.001286e-001
2.311783e+003	7.057359e-001
2.321795e+003	6.856022e-001
2.331786e+003	6.945126e-001
2.341838e+003	6.931894e-001
2.351817e+003	6.956719e-001
2.361801e+003	6.967416e-001
2.371853e+003	7.156434e-001
2.381841e+003	6.649309e-001
2.391840e+003	6.857690e-001
2.401831e+003	6.692341e-001
2.411851e+003	6.566323e-001
2.421882e+003	6.873708e-001
2.431881e+003	6.934175e-001
2.441893e+003	6.858756e-001
2.451894e+003	6.756730e-001
2.461906e+003	6.825411e-001
2.471916e+003	6.826419e-001
2.481917e+003	6.730603e-001
2.491926e+003	6.656788e-001
2.501936e+003	6.972831e-001
2.511937e+003	6.671334e-001
2.521947e+003	6.898761e-001
2.531956e+003	6.580428e-001
2.541958e+003	6.869320e-001
2.551979e+003	6.748170e-001
2.561989e+003	6.793791e-001
2.572010e+003	6.966109e-001
2.582021e+003	6.829793e-001
2.592040e+003	6.693184e-001
2.602076e+003	6.755323e-001
2.612071e+003	7.157982e-001
2.622082e+003	6.853910e-001
2.632093e+003	6.924089e-001
2.642093e+003	7.119107e-001
2.652086e+003	6.979559e-001
2.662095e+003	6.885259e-001
2.672117e+003	6.614991e-001
2.682117e+003	6.697491e-001
2.692128e+003	6.709506e-001
2.702148e+003	7.031228e-001
2.712201e+003	6.918242e-001
2.722178e+003	6.794942e-001
2.732231e+003	6.929411e-001
2.742201e+003	6.785377e-001
2.752201e+003	6.980751e-001
2.762192e+003	7.041331e-001
2.772214e+003	7.012794e-001
2.782225e+003	6.804626e-001
2.792226e+003	6.899737e-001
2.802238e+003	6.683270e-001
2.812249e+003	6.853425e-001
2.822249e+003	6.848337e-001
2.832239e+003	6.698727e-001
2.842250e+003	6.847755e-001
2.852251e+003	6.746158e-001
2.862261e+003	6.979373e-001
2.872261e+003	6.870726e-001
2.882304e+003	6.461005e-001
2.892280e+003	6.890286e-001
2.902271e+003	6.885445e-001
2.912272e+003	6.755027e-001
2.922282e+003	6.889649e-001
2.932292e+003	6.897261e-001
2.942293e+003	6.804020e-001
2.952302e+003	6.641039e-001
2.962302e+003	6.856683e-001
2.972313e+003	6.832131e-001
2.982324e+003	6.758593e-001
2.992313e+003	6.775207e-001
3.002315e+003	6.705877e-001
3.012317e+003	6.863796e-001
3.022327e+003	7.107479e-001
3.032319e+003	7.079434e-001
3.042320e+003	7.148382e-001
3.052350e+003	7.085977e-001
3.062350e+003	7.150444e-001
3.072403e+003	6.954031e-001
3.082381e+003	6.954671e-001
3.092392e+003	7.246999e-001
3.102383e+003	7.298190e-001
3.112384e+003	7.105505e-001
3.122414e+003	7.126510e-001
3.132416e+003	7.422617e-001
3.142464e+003	7.538206e-001
3.152446e+003	7.497900e-001
3.162458e+003	7.304617e-001
3.172477e+003	7.367721e-001
3.182526e+003	7.293171e-001
3.192509e+003	7.476561e-001
3.202520e+003	7.377512e-001
3.212529e+003	7.465766e-001
3.222529e+003	7.525011e-001
3.232540e+003	7.404639e-001
3.242560e+003	7.354722e-001
3.252570e+003	7.190150e-001
3.262580e+003	7.289270e-001
3.272562e+003	7.058448e-001
3.282571e+003	7.136021e-001
3.292582e+003	7.363203e-001
3.302581e+003	7.219083e-001
3.312592e+003	7.206175e-001
3.322601e+003	7.365983e-001
3.332592e+003	7.258194e-001
3.342591e+003	7.204059e-001
3.352631e+003	7.224955e-001
3.362602e+003	7.130322e-001
3.372613e+003	7.229727e-001
3.382623e+003	7.311631e-001
3.392604e+003	7.223614e-001
3.402614e+003	7.133533e-001
3.412625e+003	7.467504e-001
3.422624e+003	7.225159e-001
3.432634e+003	7.568901e-001
3.442644e+003	7.185501e-001
3.452644e+003	7.346319e-001
3.462655e+003	7.236579e-001
3.472666e+003	7.551436e-001
3.482647e+003	7.222518e-001
3.492657e+003	7.310526e-001
3.502647e+003	7.401819e-001
3.512649e+003	7.290348e-001
3.522658e+003	7.324897e-001
3.532650e+003	7.205971e-001
3.542650e+003	7.429597e-001
3.552682e+003	7.139521e-001
3.562682e+003	7.252443e-001
3.572692e+003	7.454220e-001
3.582696e+003	7.486751e-001
3.592707e+003	7.143789e-001
3.602710e+003	7.294193e-001
3.612764e+003	7.614660e-001
3.622740e+003	7.132209e-001
3.632771e+003	7.264075e-001
3.642780e+003	7.218548e-001
3.652781e+003	7.432853e-001
3.662771e+003	7.678145e-001
3.672783e+003	7.244185e-001
3.682782e+003	7.323063e-001
3.692774e+003	7.298832e-001
3.702775e+003	7.257368e-001
3.712787e+003	7.283737e-001
3.722795e+003	7.101326e-001
3.732776e+003	7.100966e-001
3.742787e+003	7.282852e-001
3.752797e+003	7.264972e-001
3.762797e+003	7.261590e-001
3.772807e+003	7.167733e-001
3.782828e+003	7.345452e-001
3.792839e+003	7.383546e-001
3.802848e+003	7.523544e-001
3.812838e+003	7.265951e-001
3.822838e+003	7.069280e-001
3.832849e+003	7.569945e-001
3.842849e+003	7.224868e-001
3.852860e+003	7.353637e-001
3.862869e+003	7.312815e-001
3.872861e+003	7.433054e-001
3.882862e+003	7.170397e-001
3.892871e+003	7.390688e-001
3.902873e+003	7.428919e-001
3.912883e+003	7.184881e-001
3.922892e+003	7.301162e-001
3.932873e+003	7.319802e-001
3.942883e+003	7.385166e-001
3.952894e+003	7.299986e-001
3.962893e+003	7.175843e-001
3.972904e+003	7.157084e-001
3.982914e+003	7.439787e-001
3.992904e+003	7.252817e-001
4.002905e+003	7.313165e-001
4.012897e+003	7.329744e-001
4.022906e+003	6.929328e-001
4.032906e+003	7.404045e-001
4.042916e+003	7.420467e-001
4.052937e+003	7.338684e-001
4.062947e+003	7.041414e-001
4.072959e+003	7.389341e-001
4.082960e+003	7.270961e-001
4.092969e+003	7.293941e-001
4.102969e+003	6.973469e-001
4.112980e+003	7.332860e-001
4.122983e+003	7.286389e-001
4.132992e+003	7.205672e-001
4.143001e+003	7.502481e-001
4.153002e+003	7.317206e-001
4.163011e+003	7.228537e-001
4.173021e+003	7.397128e-001
4.183022e+003	7.304275e-001
4.193033e+003	7.230301e-001
4.203042e+003	7.231592e-001
4.213033e+003	7.466523e-001
4.223034e+003	7.384642e-001
4.233024e+003	7.367041e-001
4.243026e+003	7.199949e-001
4.253057e+003	7.206831e-001
4.263056e+003	7.189940e-001
4.273068e+003	7.206638e-001
4.283088e+003	7.299750e-001
4.293098e+003	7.371613e-001
4.303101e+003	7.185201e-001
4.313110e+003	7.223735e-001
4.323120e+003	7.085108e-001
4.333121e+003	7.114745e-001
4.343132e+003	7.376268e-001
4.353141e+003	6.949302e-001
4.363123e+003	7.685896e-001
4.373134e+003	7.174082e-001
4.383145e+003	7.374004e-001
4.393145e+003	6.890777e-001
4.403136e+003	7.108527e-001
4.413172e+003	7.174318e-001
4.423168e+003	7.355923e-001
4.433161e+003	7.046831e-001
4.443162e+003	7.139972e-001
4.453171e+003	7.394819e-001
4.463181e+003	7.262568e-001
4.473202e+003	7.454514e-001
4.483212e+003	7.149008e-001
4.493212e+003	7.386929e-001
4.503246e+003	7.041303e-001
4.513225e+003	7.092424e-001
4.523216e+003	7.121271e-001
4.533226e+003	7.076439e-001
4.543207e+003	7.373965e-001
4.553218e+003	7.071310e-001
4.563220e+003	7.250583e-001
4.573229e+003	7.178590e-001
4.583239e+003	7.188533e-001
4.593241e+003	7.282202e-001
4.603251e+003	7.427061e-001
4.613271e+003	7.081915e-001
4.623281e+003	7.282193e-001
4.633292e+003	7.379675e-001
4.643274e+003	7.220242e-001
4.653284e+003	7.229419e-001
4.663304e+003	7.304402e-001
4.673334e+003	7.062259e-001
4.683334e+003	7.140080e-001
4.693344e+003	7.200314e-001
4.703355e+003	7.141770e-001
4.713356e+003	7.136465e-001
4.723365e+003	7.384682e-001
4.733375e+003	7.330926e-001
4.743376e+003	7.184984e-001
4.753386e+003	7.528156e-001
4.763397e+003	7.573173e-001
4.773397e+003	7.086832e-001
4.783388e+003	7.078222e-001
4.793440e+003	7.292130e-001
4.803420e+003	7.208091e-001
4.813421e+003	7.278908e-001
4.823432e+003	7.307965e-001
4.833441e+003	7.335082e-001
4.843422e+003	7.137054e-001
4.853432e+003	7.353158e-001
4.863444e+003	7.152540e-001
4.873443e+003	7.492389e-001
4.883453e+003	7.060779e-001
4.893463e+003	7.313465e-001
4.903464e+003	7.295061e-001
4.913498e+003	7.324896e-001
4.923484e+003	7.242305e-001
4.933466e+003	7.228849e-001
4.943496e+003	7.430835e-001
4.953497e+003	7.398722e-001
4.963506e+003	7.336496e-001
4.973497e+003	7.132907e-001
4.983516e+003	7.373576e-001
4.993526e+003	7.384067e-001
5.003536e+003	7.145024e-001
5.013518e+003	7.162153e-001
5.023529e+003	6.986388e-001
5.033531e+003	7.622396e-001
5.043540e+003	7.334387e-001
5.053531e+003	7.237024e-001
5.063534e+003	7.261880e-001
5.073545e+003	7.223024e-001
5.083529e+003	7.320448e-001
5.093538e+003	7.261925e-001
5.103549e+003	7.270642e-001
5.113548e+003	7.665223e-001
5.123560e+003	7.382026e-001
5.133562e+003	7.383236e-001
5.143617e+003	7.082877e-001
5.153594e+003	7.355625e-001
5.163603e+003	7.128860e-001
5.173613e+003	7.312064e-001
5.183613e+003	7.249361e-001
5.193623e+003	7.278472e-001
5.203644e+003	7.146723e-001
5.213654e+003	7.154401e-001
5.223664e+003	6.907984e-001
5.233656e+003	7.238900e-001
5.243654e+003	7.392821e-001
5.253645e+003	7.409328e-001
5.263668e+003	7.301572e-001
5.273677e+003	7.149138e-001
5.283698e+003	7.157533e-001
5.293708e+003	7.266057e-001
5.303719e+003	7.179502e-001
5.313719e+003	7.304043e-001
5.323729e+003	7.197854e-001
5.333740e+003	7.557242e-001
5.343739e+003	7.396399e-001
5.353730e+003	7.320935e-001
5.363740e+003	7.221007e-001
5.373731e+003	7.389445e-001
5.383731e+003	6.952366e-001
5.393740e+003	7.185085e-001
5.403740e+003	7.306269e-001
5.413750e+003	7.189771e-001
5.423760e+003	7.377046e-001
5.433751e+003	7.331379e-001
5.443752e+003	7.082936e-001
5.453761e+003	7.078419e-001
5.463771e+003	7.353445e-001
5.473772e+003	7.256209e-001
5.483764e+003	7.091722e-001
5.493773e+003	7.307906e-001
5.503774e+003	7.191036e-001
5.513784e+003	7.349353e-001
5.523784e+003	7.247922e-001
5.533796e+003	7.150054e-001
5.543805e+003	7.257772e-001
5.553786e+003	7.192359e-001
5.563796e+003	7.334882e-001
5.573787e+003	7.147664e-001
5.583808e+003	7.055695e-001
5.593818e+003	7.302173e-001
5.603838e+003	7.209257e-001
5.613849e+003	7.519457e-001
5.623869e+003	7.075811e-001
5.633880e+003	7.371389e-001
5.643881e+003	7.218505e-001
5.653892e+003	7.181865e-001
5.663903e+003	7.303524e-001
5.673883e+003	7.265735e-001
5.683893e+003	7.164867e-001
5.693903e+003	7.676068e-001
5.703905e+003	7.190024e-001
5.713916e+003	7.133532e-001
5.723937e+003	7.353130e-001
5.733947e+003	7.403479e-001
5.743948e+003	7.190278e-001
5.753958e+003	7.136529e-001
5.763968e+003	7.515599e-001
5.773968e+003	7.404263e-001
5.783979e+003	7.095491e-001
5.793969e+003	7.181431e-001
5.803990e+003	7.156057e-001
5.813999e+003	7.376821e-001
5.824008e+003	7.245004e-001
5.833989e+003	7.036165e-001
5.844000e+003	7.370412e-001
5.854010e+003	7.028220e-001
5.864009e+003	6.973939e-001
5.874020e+003	7.150713e-001
5.884041e+003	7.188704e-001
5.894051e+003	7.164077e-001
5.904105e+003	7.372441e-001
5.914082e+003	7.261673e-001
5.924092e+003	7.303967e-001
5.934074e+003	7.426577e-001
5.944084e+003	7.140495e-001
5.954105e+003	7.165746e-001
5.964117e+003	7.324179e-001
5.974118e+003	7.113475e-001
5.984129e+003	7.436167e-001
5.994140e+003	7.027242e-001
6.004140e+003	7.196422e-001
6.014132e+003	7.421883e-001
6.024143e+003	7.150541e-001
6.034145e+003	7.189854e-001
6.044146e+003	7.186912e-001
6.054212e+003	7.340201e-001
6.064177e+003	7.010847e-001
6.074241e+003	7.110410e-001
6.084217e+003	7.244944e-001
6.094218e+003	6.996814e-001
6.104227e+003	7.089764e-001
6.114237e+003	7.314441e-001
6.124239e+003	7.168789e-001
6.134261e+003	7.010329e-001
6.144273e+003	7.013061e-001
6.154273e+003	7.381425e-001
6.164331e+003	7.445907e-001
6.174303e+003	7.132273e-001
6.184345e+003	7.267872e-001
6.194344e+003	7.068338e-001
6.204365e+003	7.376292e-001
6.214357e+003	7.262906e-001
6.224407e+003	7.101640e-001
6.234389e+003	7.086362e-001
6.244388e+003	7.132385e-001
6.254398e+003	7.045216e-001
6.264389e+003	7.345736e-001
6.274390e+003	7.031273e-001
6.284381e+003	7.176329e-001
6.294383e+003	7.402748e-001
6.304395e+003	6.866005e-001
6.314415e+003	7.137761e-001
6.324425e+003	7.168781e-001
6.334434e+003	7.284639e-001
6.344424e+003	7.073550e-001
6.354425e+003	6.975506e-001
6.364416e+003	7.061983e-001
6.374418e+003	7.241777e-001
6.384449e+003	7.076800e-001
6.394448e+003	7.427728e-001
6.404459e+003	7.080409e-001
6.414468e+003	7.135806e-001
6.424451e+003	6.936801e-001
6.434482e+003	7.006909e-001
6.444473e+003	7.159433e-001
6.454494e+003	6.874563e-001
6.464504e+003	7.256279e-001
6.474505e+003	7.250725e-001
6.484495e+003	7.227156e-001
6.494506e+003	7.213343e-001
6.504506e+003	7.424515e-001
6.514516e+003	7.296784e-001
6.524527e+003	7.196420e-001
6.534547e+003	7.018449e-001
6.544557e+003	7.313442e-001
6.554579e+003	7.105517e-001
6.564614e+003	7.342169e-001
6.574592e+003	7.322453e-001
6.584603e+003	6.980688e-001
6.594623e+003	7.079635e-001
6.604624e+003	7.408263e-001
6.614654e+003	7.120732e-001
6.624646e+003	7.418291e-001
6.634646e+003	7.198804e-001
6.644638e+003	7.374453e-001
6.654674e+003	7.480546e-001
6.664638e+003	7.229788e-001
6.674637e+003	7.343750e-001
6.684648e+003	7.067425e-001
6.694656e+003	7.176868e-001
6.704656e+003	7.152056e-001
6.714667e+003	7.236306e-001
6.724676e+003	7.292510e-001
6.734676e+003	7.433274e-001
6.744668e+003	7.198314e-001
6.754669e+003	7.191955e-001
6.764734e+003	7.457335e-001
6.774709e+003	7.271311e-001
6.784745e+003	7.435518e-001
6.794740e+003	7.230819e-001
6.804740e+003	7.170968e-001
6.814751e+003	7.191071e-001
6.824760e+003	7.412894e-001
6.834760e+003	7.044404e-001
6.844771e+003	7.164548e-001
6.854771e+003	7.363919e-001
6.864780e+003	7.037722e-001
6.874790e+003	7.314513e-001
6.884790e+003	7.119183e-001
6.894801e+003	7.356170e-001
6.904810e+003	6.976186e-001
6.914812e+003	7.472077e-001
6.924823e+003	7.297172e-001
6.934842e+003	7.537741e-001
6.944853e+003	7.349652e-001
6.954862e+003	7.333084e-001
6.964862e+003	7.327405e-001
6.974875e+003	7.186241e-001
6.984884e+003	7.160557e-001
6.994885e+003	7.195615e-001
7.004875e+003	7.133381e-001
7.014929e+003	7.246612e-001
7.024907e+003	7.123160e-001
7.034941e+003	7.295016e-001
7.044937e+003	7.295801e-001
7.054947e+003	7.368765e-001
7.064938e+003	7.279621e-001
7.074937e+003	6.983093e-001
7.084928e+003	7.051795e-001
7.094948e+003	7.099574e-001
7.104958e+003	7.107721e-001
7.114968e+003	7.312646e-001
7.124959e+003	7.334029e-001
7.134958e+003	7.233980e-001
7.144969e+003	7.396463e-001
7.154970e+003	7.326311e-001
7.164999e+003	7.224698e-001
7.175009e+003	7.267518e-001
7.185031e+003	7.123253e-001
7.195031e+003	7.507971e-001
7.205062e+003	7.199577e-001
7.215062e+003	7.309410e-001
7.225074e+003	7.257432e-001
7.235077e+003	7.353814e-001
7.245086e+003	7.359588e-001
7.255097e+003	7.231259e-001
7.265086e+003	7.026962e-001
7.275087e+003	7.475334e-001
7.285077e+003	7.161534e-001
7.295087e+003	7.124339e-001
7.305069e+003	7.257983e-001
7.315119e+003	7.011792e-001
7.325100e+003	7.165619e-001
7.335110e+003	6.981601e-001
7.345148e+003	7.126894e-001
7.355120e+003	7.403155e-001
7.365131e+003	7.100289e-001
7.375141e+003	7.357268e-001
7.385132e+003	7.334509e-001
7.395131e+003	7.230773e-001
7.405123e+003	7.158744e-001
7.415132e+003	7.351639e-001
7.425113e+003	7.344602e-001
7.435145e+003	7.201952e-001
7.445145e+003	7.243010e-001
7.455155e+003	7.066514e-001
7.465164e+003	7.242672e-001
7.475164e+003	7.127611e-001
7.485174e+003	7.229120e-001
7.495184e+003	6.983689e-001
7.505184e+003	7.339840e-001
7.515195e+003	7.182781e-001
7.525205e+003	7.514924e-001
7.535194e+003	7.406915e-001
7.545194e+003	7.371116e-001
7.555205e+003	7.248234e-001
7.565215e+003	7.231446e-001
7.575215e+003	7.217417e-001
7.585224e+003	6.940518e-001
7.595226e+003	7.273481e-001
7.605280e+003	7.262199e-001
7.615257e+003	7.340287e-001
7.625287e+003	7.117268e-001
7.635297e+003	7.335913e-001
7.645298e+003	7.021069e-001
7.655306e+003	7.085571e-001
7.665307e+003	7.074299e-001
7.675338e+003	7.459091e-001
7.685338e+003	7.043307e-001
7.695348e+003	7.104243e-001
7.705339e+003	7.378391e-001
7.715349e+003	7.202401e-001
7.725400e+003	7.402779e-001
7.735380e+003	7.284562e-001
7.745380e+003	7.164671e-001
7.755372e+003	7.244246e-001
7.765392e+003	7.188025e-001
7.775447e+003	7.372803e-001
7.785422e+003	7.283683e-001
7.795435e+003	7.064524e-001
7.805446e+003	7.077998e-001
7.815445e+003	7.161432e-001
7.825456e+003	7.147689e-001
7.835455e+003	6.866329e-001
7.845465e+003	7.288790e-001
7.855475e+003	7.084753e-001
7.865476e+003	6.875886e-001
7.875485e+003	6.978358e-001
7.885496e+003	7.172128e-001
7.895495e+003	7.251061e-001
7.905506e+003	7.211395e-001
7.915516e+003	6.958474e-001
7.925515e+003	7.351216e-001
7.935526e+003	7.033129e-001
7.945535e+003	7.075321e-001
7.955517e+003	6.968824e-001
7.965529e+003	7.088936e-001
7.975548e+003	7.066345e-001
7.985562e+003	7.022855e-001
7.995561e+003	7.262101e-001
8.005572e+003	7.043436e-001
8.015565e+003	6.952062e-001
8.025586e+003	7.300034e-001
8.035597e+003	7.079798e-001
8.045596e+003	7.512296e-001
8.055606e+003	7.002889e-001
8.065616e+003	7.017456e-001
8.075619e+003	6.977140e-001
8.085638e+003	7.208921e-001
8.095668e+003	6.738502e-001
8.105678e+003	6.496101e-001
8.115729e+003	6.681956e-001
8.125700e+003	6.724330e-001
8.135760e+003	6.791222e-001
8.145730e+003	6.806699e-001
8.155741e+003	6.596458e-001
8.165731e+003	6.538578e-001
8.175732e+003	6.386314e-001
8.185777e+003	6.461402e-001
8.195753e+003	6.174447e-001
8.205753e+003	6.567836e-001
8.215785e+003	6.186351e-001
8.225785e+003	6.270874e-001
8.235797e+003	6.147916e-001
8.245816e+003	6.337663e-001
8.255827e+003	6.275748e-001
8.265837e+003	6.455343e-001
8.275836e+003	6.704283e-001
8.285848e+003	6.730330e-001
8.295848e+003	6.699155e-001
8.305858e+003	6.713548e-001
8.315868e+003	6.760656e-001
8.325867e+003	6.798380e-001
8.335879e+003	6.529114e-001
8.345888e+003	6.447348e-001
8.355888e+003	6.547669e-001
8.365899e+003	6.507997e-001
8.375919e+003	5.990763e-001
8.385930e+003	6.129892e-001
8.395940e+003	6.049978e-001
8.405941e+003	5.966963e-001
8.415933e+003	6.390784e-001
8.425952e+003	6.142676e-001
8.435985e+003	6.192880e-001
8.445972e+003	6.420074e-001
8.455962e+003	6.302835e-001
8.465962e+003	6.287083e-001
8.475973e+003	6.385771e-001
8.485974e+003	6.548635e-001
8.495984e+003	6.472017e-001
8.505994e+003	6.337491e-001
8.515985e+003	6.249834e-001
8.525984e+003	6.574437e-001
8.535994e+003	6.265797e-001
8.546004e+003	6.294447e-001
8.556004e+003	6.536373e-001
8.565997e+003	6.408445e-001
8.575998e+003	6.441750e-001
8.586009e+003	6.388824e-001
8.596029e+003	6.139220e-001
8.606075e+003	6.319709e-001
8.616049e+003	6.751417e-001
8.626050e+003	6.245025e-001
8.636060e+003	6.312675e-001
8.646070e+003	6.430593e-001
8.656051e+003	6.352611e-001
8.666062e+003	6.457219e-001
8.676073e+003	6.654344e-001
8.686073e+003	6.457640e-001
8.696082e+003	6.277610e-001
8.706092e+003	6.625100e-001
8.716082e+003	6.319639e-001
8.726082e+003	6.485348e-001
8.736074e+003	6.494474e-001
8.746095e+003	6.576530e-001
8.756104e+003	6.502313e-001
8.766124e+003	6.244405e-001
8.776135e+003	6.091145e-001
8.786144e+003	6.391502e-001
8.796135e+003	6.111294e-001
8.806135e+003	6.155838e-001
8.816145e+003	6.113849e-001
8.826146e+003	6.351767e-001
8.836156e+003	6.347171e-001
8.846166e+003	6.093234e-001
8.856156e+003	5.946262e-001
8.866157e+003	6.108794e-001
8.876149e+003	6.080840e-001
8.886149e+003	5.559441e-001
8.896159e+003	5.896668e-001
8.906150e+003	5.877850e-001
8.916201e+003	5.884711e-001
8.926181e+003	5.845859e-001
8.936190e+003	6.140444e-001
8.946190e+003	5.442311e-001
8.956203e+003	5.878901e-001
8.966202e+003	5.837977e-001
8.976212e+003	5.925060e-001
8.986203e+003	6.123342e-001
8.996205e+003	5.771495e-001
9.006235e+003	5.665517e-001
9.016235e+003	5.973071e-001
9.026267e+003	5.666597e-001
9.036268e+003	6.034440e-001
9.046298e+003	5.940916e-001
9.056299e+003	5.790090e-001
9.066308e+003	5.447069e-001
9.076318e+003	5.851031e-001
9.086320e+003	5.578714e-001
9.096330e+003	5.502723e-001
9.106339e+003	5.612595e-001
9.116339e+003	5.612898e-001
9.126350e+003	5.492415e-001
9.136360e+003	5.684817e-001
9.146342e+003	5.398546e-001
9.156352e+003	5.500896e-001
9.166373e+003	5.606158e-001
9.176383e+003	5.586434e-001
9.186391e+003	5.550475e-001
9.196373e+003	5.501080e-001
9.206382e+003	5.363897e-001
9.216374e+003	5.464360e-001
9.226375e+003	5.421215e-001
9.236385e+003	5.266013e-001
9.246376e+003	5.272097e-001
9.256397e+003	5.464540e-001
9.266406e+003	5.290578e-001
9.276427e+003	5.268718e-001
9.286436e+003	5.207033e-001
9.296457e+003	5.420616e-001
9.306468e+003	4.931180e-001
9.316478e+003	5.162974e-001
9.326459e+003	5.144802e-001
9.336469e+003	5.142285e-001
9.346480e+003	5.120020e-001
9.356460e+003	4.775029e-001
9.366471e+003	4.703463e-001
9.376481e+003	4.992312e-001
9.386481e+003	4.948118e-001
9.396511e+003	5.080038e-001
9.406512e+003	4.864715e-001
9.416521e+003	5.008522e-001
9.426514e+003	4.937782e-001
9.436514e+003	4.828098e-001
9.446523e+003	4.944923e-001
9.456534e+003	4.880887e-001
9.466525e+003	4.453577e-001
9.476525e+003	4.611659e-001
9.486517e+003	4.339769e-001
9.496529e+003	4.580919e-001
9.506528e+003	4.245818e-001
9.516539e+003	4.466792e-001
9.526549e+003	4.628912e-001
9.536548e+003	4.559377e-001
9.546539e+003	4.594474e-001
9.556550e+003	4.338373e-001
9.566551e+003	4.248919e-001
9.576542e+003	4.505255e-001
9.586551e+003	4.572300e-001
9.596533e+003	4.382532e-001
9.606561e+003	4.232663e-001
9.616571e+003	4.185267e-001
9.626571e+003	4.209998e-001
9.636581e+003	4.457832e-001
9.646591e+003	4.160328e-001
9.656613e+003	4.219225e-001
9.666622e+003	4.219482e-001
9.676623e+003	4.080108e-001
9.686632e+003	4.409923e-001
9.696632e+003	4.257650e-001
9.706644e+003	4.287261e-001
9.716664e+003	3.917744e-001
9.726695e+003	4.193438e-001
9.736696e+003	4.220587e-001
9.746707e+003	4.069666e-001
9.756708e+003	3.971363e-001
9.766739e+003	3.864631e-001
9.776739e+003	3.906462e-001
9.786770e+003	4.049250e-001
9.796769e+003	4.083589e-001
9.806781e+003	3.796036e-001
9.816801e+003	4.174342e-001
9.826832e+003	4.139583e-001
9.836832e+003	3.855721e-001
9.846843e+003	3.784360e-001
9.856864e+003	4.027039e-001
9.866874e+003	4.012873e-001
9.876875e+003	3.756368e-001
9.886887e+003	3.851199e-001
9.896908e+003	3.719779e-001
9.906937e+003	3.858506e-001
9.916937e+003	3.890207e-001
9.926948e+003	3.740738e-001
9.936939e+003	3.863227e-001
9.946959e+003	3.653889e-001
9.956969e+003	3.784759e-001
9.967010e+003	3.606820e-001
9.976970e+003	3.825704e-001
9.986969e+003	3.992989e-001
9.996979e+003	3.824960e-001
1.000699e+004	3.683195e-001
1.001699e+004	3.681863e-001
1.002698e+004	4.008184e-001
1.003699e+004	3.785424e-001
1.004699e+004	3.617121e-001
1.005700e+004	3.678500e-001
1.006700e+004	3.662475e-001
1.007701e+004	3.723776e-001
1.008703e+004	3.683385e-001
1.009704e+004	3.578517e-001
1.010707e+004	3.733401e-001
1.011707e+004	3.764494e-001
1.012708e+004	3.742850e-001
1.013708e+004	3.486846e-001
1.014708e+004	3.576225e-001
1.015707e+004	3.501634e-001
1.016707e+004	3.448045e-001
1.017708e+004	3.378041e-001
1.018709e+004	3.638325e-001
1.019709e+004	3.773004e-001
1.020710e+004	3.324206e-001
1.021710e+004	3.774715e-001
1.022713e+004	3.213846e-001
1.023713e+004	3.538809e-001
1.024714e+004	3.737454e-001
1.025715e+004	3.721146e-001
1.026715e+004	3.518478e-001
1.027716e+004	3.561427e-001
1.028718e+004	3.557825e-001
1.029720e+004	3.357078e-001
1.030724e+004	3.438743e-001
1.031723e+004	3.392950e-001
1.032723e+004	3.443845e-001
1.033724e+004	3.374838e-001
1.034726e+004	3.501044e-001
1.035727e+004	3.458598e-001
1.036731e+004	3.597538e-001
1.037726e+004	3.524052e-001
1.038727e+004	3.406856e-001
1.039726e+004	3.370584e-001
1.040726e+004	2.919435e-001
1.041727e+004	3.289074e-001
1.042728e+004	3.520584e-001
1.043728e+004	3.549031e-001
1.044729e+004	3.465931e-001
1.045731e+004	3.461020e-001
1.046734e+004	3.398100e-001
1.047734e+004	3.182339e-001
1.048735e+004	3.394075e-001
1.049738e+004	3.495614e-001
1.050739e+004	3.464035e-001
1.051740e+004	3.521070e-001
1.052738e+004	3.416332e-001
1.053739e+004	3.330578e-001
1.054741e+004	3.423051e-001
1.055742e+004	3.467276e-001
1.056743e+004	3.353114e-001
1.057743e+004	3.457673e-001
1.058744e+004	3.218355e-001
1.059745e+004	3.305691e-001
1.060743e+004	3.270621e-001
1.061744e+004	3.135830e-001
1.062746e+004	3.348716e-001
1.063747e+004	3.324402e-001
1.064748e+004	3.187605e-001
1.065748e+004	3.262560e-001
1.066749e+004	3.355839e-001
1.067750e+004	3.256273e-001
1.068750e+004	3.412074e-001
1.069751e+004	3.203624e-001
1.070752e+004	3.333519e-001
1.071752e+004	3.532694e-001
1.072751e+004	3.347659e-001
1.073752e+004	3.241006e-001
1.074751e+004	3.364351e-001
1.075751e+004	3.261863e-001
1.076753e+004	3.160430e-001
1.077753e+004	3.112307e-001
1.078754e+004	3.344126e-001
1.079755e+004	3.027153e-001
1.080755e+004	3.299192e-001
1.081758e+004	3.345446e-001
1.082759e+004	3.254681e-001
1.083758e+004	3.228136e-001
1.084760e+004	3.204204e-001
1.085761e+004	2.902468e-001
1.086761e+004	3.261917e-001
1.087761e+004	3.142106e-001
1.088762e+004	3.271474e-001
1.089765e+004	3.298775e-001
1.090765e+004	3.242045e-001
1.091770e+004	3.195900e-001
1.092768e+004	3.308648e-001
1.093771e+004	2.988085e-001
1.094771e+004	3.186756e-001
1.095776e+004	3.146289e-001
1.096774e+004	2.934824e-001
1.097775e+004	3.294131e-001
1.098776e+004	3.157859e-001
1.099776e+004	3.344886e-001
1.100777e+004	3.223048e-001
1.101779e+004	3.164724e-001
1.102780e+004	3.085318e-001
1.103780e+004	3.163601e-001
1.104781e+004	3.240778e-001
1.105782e+004	3.071919e-001
1.106782e+004	3.124776e-001
1.107783e+004	3.185294e-001
1.108784e+004	3.301635e-001
1.109783e+004	2.829620e-001
1.110786e+004	3.004895e-001
1.111786e+004	3.019374e-001
1.112787e+004	3.201109e-001
1.113788e+004	3.096887e-001
1.114788e+004	3.278626e-001
1.115789e+004	3.222511e-001
1.116790e+004	3.052337e-001
1.117790e+004	3.046587e-001
1.118791e+004	3.187129e-001
1.119792e+004	2.958041e-001
1.120791e+004	2.831858e-001
1.121791e+004	3.126960e-001
1.122790e+004	3.007177e-001
1.123791e+004	2.852637e-001
1.124789e+004	2.874308e-001
1.125790e+004	3.126707e-001
1.126795e+004	2.933287e-001
1.127793e+004	3.122968e-001
1.128795e+004	2.889260e-001
1.129796e+004	3.335791e-001
1.130800e+004	2.949289e-001
1.131797e+004	2.907674e-001
1.132798e+004	2.819310e-001
1.133799e+004	2.989300e-001
1.134800e+004	3.230790e-001
1.135800e+004	3.395973e-001
1.136801e+004	3.295396e-001
1.137802e+004	3.180381e-001
1.138802e+004	3.358799e-001
1.139803e+004	3.289012e-001
1.140804e+004	3.351627e-001
1.141802e+004	2.922913e-001
1.142803e+004	2.954437e-001
1.143804e+004	3.080650e-001
1.144806e+004	3.263897e-001
1.145806e+004	3.061014e-001
1.146808e+004	3.463069e-001
1.147806e+004	3.046383e-001
1.148807e+004	3.289521e-001
1.149811e+004	3.363659e-001
1.150806e+004	3.250050e-001
1.151807e+004	3.117624e-001
1.152808e+004	3.130839e-001
1.153808e+004	3.118589e-001
1.154809e+004	2.947093e-001
1.155813e+004	3.206336e-001
1.156812e+004	2.987312e-001
1.157814e+004	2.954033e-001
1.158814e+004	3.403154e-001
1.159813e+004	2.971782e-001
1.160813e+004	3.067822e-001
1.161814e+004	2.789207e-001
1.162815e+004	3.128588e-001
1.163814e+004	2.798134e-001
1.164814e+004	2.874420e-001
1.165816e+004	3.019408e-001
1.166817e+004	3.167150e-001
1.167818e+004	2.683270e-001
1.168818e+004	2.862493e-001
1.169819e+004	2.879785e-001
1.170820e+004	2.666396e-001
1.171820e+004	3.068285e-001
1.172821e+004	2.868668e-001
1.173821e+004	3.062567e-001
1.174821e+004	2.909544e-001
1.175822e+004	3.021833e-001
1.176822e+004	3.096584e-001
1.177822e+004	3.238662e-001
1.178823e+004	3.364870e-001
1.179824e+004	2.757152e-001
1.180825e+004	3.101408e-001
1.181825e+004	2.866281e-001
1.182826e+004	3.310834e-001
1.183832e+004	2.839350e-001
1.184829e+004	3.091274e-001
1.185830e+004	2.919265e-001
1.186831e+004	2.884400e-001
1.187831e+004	3.200961e-001
1.188832e+004	3.206200e-001
1.189832e+004	3.080581e-001
1.190838e+004	2.916252e-001
1.191835e+004	3.015411e-001
1.192836e+004	2.965703e-001
1.193837e+004	3.187501e-001
1.194837e+004	2.880941e-001
1.195838e+004	3.080923e-001
1.196839e+004	3.098139e-001
1.197837e+004	3.229071e-001
1.198842e+004	3.150069e-001
1.199839e+004	2.967147e-001
1.200839e+004	2.999014e-001
1.201841e+004	3.178179e-001
1.202840e+004	3.215191e-001
1.203840e+004	2.926246e-001
1.204841e+004	2.924992e-001
1.205841e+004	2.913512e-001
1.206844e+004	2.949734e-001
1.207844e+004	3.042193e-001
1.208845e+004	2.802412e-001
1.209846e+004	3.020569e-001
1.210846e+004	2.855649e-001
1.211851e+004	3.180835e-001
1.212849e+004	2.911495e-001
1.213850e+004	3.070200e-001
1.214855e+004	2.913663e-001
1.215851e+004	2.798309e-001
1.216852e+004	3.142250e-001
1.217854e+004	2.590459e-001
1.218855e+004	2.638906e-001
1.219857e+004	3.022170e-001
1.220858e+004	2.997520e-001
1.221860e+004	2.932402e-001
1.222861e+004	2.741376e-001
1.223862e+004	2.825450e-001
1.224862e+004	2.968346e-001
1.225863e+004	2.835216e-001
1.226864e+004	2.484277e-001
1.227866e+004	2.679601e-001
1.228867e+004	2.968793e-001
1.229868e+004	2.957080e-001
1.230866e+004	2.919243e-001
1.231867e+004	2.975053e-001
1.232868e+004	2.974696e-001
1.233868e+004	2.826672e-001
1.234869e+004	2.817190e-001
1.235870e+004	2.828513e-001
1.236868e+004	2.949229e-001
1.237870e+004	2.907417e-001
1.238871e+004	2.835409e-001
1.239871e+004	3.097580e-001
1.240870e+004	3.006193e-001
1.241870e+004	2.744321e-001
1.242876e+004	2.840138e-001
1.243874e+004	2.675396e-001
1.244874e+004	3.156366e-001
1.245875e+004	2.741862e-001
1.246875e+004	2.949089e-001
1.247878e+004	2.756215e-001
1.248878e+004	3.087273e-001
1.249879e+004	2.796483e-001
1.250884e+004	2.897642e-001
1.251884e+004	2.945241e-001
1.252884e+004	2.843179e-001
1.253885e+004	2.934393e-001
1.254886e+004	2.753708e-001
1.255886e+004	2.765686e-001
1.256887e+004	2.909250e-001
1.257888e+004	2.896329e-001
1.258888e+004	2.761476e-001
1.259889e+004	2.648963e-001
1.260891e+004	2.772626e-001
1.261895e+004	2.709260e-001
1.262894e+004	3.039962e-001
1.263896e+004	2.805327e-001
1.264896e+004	2.848292e-001
1.265895e+004	2.582862e-001
1.266896e+004	2.648062e-001
1.267897e+004	2.752518e-001
1.268897e+004	2.983699e-001
1.269898e+004	2.909430e-001
1.270899e+004	3.071236e-001
1.271898e+004	2.921557e-001
1.272898e+004	2.682635e-001
1.273899e+004	2.778081e-001
1.274900e+004	2.991139e-001
1.275900e+004	2.467483e-001
1.276901e+004	2.795985e-001
1.277902e+004	2.932048e-001
1.278904e+004	2.713003e-001
1.279905e+004	2.719421e-001
1.280905e+004	3.069885e-001
1.281904e+004	3.286843e-001
1.282904e+004	2.652245e-001
1.283905e+004	2.541464e-001
1.284904e+004	2.697876e-001
1.285905e+004	2.923146e-001
1.286905e+004	2.799689e-001
1.287906e+004	2.561028e-001
1.288907e+004	2.872921e-001
1.289907e+004	2.893511e-001
1.290908e+004	2.826224e-001
1.291908e+004	2.700925e-001
1.292911e+004	2.752783e-001
1.293912e+004	3.047514e-001
1.294913e+004	2.810200e-001
1.295913e+004	2.611847e-001
1.296914e+004	2.750047e-001
1.297916e+004	2.824981e-001
1.298917e+004	2.926086e-001
1.299918e+004	2.818496e-001
1.300918e+004	2.878561e-001
1.301917e+004	2.792679e-001
1.302918e+004	3.124189e-001
1.303916e+004	2.615504e-001
1.304917e+004	2.888197e-001
1.305919e+004	2.716116e-001
1.306920e+004	2.720288e-001
1.307921e+004	2.565822e-001
1.308921e+004	2.793855e-001
1.309922e+004	2.860304e-001
1.310923e+004	2.817381e-001
1.311921e+004	2.815977e-001
1.312922e+004	3.032595e-001
1.313924e+004	2.890687e-001
1.314923e+004	2.455347e-001
1.315925e+004	2.888702e-001
1.316926e+004	2.803572e-001
1.317925e+004	2.677544e-001
1.318927e+004	2.599825e-001
1.319927e+004	2.830820e-001
1.320928e+004	2.795522e-001
1.321929e+004	2.848398e-001
1.322929e+004	3.061883e-001
1.323930e+004	2.881373e-001
1.324930e+004	2.848821e-001
1.325933e+004	2.712680e-001
1.326932e+004	2.903692e-001
1.327937e+004	2.615273e-001
1.328934e+004	2.570298e-001
1.329938e+004	2.684411e-001
1.330938e+004	2.900543e-001
1.331939e+004	2.973937e-001
1.332940e+004	2.755193e-001
1.333940e+004	2.798324e-001
1.334941e+004	2.570914e-001
1.335940e+004	2.521907e-001
1.336942e+004	2.866523e-001
1.337943e+004	2.562713e-001
1.338944e+004	2.663702e-001
1.339943e+004	2.923019e-001
1.340943e+004	2.922196e-001
1.341944e+004	2.932981e-001
1.342944e+004	2.889110e-001
1.343945e+004	2.794369e-001
1.344947e+004	2.851670e-001
1.345948e+004	2.878765e-001
1.346949e+004	2.811836e-001
1.347948e+004	2.675517e-001
1.348948e+004	2.875562e-001
1.349949e+004	2.934136e-001
1.350950e+004	2.906834e-001
1.351950e+004	2.690679e-001
1.352951e+004	2.668271e-001
1.353949e+004	2.599740e-001
1.354951e+004	2.895024e-001
1.355950e+004	2.594247e-001
1.356950e+004	2.932143e-001
1.357951e+004	2.765757e-001
1.358952e+004	2.747618e-001
1.359954e+004	2.666618e-001
1.360954e+004	2.782706e-001
1.361955e+004	2.742942e-001
1.362955e+004	2.745728e-001
1.363958e+004	3.044261e-001
1.364959e+004	2.812741e-001
1.365959e+004	2.815750e-001
1.366960e+004	2.707598e-001
1.367959e+004	2.482275e-001
1.368960e+004	2.865766e-001
1.369960e+004	2.720550e-001
1.370961e+004	2.707397e-001
1.371961e+004	2.733279e-001
1.372962e+004	2.919033e-001
1.373961e+004	2.660198e-001
1.374962e+004	2.908998e-001
1.375962e+004	2.858151e-001
1.376963e+004	2.991866e-001
1.377963e+004	2.688490e-001
1.378965e+004	3.100454e-001
1.379967e+004	2.708034e-001
1.380970e+004	3.091629e-001
1.381970e+004	2.654887e-001
1.382971e+004	2.570896e-001
1.383971e+004	2.513194e-001
1.384974e+004	2.472964e-001
1.385974e+004	2.535670e-001
1.386975e+004	2.857122e-001
1.387977e+004	2.752527e-001
1.388978e+004	2.726742e-001
1.389978e+004	3.041469e-001
1.390985e+004	2.884370e-001
1.391981e+004	2.681037e-001
1.392982e+004	2.525870e-001
1.393983e+004	2.817535e-001
1.394983e+004	2.728120e-001
1.395984e+004	2.792669e-001
1.396985e+004	3.068053e-001
1.397986e+004	2.659085e-001
1.398987e+004	2.773533e-001
1.399992e+004	2.703055e-001
1.400990e+004	2.852706e-001
1.401992e+004	2.815668e-001
1.402993e+004	2.955901e-001
1.403994e+004	2.870368e-001
1.404993e+004	2.971878e-001
1.405993e+004	2.849251e-001
1.406992e+004	2.829128e-001
1.407994e+004	3.062170e-001
1.408995e+004	2.821997e-001
1.409996e+004	2.775598e-001
1.410995e+004	2.961303e-001
1.411995e+004	3.023939e-001
1.412994e+004	3.013485e-001
1.413994e+004	2.867024e-001
1.414995e+004	2.976789e-001
1.415994e+004	3.066063e-001
1.416996e+004	2.882197e-001
1.417998e+004	2.914659e-001
1.418998e+004	2.702660e-001
1.420001e+004	2.725756e-001
1.421001e+004	2.777256e-001
1.422004e+004	2.679124e-001
1.423004e+004	3.026306e-001
1.424005e+004	2.976402e-001
1.425005e+004	2.747229e-001
1.426008e+004	3.081338e-001
1.427008e+004	3.010150e-001
1.428009e+004	2.939254e-001
1.429010e+004	2.635030e-001
1.430011e+004	2.998324e-001
1.431013e+004	2.826182e-001
1.432016e+004	2.691113e-001
1.433015e+004	2.857420e-001
1.434015e+004	2.868612e-001
1.435016e+004	2.895267e-001
1.436016e+004	2.702888e-001
1.437019e+004	2.809548e-001
1.438019e+004	2.691070e-001
1.439025e+004	2.915682e-001
1.440023e+004	2.979673e-001
1.441025e+004	2.728187e-001
1.442025e+004	2.678652e-001
1.443026e+004	2.672099e-001
1.444025e+004	2.855606e-001
1.445031e+004	2.814420e-001
1.446030e+004	2.982654e-001
1.447030e+004	2.666128e-001
1.448031e+004	2.735540e-001
1.449032e+004	2.719109e-001
1.450032e+004	2.751731e-001
1.451033e+004	2.640675e-001
1.452034e+004	3.046685e-001
1.453034e+004	2.897000e-001
1.454035e+004	2.975407e-001
1.455036e+004	2.801790e-001
1.456037e+004	2.884311e-001
1.457038e+004	2.808911e-001
1.458038e+004	2.818622e-001
1.459039e+004	2.781645e-001
1.460039e+004	3.094202e-001
1.461040e+004	2.451446e-001
1.462042e+004	2.854626e-001
1.463043e+004	2.664152e-001
1.464044e+004	2.621161e-001
1.465044e+004	2.796662e-001
1.466045e+004	2.762715e-001
1.467046e+004	2.713383e-001
1.468046e+004	2.644644e-001
1.469047e+004	2.818786e-001
1.470048e+004	2.976185e-001
1.471046e+004	2.654955e-001
1.472047e+004	2.694762e-001
1.473048e+004	2.943955e-001
1.474048e+004	2.861901e-001
1.475054e+004	2.526562e-001
1.476052e+004	2.903388e-001
1.477053e+004	2.811377e-001
1.478053e+004	2.490329e-001
1.479054e+004	2.732404e-001
1.480054e+004	2.708254e-001
1.481059e+004	2.496414e-001
1.482057e+004	2.571861e-001
1.483058e+004	2.481590e-001
1.484058e+004	2.515495e-001
1.485059e+004	2.732174e-001
1.486058e+004	2.543720e-001
1.487060e+004	2.626717e-001
1.488067e+004	2.698478e-001
1.489063e+004	2.659128e-001
1.490065e+004	2.857218e-001
1.491065e+004	2.818019e-001
1.492071e+004	2.717484e-001
1.493068e+004	2.844735e-001
1.494069e+004	2.546483e-001
1.495070e+004	2.666644e-001
1.496070e+004	2.412962e-001
1.497071e+004	2.701376e-001
1.498071e+004	2.474352e-001
1.499074e+004	2.690094e-001
1.500074e+004	2.624691e-001
1.501080e+004	2.769987e-001
1.502077e+004	2.845608e-001
1.503079e+004	2.837989e-001
1.504080e+004	2.559410e-001
1.505080e+004	2.652478e-001
1.506081e+004	2.668715e-001
1.507081e+004	2.671625e-001
1.508082e+004	2.573204e-001
1.509082e+004	2.674300e-001
1.510083e+004	2.488288e-001
1.511084e+004	3.050968e-001
1.512084e+004	2.514404e-001
1.513083e+004	2.491923e-001
1.514084e+004	2.502275e-001
1.515084e+004	2.613591e-001
1.516083e+004	2.696497e-001
1.517084e+004	2.751509e-001
1.518083e+004	2.544576e-001
1.519083e+004	2.466098e-001
1.520084e+004	2.817319e-001
1.521085e+004	2.726194e-001
1.522086e+004	2.547063e-001
1.523087e+004	2.687716e-001
1.524085e+004	2.791180e-001
1.525086e+004	2.592071e-001
1.526086e+004	2.567065e-001
1.527087e+004	2.682369e-001
1.528088e+004	2.720629e-001
1.529088e+004	2.702797e-001
1.530091e+004	2.573918e-001
1.531091e+004	2.836912e-001
1.532092e+004	2.877912e-001
1.533091e+004	2.641893e-001
1.534091e+004	2.422241e-001
1.535095e+004	2.779941e-001
1.536095e+004	2.441207e-001
1.537096e+004	2.923629e-001
1.538095e+004	3.517536e-001
1.539097e+004	3.333063e-001
1.540098e+004	3.788793e-001
1.541099e+004	3.866590e-001
1.542099e+004	3.906957e-001
1.543100e+004	3.938098e-001
1.544101e+004	3.881073e-001
1.545100e+004	3.996446e-001
1.546100e+004	4.098049e-001
1.547101e+004	3.953746e-001
1.548101e+004	4.023744e-001
1.549102e+004	4.317140e-001
1.550103e+004	3.941404e-001
1.551103e+004	3.979052e-001
1.552104e+004	4.212404e-001
1.553104e+004	4.261344e-001
1.554105e+004	4.355501e-001
1.555106e+004	4.182372e-001
1.556104e+004	4.150519e-001
1.557105e+004	4.185200e-001
1.558104e+004	3.948377e-001
1.559106e+004	4.270438e-001
1.560107e+004	3.916480e-001
1.561108e+004	3.951006e-001
1.562108e+004	3.970616e-001
1.563109e+004	3.845702e-001
1.564110e+004	3.721192e-001
1.565110e+004	3.950326e-001
1.566113e+004	3.622349e-001
1.567114e+004	3.529682e-001
1.568115e+004	3.620235e-001
1.569115e+004	3.460089e-001
1.570116e+004	3.529667e-001
1.571116e+004	3.111929e-001
1.572119e+004	3.351853e-001
1.573118e+004	3.255264e-001
1.574118e+004	3.477767e-001
1.575119e+004	3.277101e-001
1.576119e+004	3.382664e-001
1.577123e+004	3.496412e-001
1.578122e+004	3.449439e-001
1.579124e+004	3.595533e-001
1.580123e+004	3.350918e-001
1.581125e+004	3.344469e-001
1.582126e+004	3.345296e-001
1.583126e+004	3.518133e-001
1.584127e+004	3.729590e-001
1.585128e+004	3.497899e-001
1.586130e+004	3.528394e-001
1.587131e+004	4.123411e-001
1.588131e+004	3.763559e-001
1.589132e+004	4.278270e-001
1.590132e+004	4.082324e-001
1.591135e+004	4.071466e-001
1.592135e+004	4.024956e-001
1.593136e+004	3.986418e-001
1.594135e+004	3.922298e-001
1.595140e+004	4.414994e-001
1.596138e+004	3.750623e-001
1.597140e+004	4.192739e-001
1.598141e+004	4.293607e-001
1.599143e+004	4.220391e-001
1.600145e+004	4.115398e-001
1.601145e+004	4.284006e-001
1.602146e+004	4.075717e-001
1.603145e+004	4.199084e-001
1.604147e+004	4.347167e-001
1.605148e+004	4.289316e-001
1.606149e+004	4.217318e-001
1.607149e+004	4.376653e-001
1.608150e+004	4.567008e-001
1.609151e+004	4.181385e-001
1.610150e+004	4.550882e-001
1.611150e+004	4.374474e-001
1.612151e+004	4.332455e-001
1.613152e+004	4.123995e-001
1.614152e+004	4.327642e-001
1.615153e+004	4.202357e-001
1.616153e+004	3.932231e-001
1.617156e+004	4.063012e-001
1.618157e+004	4.233060e-001
1.619157e+004	4.087484e-001
1.620158e+004	4.482670e-001
1.621158e+004	4.277196e-001
1.622159e+004	4.283256e-001
1.623160e+004	4.237468e-001
1.624160e+004	4.417246e-001
1.625161e+004	4.387595e-001
1.626162e+004	4.872920e-001
1.627162e+004	4.268440e-001
1.628161e+004	4.513909e-001
1.629163e+004	4.898258e-001
1.630164e+004	4.481642e-001
1.631165e+004	4.842977e-001
1.632165e+004	4.708607e-001
1.633164e+004	4.657316e-001
1.634165e+004	4.507029e-001
1.635166e+004	4.964595e-001
1.636166e+004	4.972701e-001
1.637167e+004	4.924406e-001
1.638166e+004	4.839593e-001
1.639171e+004	4.796837e-001
1.640169e+004	4.955287e-001
1.641171e+004	4.801790e-001
1.642172e+004	4.752399e-001
1.643173e+004	4.951815e-001
1.644173e+004	4.970012e-001
1.645174e+004	4.616341e-001
1.646174e+004	4.495209e-001
1.647175e+004	4.686838e-001
1.648178e+004	4.719020e-001
1.649179e+004	4.634584e-001
1.650181e+004	4.874524e-001
1.651182e+004	4.649970e-001
1.652183e+004	5.032362e-001
1.653181e+004	5.004283e-001
1.654182e+004	4.969781e-001
1.655184e+004	4.782519e-001
1.656185e+004	5.180503e-001
1.657186e+004	4.864430e-001
1.658185e+004	5.100875e-001
1.659185e+004	5.229142e-001
1.660186e+004	4.931702e-001
1.661186e+004	5.049271e-001
1.662187e+004	4.947836e-001
1.663188e+004	4.826908e-001
1.664186e+004	5.031827e-001
1.665187e+004	4.917006e-001
1.666188e+004	5.067101e-001
1.667186e+004	4.673194e-001
1.668192e+004	4.893013e-001
1.669190e+004	5.014008e-001
1.670195e+004	5.166742e-001
1.671193e+004	4.782388e-001
1.672194e+004	5.099041e-001
1.673195e+004	5.152166e-001
1.674195e+004	5.113921e-001
1.675196e+004	5.286578e-001
1.676195e+004	5.043742e-001
1.677197e+004	4.832538e-001
1.678198e+004	5.054822e-001
1.679199e+004	5.076629e-001
1.680199e+004	5.008564e-001
1.681200e+004	4.887047e-001
1.682200e+004	5.025941e-001
1.683201e+004	4.860288e-001
1.684203e+004	4.567189e-001
1.685204e+004	4.869356e-001
1.686205e+004	4.759865e-001
1.687205e+004	4.859166e-001
1.688204e+004	4.685418e-001
1.689208e+004	4.829610e-001
1.690208e+004	4.831269e-001
1.691213e+004	4.579162e-001
1.692211e+004	4.795183e-001
1.693212e+004	4.681890e-001
1.694211e+004	4.719556e-001
1.695211e+004	4.998145e-001
1.696213e+004	5.391306e-001
1.697214e+004	5.473470e-001
1.698216e+004	5.365855e-001
1.699217e+004	5.367712e-001
1.700218e+004	5.111121e-001
1.701218e+004	5.184221e-001
1.702219e+004	4.897607e-001
1.703220e+004	4.882245e-001
1.704220e+004	4.779770e-001
1.705221e+004	4.853257e-001
1.706222e+004	4.832230e-001
1.707222e+004	5.343981e-001
1.708223e+004	5.273754e-001
1.709224e+004	5.700900e-001
1.710226e+004	5.978272e-001
1.711227e+004	6.041932e-001
1.712229e+004	6.006186e-001
1.713230e+004	6.424910e-001
1.714230e+004	6.158835e-001
1.715231e+004	5.852915e-001
1.716234e+004	6.270641e-001
1.717235e+004	6.487438e-001
1.718235e+004	6.155758e-001
1.719236e+004	6.222965e-001
1.720237e+004	6.326078e-001
1.721237e+004	6.480013e-001
1.722238e+004	6.228599e-001
1.723238e+004	6.493008e-001
1.724241e+004	5.959692e-001
1.725241e+004	5.608081e-001
1.726244e+004	5.417749e-001
1.727244e+004	5.541766e-001
1.728247e+004	5.647608e-001
1.729247e+004	5.681546e-001
1.730248e+004	5.960811e-001
1.731248e+004	5.838531e-001
1.732249e+004	6.031032e-001
1.733250e+004	6.367896e-001
1.734250e+004	6.291535e-001
1.735253e+004	6.204597e-001
1.736256e+004	5.724427e-001
1.737254e+004	5.580972e-001
1.738255e+004	5.679645e-001
1.739255e+004	5.654665e-001
1.740256e+004	5.715285e-001
1.741256e+004	5.714219e-001
1.742256e+004	5.589292e-001
1.743257e+004	5.589591e-001
1.744258e+004	5.477550e-001
1.745258e+004	6.031458e-001
1.746259e+004	5.963049e-001
1.747260e+004	6.080404e-001
1.748260e+004	5.992666e-001
1.749261e+004	5.854178e-001
1.750262e+004	6.173385e-001
1.751260e+004	6.247957e-001
1.752261e+004	6.346454e-001
1.753262e+004	6.046527e-001
1.754262e+004	6.391105e-001
1.755263e+004	6.313960e-001
1.756264e+004	6.136593e-001
1.757263e+004	6.636198e-001
1.758263e+004	6.319427e-001
1.759262e+004	6.435467e-001
1.760263e+004	6.441220e-001
1.761263e+004	6.254655e-001
1.762264e+004	6.311775e-001
1.763264e+004	6.344311e-001
1.764265e+004	6.332586e-001
1.765264e+004	6.072428e-001
1.766264e+004	6.149244e-001
1.767267e+004	6.254828e-001
1.768267e+004	6.188704e-001
1.769271e+004	6.229217e-001
1.770271e+004	6.207651e-001
1.771272e+004	6.310327e-001
1.772273e+004	6.386016e-001
1.773273e+004	6.430121e-001
1.774274e+004	6.265039e-001
1.775275e+004	6.143416e-001
1.776275e+004	6.458336e-001
1.777276e+004	6.444377e-001
1.778277e+004	6.617027e-001
1.779276e+004	7.002310e-001
1.780276e+004	6.882346e-001
1.781277e+004	6.711678e-001
1.782278e+004	7.017353e-001
1.783278e+004	6.654101e-001
1.784279e+004	6.826514e-001
1.785279e+004	6.554277e-001
1.786278e+004	6.853682e-001
1.787278e+004	6.761245e-001
1.788281e+004	7.072805e-001
1.789281e+004	7.301231e-001
1.790285e+004	7.414396e-001
1.791285e+004	7.533414e-001
1.792286e+004	7.935019e-001
1.793287e+004	7.554765e-001
1.794287e+004	7.745815e-001
1.795288e+004	8.016348e-001
1.796288e+004	7.635376e-001
1.797289e+004	7.865488e-001
1.798290e+004	7.837452e-001
1.799291e+004	7.686264e-001
1.800289e+004	7.602673e-001
1.801290e+004	7.763406e-001
1.802291e+004	7.850098e-001
1.803291e+004	7.784586e-001
1.804297e+004	7.967361e-001
1.805295e+004	7.861349e-001
1.806295e+004	7.923335e-001
1.807296e+004	7.957645e-001
1.808296e+004	7.763348e-001
1.809297e+004	7.942418e-001
1.810299e+004	7.852511e-001
1.811302e+004	7.968921e-001
1.812301e+004	7.933829e-001
1.813301e+004	8.078610e-001
1.814302e+004	8.133265e-001
1.815303e+004	7.876306e-001
1.816305e+004	8.046909e-001
1.817306e+004	8.271834e-001
1.818306e+004	7.935734e-001
1.819305e+004	7.923771e-001
1.820306e+004	7.892840e-001
1.821306e+004	8.084649e-001
1.822307e+004	8.435192e-001
1.823308e+004	8.201333e-001
1.824308e+004	8.082970e-001
1.825309e+004	7.852040e-001
1.826309e+004	8.066214e-001
1.827316e+004	7.880667e-001
1.828312e+004	8.205078e-001
1.829313e+004	8.376177e-001
1.830314e+004	8.470467e-001
1.831317e+004	8.450997e-001
1.832318e+004	8.428449e-001
1.833318e+004	8.116533e-001
1.834319e+004	7.976659e-001
1.835319e+004	8.307056e-001
1.836320e+004	8.144091e-001
1.837321e+004	8.220392e-001
1.838321e+004	7.848533e-001
1.839322e+004	8.075142e-001
1.840323e+004	7.920555e-001
1.841321e+004	8.122171e-001
1.842324e+004	8.533395e-001
1.843324e+004	7.975569e-001
1.844325e+004	8.044185e-001
1.845324e+004	8.048640e-001
1.846326e+004	8.111172e-001
1.847327e+004	7.971676e-001
1.848328e+004	8.376755e-001
1.849326e+004	8.045977e-001
1.850327e+004	8.082021e-001
1.851327e+004	8.134858e-001
1.852327e+004	8.342737e-001
1.853328e+004	8.018805e-001
1.854329e+004	8.166126e-001
1.855331e+004	8.116992e-001
1.856332e+004	7.998791e-001
1.857332e+004	8.194338e-001
1.858333e+004	8.185877e-001
1.859334e+004	8.283663e-001
1.860336e+004	7.979443e-001
1.861337e+004	7.966235e-001
1.862337e+004	8.204916e-001
1.863338e+004	8.134125e-001
1.864338e+004	8.220453e-001
1.865344e+004	8.290232e-001
1.866341e+004	8.351831e-001
1.867346e+004	8.177422e-001
1.868344e+004	7.966860e-001
1.869350e+004	8.152902e-001
1.870347e+004	8.143227e-001
1.871349e+004	8.097970e-001
1.872349e+004	8.170687e-001
1.873350e+004	8.128112e-001
1.874351e+004	8.218702e-001
1.875351e+004	8.305535e-001
1.876354e+004	8.201268e-001
1.877354e+004	8.104997e-001
1.878355e+004	8.230573e-001
1.879355e+004	8.042768e-001
1.880361e+004	8.441056e-001
1.881357e+004	8.313817e-001
1.882360e+004	8.194923e-001
1.883361e+004	8.326157e-001
1.884361e+004	8.136585e-001
1.885362e+004	8.058109e-001
1.886362e+004	8.177304e-001
1.887363e+004	8.209995e-001
1.888365e+004	8.190011e-001
1.889368e+004	8.328344e-001
1.890368e+004	7.982864e-001
1.891369e+004	8.028683e-001
1.892370e+004	7.873998e-001
1.893370e+004	8.343914e-001
1.894371e+004	8.132149e-001
1.895373e+004	8.004247e-001
1.896374e+004	8.139174e-001
1.897376e+004	8.451049e-001
1.898377e+004	8.220502e-001
1.899378e+004	8.003397e-001
1.900378e+004	8.307607e-001
1.901377e+004	8.130836e-001
1.902377e+004	8.287056e-001
1.903379e+004	7.937769e-001
1.904381e+004	8.179563e-001
1.905381e+004	8.112770e-001
1.906383e+004	8.207984e-001
1.907383e+004	8.084654e-001
1.908383e+004	8.243825e-001
1.909385e+004	7.873599e-001
1.910385e+004	8.078985e-001
1.911386e+004	8.153396e-001
1.912387e+004	8.250329e-001
1.913385e+004	8.103828e-001
1.914386e+004	8.179013e-001
1.915387e+004	8.041358e-001
1.916385e+004	8.156704e-001
1.917386e+004	8.226727e-001
1.918385e+004	8.099984e-001
1.919387e+004	8.268834e-001
1.920388e+004	8.077727e-001
1.921390e+004	8.042625e-001
1.922391e+004	8.153743e-001
1.923392e+004	8.123488e-001
1.924390e+004	8.079012e-001
1.925391e+004	8.053030e-001
1.926392e+004	8.188719e-001
1.927392e+004	8.291576e-001
1.928393e+004	8.353575e-001
1.929392e+004	8.277887e-001
1.930394e+004	8.067553e-001
1.931395e+004	8.384814e-001
1.932396e+004	7.915838e-001
1.933396e+004	8.353290e-001
1.934397e+004	8.113460e-001
1.935398e+004	7.840745e-001
1.936398e+004	8.401737e-001
1.937399e+004	8.151585e-001
1.938399e+004	8.381063e-001
1.939401e+004	8.375831e-001
1.940402e+004	8.012164e-001
1.941402e+004	8.161509e-001
1.942403e+004	8.153369e-001
1.943404e+004	8.339296e-001
1.944404e+004	8.060302e-001
1.945405e+004	8.076138e-001
1.946405e+004	8.289737e-001
1.947408e+004	7.877560e-001
1.948409e+004	7.922405e-001
1.949411e+004	8.103414e-001
1.950411e+004	7.874929e-001
1.951417e+004	8.116920e-001
1.952414e+004	8.168737e-001
1.953417e+004	8.015532e-001
1.954418e+004	8.031574e-001
1.955418e+004	8.203490e-001
1.956417e+004	8.353856e-001
1.957417e+004	8.131732e-001
1.958420e+004	7.918689e-001
1.959421e+004	8.166827e-001
1.960422e+004	8.139407e-001
1.961422e+004	8.286376e-001
1.962422e+004	7.971993e-001
1.963424e+004	8.259000e-001
1.964425e+004	8.191075e-001
1.965425e+004	8.111451e-001
1.966426e+004	8.078508e-001
1.967425e+004	8.117892e-001
1.968425e+004	8.177758e-001
1.969424e+004	8.141821e-001
1.970425e+004	8.068038e-001
1.971424e+004	7.991992e-001
1.972424e+004	8.353665e-001
1.973425e+004	7.894167e-001
1.974426e+004	8.205614e-001
1.975426e+004	8.001926e-001
1.976427e+004	8.147313e-001
1.977426e+004	8.063942e-001
1.978426e+004	7.835694e-001
1.979425e+004	7.976183e-001
1.980425e+004	7.819901e-001
1.981429e+004	8.163526e-001
1.982429e+004	7.741851e-001
1.983430e+004	8.157180e-001
1.984432e+004	8.065686e-001
1.985433e+004	7.981031e-001
1.986435e+004	8.098762e-001
1.987436e+004	8.083211e-001
1.988437e+004	8.010281e-001
1.989436e+004	8.098292e-001
1.990436e+004	7.971343e-001
1.991437e+004	8.225710e-001
1.992437e+004	8.295860e-001
1.993438e+004	7.998895e-001
1.994440e+004	7.970527e-001
1.995444e+004	8.189275e-001
1.996442e+004	8.197080e-001
1.997441e+004	8.105608e-001
1.998441e+004	8.252702e-001
1.999442e+004	7.781339e-001
2.000442e+004	8.159165e-001
2.001445e+004	8.181463e-001
2.002446e+004	8.148028e-001
2.003448e+004	8.085221e-001
2.004449e+004	8.033216e-001
2.005451e+004	8.042973e-001
2.006452e+004	7.869325e-001
2.007455e+004	8.172089e-001
2.008455e+004	7.997268e-001
2.009461e+004	7.754137e-001
2.010458e+004	8.032362e-001
2.011461e+004	8.167211e-001
2.012461e+004	7.924803e-001
2.013464e+004	8.044071e-001
2.014464e+004	8.090191e-001
2.015467e+004	8.223118e-001
2.016467e+004	8.284163e-001
2.017468e+004	8.171047e-001
2.018470e+004	8.238372e-001
2.019471e+004	8.249626e-001
2.020473e+004	8.141817e-001
2.021474e+004	8.019005e-001
2.022474e+004	8.059812e-001
2.023475e+004	8.338615e-001
2.024476e+004	8.075983e-001
2.025476e+004	8.001775e-001
2.026476e+004	8.202773e-001
2.027477e+004	7.869679e-001
2.028477e+004	7.920995e-001
2.029480e+004	7.747371e-001
2.030480e+004	8.028004e-001
2.031481e+004	8.003521e-001
2.032482e+004	8.061122e-001
2.033482e+004	8.185191e-001
2.034483e+004	8.003363e-001
2.035484e+004	8.270831e-001
2.036484e+004	8.087025e-001
2.037485e+004	7.908062e-001
2.038486e+004	7.929005e-001
2.039486e+004	8.275374e-001
2.040489e+004	8.102084e-001
2.041490e+004	7.932780e-001
2.042490e+004	7.946062e-001
2.043491e+004	7.964050e-001
2.044490e+004	7.898181e-001
2.045490e+004	8.038412e-001
2.046489e+004	8.188752e-001
2.047490e+004	8.061172e-001
2.048489e+004	8.129969e-001
2.049489e+004	8.175248e-001
2.050490e+004	7.945615e-001
2.051490e+004	8.184592e-001
2.052491e+004	8.157090e-001
2.053492e+004	8.158052e-001
2.054492e+004	7.899698e-001
2.055492e+004	8.298882e-001
2.056494e+004	7.756188e-001
2.057495e+004	7.948031e-001
2.058497e+004	8.051029e-001
2.059498e+004	8.162364e-001
2.060499e+004	7.925557e-001
2.061498e+004	7.898688e-001
2.062498e+004	8.102124e-001
2.063497e+004	7.828435e-001
2.064497e+004	8.079935e-001
2.065498e+004	7.941227e-001
2.066497e+004	7.805376e-001
2.067499e+004	7.997129e-001
2.068500e+004	7.964413e-001
2.069501e+004	8.196247e-001
2.070501e+004	7.910722e-001
2.071502e+004	7.856050e-001
2.072502e+004	7.930575e-001
2.073505e+004	8.296471e-001
2.074505e+004	7.992444e-001
2.075506e+004	7.945672e-001
2.076507e+004	7.925079e-001
2.077507e+004	7.976300e-001
2.078508e+004	7.915788e-001
2.079508e+004	8.164639e-001
2.080508e+004	8.118663e-001
2.081508e+004	8.125637e-001
2.082509e+004	8.148986e-001
2.083511e+004	7.996806e-001
2.084511e+004	8.102179e-001
2.085515e+004	8.178148e-001
2.086512e+004	8.108421e-001
2.087515e+004	8.126235e-001
2.088515e+004	8.286562e-001
2.089521e+004	8.230515e-001
2.090519e+004	7.884626e-001
2.091521e+004	8.252968e-001
2.092522e+004	8.055638e-001
2.093522e+004	8.415929e-001
2.094521e+004	8.188371e-001
2.095523e+004	7.893191e-001
2.096526e+004	8.140460e-001
2.097526e+004	7.905835e-001
2.098529e+004	7.947661e-001
2.099529e+004	8.151152e-001
2.100530e+004	7.984084e-001
2.101532e+004	8.248418e-001
2.102533e+004	8.181364e-001
2.103533e+004	7.873185e-001
2.104533e+004	8.146726e-001
2.105534e+004	8.275660e-001
2.106532e+004	8.138832e-001
2.107533e+004	8.075718e-001
2.108535e+004	8.185531e-001
2.109536e+004	8.093835e-001
2.110537e+004	8.363264e-001
2.111536e+004	7.873603e-001
2.112536e+004	8.049162e-001
2.113537e+004	8.057531e-001
2.114537e+004	8.439109e-001
2.115538e+004	8.109910e-001
2.116537e+004	8.295313e-001
2.117538e+004	8.243642e-001
2.118538e+004	7.885505e-001
2.119539e+004	8.012323e-001
2.120540e+004	8.187845e-001
2.121540e+004	7.876081e-001
2.122541e+004	8.009677e-001
2.123540e+004	8.213178e-001
2.124540e+004	8.208773e-001
2.125540e+004	7.853405e-001
2.126540e+004	7.983034e-001
2.127541e+004	8.135539e-001
2.128542e+004	7.839502e-001
2.129542e+004	8.266222e-001
2.130543e+004	7.972721e-001
2.131542e+004	8.386250e-001
2.132542e+004	7.988672e-001
2.133545e+004	8.074498e-001
2.134545e+004	8.014913e-001
2.135546e+004	8.317092e-001
2.136547e+004	8.297176e-001
2.137547e+004	8.086514e-001
2.138548e+004	8.118612e-001
2.139549e+004	8.243672e-001
2.140547e+004	8.278745e-001
2.141553e+004	8.023742e-001
2.142550e+004	8.205912e-001
2.143551e+004	8.208395e-001
2.144550e+004	8.209386e-001
2.145552e+004	8.055989e-001
2.146554e+004	8.200447e-001
2.147556e+004	8.097094e-001
2.148556e+004	8.012892e-001
2.149559e+004	8.225353e-001
2.150560e+004	8.001660e-001
2.151561e+004	8.212153e-001
2.152559e+004	8.321423e-001
2.153560e+004	7.919629e-001
2.154561e+004	8.165681e-001
2.155561e+004	8.184383e-001
2.156562e+004	8.264571e-001
2.157563e+004	7.718993e-001
2.158561e+004	8.207495e-001
2.159562e+004	7.865021e-001
2.160563e+004	8.065393e-001
2.161563e+004	8.378696e-001
2.162564e+004	8.419498e-001
2.163568e+004	7.952127e-001
2.164565e+004	8.158658e-001
2.165566e+004	8.001146e-001
2.166566e+004	7.972218e-001
2.167568e+004	8.235680e-001
2.168570e+004	8.149025e-001
2.169570e+004	8.160427e-001
2.170572e+004	8.107835e-001
2.171571e+004	8.008534e-001
2.172571e+004	8.129289e-001
2.173572e+004	8.041563e-001
2.174572e+004	8.071237e-001
2.175573e+004	8.205797e-001
2.176574e+004	8.021682e-001
2.177574e+004	8.196414e-001
2.178576e+004	8.078594e-001
2.179577e+004	8.000837e-001
2.180580e+004	7.988107e-001
2.181581e+004	8.202455e-001
2.182581e+004	7.718982e-001
2.183582e+004	8.136181e-001
2.184581e+004	7.962639e-001
2.185581e+004	8.110488e-001
2.186582e+004	8.072010e-001
2.187583e+004	8.129142e-001
2.188583e+004	7.951753e-001
2.189584e+004	8.337460e-001
2.190585e+004	8.185582e-001
2.191587e+004	8.191157e-001
2.192588e+004	8.229566e-001
2.193588e+004	7.834112e-001
2.194589e+004	8.406961e-001
2.195589e+004	8.183270e-001
2.196590e+004	8.155193e-001
2.197590e+004	8.026901e-001
2.198591e+004	8.016796e-001
2.199593e+004	8.141022e-001
2.200597e+004	8.142218e-001
2.201597e+004	8.320861e-001
2.202597e+004	8.101516e-001
2.203597e+004	8.192914e-001
2.204598e+004	7.994007e-001
2.205600e+004	8.098395e-001
2.206600e+004	8.069803e-001
2.207604e+004	8.090041e-001
2.208603e+004	8.067818e-001
2.209609e+004	8.149092e-001
2.210606e+004	8.111742e-001
2.211607e+004	7.837602e-001
2.212608e+004	8.226426e-001
2.213608e+004	7.849784e-001
2.214611e+004	8.281871e-001
2.215611e+004	8.319176e-001
2.216612e+004	8.007698e-001
2.217613e+004	7.913154e-001
2.218613e+004	8.144993e-001
2.219614e+004	8.545621e-001
2.220615e+004	8.029279e-001
2.221615e+004	8.199015e-001
2.222620e+004	7.885214e-001
2.223617e+004	7.979096e-001
2.224617e+004	7.951983e-001
2.225618e+004	8.127993e-001
2.226619e+004	8.002437e-001
2.227619e+004	7.904689e-001
2.228619e+004	8.100339e-001
2.229619e+004	7.868220e-001
2.230617e+004	8.303289e-001
2.231619e+004	8.196042e-001
2.232620e+004	7.878893e-001
2.233620e+004	8.122308e-001
2.234621e+004	8.103404e-001
2.235621e+004	7.919425e-001
2.236622e+004	7.967968e-001
2.237621e+004	7.847974e-001
2.238625e+004	8.296110e-001
2.239624e+004	7.905336e-001
2.240624e+004	7.893917e-001
2.241627e+004	7.998286e-001
2.242627e+004	8.396911e-001
2.243628e+004	8.007928e-001
2.244630e+004	7.899369e-001
2.245631e+004	8.019943e-001
2.246632e+004	8.232140e-001
2.247632e+004	7.914628e-001
2.248634e+004	7.927022e-001
2.249633e+004	8.124622e-001
2.250635e+004	8.047036e-001
2.251635e+004	8.075598e-001
2.252636e+004	8.102132e-001
2.253641e+004	8.151609e-001
2.254641e+004	8.155487e-001
2.255640e+004	7.936959e-001
2.256640e+004	8.192614e-001
2.257645e+004	8.071388e-001
2.258646e+004	8.094449e-001
2.259646e+004	8.092704e-001
2.260647e+004	8.110122e-001
2.261648e+004	8.218163e-001
2.262648e+004	7.887175e-001
2.263649e+004	7.800118e-001
2.264649e+004	8.033088e-001
2.265650e+004	8.351958e-001
2.266649e+004	8.141211e-001
2.267649e+004	8.030509e-001
2.268651e+004	8.018987e-001
2.269653e+004	8.076488e-001
2.270654e+004	8.313631e-001
2.271653e+004	8.036001e-001
2.272653e+004	7.859938e-001
2.273654e+004	8.024096e-001
2.274654e+004	7.803715e-001
2.275655e+004	8.037302e-001
2.276656e+004	8.028048e-001
2.277654e+004	8.161399e-001
2.278655e+004	8.153647e-001
2.279654e+004	8.078258e-001
2.280654e+004	8.022749e-001
2.281655e+004	7.980715e-001
2.282656e+004	7.875601e-001
2.283656e+004	8.120550e-001
2.284657e+004	7.938062e-001
2.285658e+004	7.999300e-001
2.286658e+004	8.322269e-001
2.287659e+004	8.388362e-001
2.288661e+004	8.008574e-001
2.289662e+004	8.233509e-001
2.290662e+004	8.140062e-001
2.291667e+004	8.024865e-001
2.292665e+004	8.190004e-001
2.293667e+004	7.973215e-001
2.294667e+004	8.125013e-001
2.295670e+004	8.168320e-001
2.296670e+004	8.162454e-001
2.297671e+004	7.956714e-001
2.298673e+004	7.856361e-001
2.299676e+004	7.843888e-001
2.300676e+004	8.286790e-001
2.301678e+004	8.089398e-001
2.302679e+004	7.926468e-001
2.303681e+004	8.086719e-001
2.304681e+004	8.272204e-001
2.305682e+004	7.955325e-001
2.306682e+004	7.990841e-001
2.307688e+004	7.888998e-001
2.308685e+004	8.150752e-001
2.309686e+004	8.361344e-001
2.310687e+004	8.211133e-001
2.311687e+004	8.139684e-001
2.312688e+004	7.997751e-001
2.313689e+004	8.130666e-001
2.314689e+004	7.934858e-001
2.315688e+004	8.169929e-001
2.316689e+004	8.182152e-001
2.317690e+004	8.213745e-001
2.318690e+004	8.228890e-001
2.319692e+004	8.229038e-001
2.320694e+004	8.059979e-001
2.321695e+004	7.980968e-001
2.322697e+004	8.041889e-001
2.323696e+004	7.981347e-001
2.324696e+004	8.085533e-001
2.325697e+004	7.844671e-001
2.326698e+004	8.074499e-001
2.327700e+004	7.973644e-001
2.328700e+004	8.396356e-001
2.329701e+004	7.943021e-001
2.330700e+004	7.954983e-001
2.331700e+004	7.889743e-001
2.332703e+004	8.183710e-001
2.333704e+004	8.356185e-001
2.334704e+004	7.990672e-001
2.335704e+004	8.081424e-001
2.336704e+004	8.109653e-001
2.337704e+004	7.956731e-001
2.338706e+004	8.286375e-001
2.339706e+004	8.085944e-001
2.340707e+004	7.959590e-001
2.341707e+004	7.998504e-001
2.342710e+004	8.058275e-001
2.343710e+004	8.024982e-001
2.344713e+004	8.171328e-001
2.345714e+004	7.895053e-001
2.346714e+004	8.003237e-001
2.347715e+004	8.118011e-001
2.348716e+004	7.826828e-001
2.349718e+004	8.262795e-001
2.350719e+004	8.209365e-001
2.351719e+004	8.138556e-001
2.352718e+004	8.121118e-001
2.353719e+004	8.181716e-001
2.354719e+004	8.011250e-001
2.355718e+004	8.337121e-001
2.356719e+004	8.380225e-001
2.357719e+004	8.134538e-001
2.358721e+004	8.317525e-001
2.359721e+004	8.243837e-001
2.360724e+004	7.913958e-001
2.361725e+004	8.167369e-001
2.362724e+004	8.342764e-001
2.363726e+004	7.884359e-001
2.364726e+004	7.983617e-001
2.365726e+004	7.759624e-001
2.366728e+004	8.171300e-001
2.367728e+004	8.055024e-001
2.368729e+004	8.044859e-001
2.369730e+004	7.954005e-001
2.370730e+004	8.055792e-001
2.371731e+004	7.964768e-001
2.372733e+004	8.127480e-001
2.373734e+004	7.779285e-001
2.374734e+004	8.141372e-001
2.375735e+004	8.113206e-001
2.376736e+004	8.095883e-001
2.377736e+004	8.007905e-001
2.378737e+004	8.153866e-001
2.379737e+004	8.127774e-001
2.380738e+004	7.910074e-001
2.381738e+004	7.957176e-001
2.382739e+004	8.091770e-001
2.383741e+004	8.192868e-001
2.384741e+004	8.022396e-001
2.385742e+004	8.005133e-001
2.386743e+004	8.311425e-001
2.387743e+004	7.708214e-001
2.388742e+004	7.944494e-001
2.389743e+004	8.147471e-001
2.390743e+004	8.153720e-001
2.391744e+004	8.020107e-001
2.392745e+004	8.150503e-001
2.393745e+004	7.876541e-001
2.394749e+004	8.089819e-001
2.395747e+004	8.179924e-001
2.396747e+004	8.111482e-001
2.397748e+004	8.163361e-001
2.398748e+004	8.203240e-001
2.399749e+004	8.256286e-001
2.400748e+004	7.892063e-001
2.401753e+004	8.172870e-001
2.402753e+004	7.993717e-001
2.403753e+004	8.102359e-001
2.404756e+004	7.879544e-001
2.405756e+004	8.255039e-001
2.406757e+004	7.833643e-001
2.407758e+004	7.957241e-001
2.408758e+004	7.884778e-001
2.409759e+004	8.150988e-001
2.410760e+004	8.173023e-001
2.411758e+004	8.259923e-001
2.412759e+004	8.373991e-001
2.413759e+004	8.072222e-001
2.414761e+004	8.171733e-001
2.415762e+004	8.228921e-001
2.416763e+004	7.846215e-001
2.417763e+004	7.991861e-001
2.418763e+004	7.974168e-001
2.419765e+004	7.875440e-001
2.420763e+004	8.266818e-001
2.421764e+004	8.001526e-001
2.422763e+004	8.144550e-001
2.423765e+004	7.734784e-001
2.424766e+004	8.343853e-001
2.425767e+004	8.064420e-001
2.426766e+004	8.305895e-001
2.427766e+004	7.977490e-001
2.428767e+004	7.888522e-001
2.429768e+004	7.822404e-001
2.430768e+004	8.280677e-001
2.431769e+004	7.847320e-001
2.432769e+004	7.841758e-001
2.433772e+004	7.918115e-001
2.434773e+004	7.959471e-001
2.435773e+004	8.161166e-001
2.436774e+004	8.126029e-001
2.437773e+004	8.176517e-001
2.438775e+004	8.188846e-001
2.439775e+004	8.287763e-001
2.440776e+004	8.088106e-001
2.441778e+004	7.881838e-001
2.442776e+004	7.813576e-001
2.443776e+004	8.085469e-001
2.444779e+004	8.214915e-001
2.445780e+004	7.901805e-001
2.446780e+004	7.754836e-001
2.447781e+004	7.989283e-001
2.448780e+004	8.052767e-001
2.449780e+004	7.911794e-001
2.450785e+004	7.983487e-001
2.451783e+004	7.872780e-001
2.452784e+004	7.871148e-001
2.453785e+004	8.140119e-001
2.454785e+004	8.112627e-001
2.455786e+004	7.944889e-001
2.456787e+004	8.048028e-001
2.457787e+004	8.050420e-001
2.458788e+004	8.144168e-001
2.459787e+004	8.119715e-001
2.460788e+004	8.195042e-001
2.461788e+004	7.919165e-001
2.462787e+004	8.113503e-001
2.463790e+004	8.001909e-001
2.464790e+004	7.955100e-001
2.465792e+004	8.166659e-001
2.466792e+004	8.190052e-001
2.467792e+004	7.819567e-001
2.468794e+004	8.036918e-001
2.469792e+004	7.937224e-001
2.470792e+004	8.166583e-001
2.471792e+004	7.908701e-001
2.472793e+004	8.220573e-001
2.473792e+004	7.698250e-001
2.474792e+004	8.152710e-001
2.475792e+004	8.128838e-001
2.476795e+004	7.870864e-001
2.477795e+004	7.725839e-001
2.478798e+004	7.991113e-001
2.479798e+004	8.090362e-001
2.480801e+004	8.074366e-001
2.481801e+004	8.148329e-001
2.482802e+004	7.855065e-001
2.483801e+004	8.335299e-001
2.484803e+004	8.110226e-001
2.485804e+004	7.971954e-001
2.486805e+004	7.758999e-001
2.487804e+004	7.973112e-001
2.488805e+004	8.150498e-001
2.489807e+004	7.901481e-001
2.490808e+004	8.220305e-001
2.491810e+004	7.952581e-001
2.492811e+004	7.851722e-001
2.493813e+004	8.067684e-001
2.494814e+004	8.142891e-001
2.495814e+004	7.864092e-001
2.496815e+004	8.046388e-001
2.497816e+004	7.908246e-001
2.498816e+004	7.948373e-001
2.499817e+004	8.106164e-001
2.500818e+004	8.077852e-001
2.501817e+004	8.146604e-001
2.502817e+004	7.994371e-001
2.503816e+004	8.079110e-001
2.504818e+004	7.989380e-001
2.505819e+004	7.922633e-001
2.506820e+004	7.971807e-001
2.507820e+004	7.846392e-001
2.508822e+004	7.856652e-001
2.509823e+004	8.193269e-001
2.510823e+004	7.805655e-001
2.511824e+004	7.783959e-001
2.512824e+004	7.845639e-001
2.513825e+004	8.027403e-001
2.514826e+004	8.717319e-001
2.515826e+004	7.669880e-001
2.516831e+004	7.768020e-001
2.517829e+004	7.654152e-001
2.518830e+004	7.327172e-001
2.519830e+004	7.501856e-001
2.520831e+004	7.245521e-001
2.521833e+004	6.979268e-001
2.522834e+004	7.462248e-001
2.523836e+004	7.326625e-001
2.524837e+004	7.263556e-001
2.525838e+004	7.183820e-001
2.526837e+004	6.881121e-001
2.527837e+004	7.547067e-001
2.528838e+004	7.791364e-001
2.529838e+004	8.038295e-001
2.530840e+004	8.458479e-001
2.531841e+004	8.264466e-001
2.532841e+004	8.387986e-001
2.533842e+004	8.321568e-001
2.534842e+004	8.375049e-001
2.535846e+004	8.152659e-001
2.536843e+004	7.938875e-001
2.537844e+004	8.330529e-001
2.538843e+004	8.022219e-001
2.539845e+004	8.320219e-001
2.540846e+004	8.438796e-001
2.541847e+004	8.346572e-001
2.542847e+004	8.399752e-001
2.543848e+004	8.113393e-001
2.544849e+004	7.664585e-001
2.545849e+004	7.315190e-001
2.546849e+004	7.423031e-001
2.547851e+004	7.193743e-001
2.548852e+004	7.421584e-001
2.549852e+004	7.356365e-001
2.550855e+004	7.284818e-001
2.551855e+004	7.190028e-001
2.552856e+004	7.144546e-001
2.553858e+004	7.215749e-001
2.554859e+004	7.499591e-001
2.555861e+004	7.390180e-001
2.556862e+004	7.684756e-001
2.557862e+004	7.631348e-001
2.558863e+004	7.532228e-001
2.559864e+004	7.458405e-001
2.560864e+004	7.677007e-001
2.561865e+004	7.519571e-001
2.562866e+004	7.625485e-001
2.563866e+004	7.797272e-001
2.564867e+004	7.604453e-001
2.565868e+004	7.454269e-001
2.566866e+004	7.483893e-001
2.567867e+004	7.502829e-001
2.568868e+004	7.420182e-001
2.569868e+004	7.538725e-001
2.570870e+004	7.356190e-001
2.571870e+004	7.425341e-001
2.572869e+004	7.126375e-001
2.573870e+004	7.678610e-001
2.574872e+004	7.172348e-001
2.575873e+004	7.500984e-001
2.576874e+004	7.232936e-001
2.577874e+004	7.331298e-001
2.578875e+004	7.094744e-001
2.579876e+004	7.242610e-001
2.580876e+004	7.137644e-001
2.581877e+004	7.158550e-001
2.582878e+004	7.319559e-001
2.583878e+004	7.059282e-001
2.584879e+004	7.194620e-001
2.585879e+004	7.388174e-001
2.586885e+004	7.181743e-001
2.587882e+004	7.386539e-001
2.588885e+004	7.165217e-001
2.589885e+004	7.346942e-001
2.590888e+004	7.245170e-001
2.591889e+004	7.247313e-001
2.592889e+004	7.192607e-001
2.593890e+004	7.397919e-001
2.594890e+004	7.567153e-001
2.595891e+004	7.432983e-001
2.596896e+004	7.226314e-001
2.597896e+004	7.240964e-001
2.598897e+004	7.359607e-001
2.599897e+004	7.268658e-001
2.600899e+004	7.281372e-001
2.601898e+004	7.180183e-001
2.602899e+004	7.175664e-001
2.603901e+004	6.915100e-001
2.604901e+004	7.324695e-001
2.605901e+004	7.173808e-001
2.606903e+004	7.265943e-001
2.607902e+004	7.107963e-001
2.608904e+004	7.142382e-001
2.609904e+004	7.072778e-001
2.610905e+004	7.290629e-001
2.611906e+004	7.106671e-001
2.612904e+004	6.948701e-001
2.613907e+004	6.974574e-001
2.614907e+004	6.964238e-001
2.615908e+004	6.865639e-001
2.616909e+004	6.788119e-001
2.617909e+004	6.529019e-001
2.618910e+004	6.954564e-001
2.619912e+004	6.759993e-001
2.620913e+004	6.603777e-001
2.621913e+004	6.750581e-001
2.622914e+004	6.562644e-001
2.623913e+004	6.701281e-001
2.624915e+004	6.669917e-001
2.625917e+004	6.115710e-001
2.626919e+004	6.589637e-001
2.627920e+004	6.643334e-001
2.628922e+004	6.483144e-001
2.629923e+004	6.387016e-001
2.630924e+004	6.541514e-001
2.631923e+004	6.794329e-001
2.632923e+004	6.319348e-001
2.633924e+004	6.295809e-001
2.634924e+004	6.363364e-001
2.635925e+004	6.433922e-001
2.636925e+004	6.521462e-001
2.637926e+004	6.206072e-001
2.638925e+004	6.395782e-001
2.639926e+004	6.485719e-001
2.640931e+004	6.597808e-001
2.641928e+004	6.447155e-001
2.642929e+004	6.643921e-001
2.643931e+004	6.276516e-001
2.644930e+004	6.397793e-001
2.645931e+004	6.115954e-001
2.646932e+004	6.411393e-001
2.647931e+004	6.209627e-001
2.648932e+004	6.248592e-001
2.649933e+004	6.179807e-001
2.650932e+004	6.368377e-001
2.651932e+004	5.964689e-001
2.652933e+004	6.257228e-001
2.653933e+004	6.315288e-001
2.654934e+004	6.317128e-001
2.655935e+004	6.173312e-001
2.656935e+004	6.145591e-001
2.657936e+004	6.309525e-001
2.658937e+004	6.186473e-001
2.659937e+004	5.834831e-001
2.660938e+004	6.288063e-001
2.661939e+004	6.159878e-001
2.662937e+004	6.115661e-001
2.663938e+004	6.330182e-001
2.664939e+004	6.027060e-001
2.665937e+004	6.183677e-001
2.666938e+004	5.706912e-001
2.667939e+004	5.853346e-001
2.668939e+004	6.351706e-001
2.669942e+004	6.187541e-001
2.670941e+004	6.004281e-001
2.671942e+004	6.048076e-001
2.672942e+004	6.019400e-001
2.673942e+004	5.982912e-001
2.674944e+004	6.080461e-001
2.675944e+004	5.980583e-001
2.676944e+004	5.797613e-001
2.677945e+004	5.833489e-001
2.678946e+004	5.765562e-001
2.679947e+004	5.756687e-001
2.680947e+004	5.821383e-001
2.681947e+004	6.054903e-001
2.682947e+004	5.776029e-001
2.683948e+004	5.780941e-001
2.684949e+004	5.954484e-001
2.685949e+004	6.009409e-001
2.686950e+004	5.719124e-001
2.687949e+004	5.840401e-001
2.688949e+004	5.351374e-001
2.689950e+004	5.465996e-001
2.690951e+004	5.484864e-001
2.691951e+004	5.552000e-001
2.692952e+004	5.494941e-001
2.693953e+004	5.604401e-001
2.694953e+004	5.414253e-001
2.695954e+004	5.476354e-001
2.696955e+004	5.614778e-001
2.697955e+004	5.407136e-001
2.698958e+004	5.869142e-001
2.699959e+004	5.319724e-001
2.700959e+004	5.639998e-001
2.701960e+004	5.766857e-001
2.702960e+004	5.311228e-001
2.703961e+004	5.267750e-001
2.704962e+004	5.356101e-001
2.705962e+004	5.168134e-001
2.706963e+004	5.395132e-001
2.707963e+004	5.155642e-001
2.708966e+004	5.232140e-001
2.709967e+004	5.270536e-001
2.710967e+004	5.168481e-001
2.711966e+004	5.178655e-001
2.712967e+004	5.115841e-001
2.713968e+004	5.348447e-001
2.714969e+004	5.192699e-001
2.715968e+004	5.129215e-001
2.716968e+004	4.985669e-001
2.717969e+004	4.933904e-001
2.718968e+004	5.002827e-001
2.719968e+004	5.348381e-001
2.720969e+004	5.051847e-001
2.721970e+004	5.075385e-001
2.722970e+004	5.139944e-001
2.723969e+004	5.234473e-001
2.724970e+004	5.096310e-001
2.725970e+004	4.916643e-001
2.726971e+004	5.073590e-001
2.727972e+004	4.949150e-001
2.728972e+004	4.950306e-001
2.729973e+004	4.927096e-001
2.730974e+004	4.923522e-001
2.731974e+004	4.732655e-001
2.732975e+004	4.797235e-001
2.733976e+004	4.666733e-001
2.734978e+004	4.958726e-001
2.735979e+004	4.769531e-001
2.736979e+004	4.830959e-001
2.737982e+004	4.940817e-001
2.738981e+004	4.816062e-001
2.739981e+004	4.873385e-001
2.740980e+004	4.592122e-001
2.741982e+004	4.761576e-001
2.742985e+004	4.862786e-001
2.743985e+004	4.905788e-001
2.744986e+004	4.807460e-001
2.745987e+004	4.571420e-001
2.746987e+004	4.676743e-001
2.747988e+004	4.623505e-001
2.748990e+004	4.283381e-001
2.749992e+004	4.686610e-001
2.750992e+004	4.442077e-001
2.751993e+004	4.478873e-001
2.752994e+004	4.758008e-001
2.753994e+004	4.390952e-001
2.754995e+004	4.508333e-001
2.755995e+004	4.380235e-001
2.756996e+004	4.044511e-001
2.757997e+004	4.460005e-001
2.758997e+004	4.093796e-001
2.759998e+004	4.288906e-001
2.760997e+004	4.560987e-001
2.761999e+004	4.371819e-001
2.763000e+004	3.913055e-001
2.764001e+004	4.365184e-001
2.764999e+004	3.946498e-001
2.766000e+004	4.072460e-001
2.766999e+004	4.216343e-001
2.767999e+004	4.156485e-001
2.769001e+004	4.266775e-001
2.770002e+004	4.398449e-001
2.771002e+004	3.973498e-001
2.772001e+004	4.129250e-001
2.773002e+004	4.106101e-001
2.774002e+004	3.840765e-001
2.775001e+004	3.964085e-001
2.776002e+004	4.103621e-001
2.777002e+004	4.094704e-001
2.778003e+004	4.086597e-001
2.779003e+004	4.059899e-001
2.780004e+004	3.972727e-001
2.781005e+004	3.963929e-001
2.782004e+004	3.875978e-001
2.783004e+004	3.948718e-001
2.784005e+004	3.757951e-001
2.785005e+004	3.947256e-001
2.786008e+004	3.887836e-001
2.787008e+004	4.024823e-001
2.788014e+004	3.882249e-001
2.789011e+004	3.665594e-001
2.790011e+004	3.683242e-001
2.791012e+004	3.711660e-001
2.792012e+004	3.808696e-001
2.793013e+004	3.884144e-001
2.794013e+004	3.681559e-001
2.795014e+004	3.846930e-001
2.796013e+004	3.913762e-001
2.797018e+004	3.625476e-001
2.798016e+004	3.527583e-001
2.799021e+004	3.873978e-001
2.800019e+004	3.609844e-001
2.801019e+004	3.375951e-001
2.802021e+004	3.396022e-001
2.803021e+004	3.784597e-001
2.804022e+004	3.802779e-001
2.805022e+004	3.506447e-001
2.806023e+004	3.375150e-001
2.807022e+004	3.465781e-001
2.808022e+004	3.432146e-001
2.809024e+004	3.603211e-001
2.810024e+004	3.404356e-001
2.811025e+004	3.811278e-001
2.812026e+004	3.617790e-001
2.813026e+004	3.257298e-001
2.814027e+004	3.505579e-001
2.815028e+004	3.464024e-001
2.816028e+004	3.314620e-001
2.817027e+004	3.290334e-001
2.818029e+004	3.278644e-001
2.819030e+004	3.345875e-001
2.820030e+004	3.104350e-001
2.821031e+004	2.944806e-001
2.822033e+004	3.293093e-001
2.823034e+004	3.157244e-001
2.824035e+004	3.140315e-001
2.825035e+004	3.189801e-001
2.826036e+004	3.134175e-001
2.827038e+004	2.823170e-001
2.828040e+004	3.234337e-001
2.829040e+004	3.160607e-001
2.830040e+004	2.944748e-001
2.831040e+004	2.980581e-001
2.832039e+004	3.244395e-001
2.833039e+004	3.098442e-001
2.834040e+004	2.984653e-001
2.835041e+004	2.790714e-001
2.836041e+004	3.067839e-001
2.837042e+004	3.099530e-001
2.838041e+004	2.810865e-001
2.839043e+004	2.966367e-001
2.840044e+004	2.953212e-001
2.841044e+004	2.982269e-001
2.842045e+004	2.824878e-001
2.843046e+004	2.881809e-001
2.844046e+004	2.792153e-001
2.845047e+004	3.049051e-001
2.846048e+004	2.669609e-001
2.847046e+004	3.087209e-001
2.848047e+004	2.956408e-001
2.849047e+004	2.822685e-001
2.850047e+004	2.741265e-001
2.851048e+004	2.555641e-001
2.852049e+004	2.806059e-001
2.853049e+004	2.913748e-001
2.854048e+004	2.711663e-001
2.855049e+004	2.567856e-001
2.856049e+004	2.937637e-001
2.857050e+004	2.593823e-001
2.858050e+004	3.060146e-001
2.859051e+004	2.518887e-001
2.860056e+004	2.529307e-001
2.861056e+004	2.806707e-001
2.862056e+004	2.900788e-001
2.863057e+004	2.816781e-001
2.864059e+004	2.579159e-001
2.865059e+004	2.426190e-001
2.866060e+004	2.813391e-001
2.867058e+004	2.529960e-001
2.868061e+004	2.523594e-001
2.869064e+004	2.682276e-001
2.870064e+004	2.423897e-001
2.871065e+004	2.437200e-001
2.872065e+004	2.771903e-001
2.873066e+004	2.458346e-001
2.874066e+004	2.557672e-001
2.875069e+004	2.403572e-001
2.876069e+004	2.620400e-001
2.877075e+004	2.484921e-001
2.878073e+004	2.519769e-001
2.879073e+004	2.205738e-001
2.880072e+004	2.695775e-001
2.881074e+004	2.386819e-001
2.882076e+004	2.146562e-001
2.883075e+004	2.198250e-001
2.884075e+004	2.617415e-001
2.885076e+004	2.110491e-001
2.886074e+004	2.379131e-001
2.887075e+004	2.286047e-001
2.888074e+004	2.328668e-001
2.889074e+004	2.503995e-001
2.890075e+004	2.487683e-001
2.891074e+004	2.172648e-001
2.892076e+004	2.257811e-001
2.893077e+004	2.015158e-001
2.894079e+004	2.366563e-001
2.895081e+004	2.309923e-001
2.896081e+004	2.209648e-001
2.897082e+004	2.477270e-001
2.898083e+004	2.171448e-001
2.899083e+004	2.212932e-001
2.900084e+004	2.137416e-001
2.901085e+004	2.137073e-001
2.902085e+004	2.301068e-001
2.903086e+004	2.084958e-001
2.904087e+004	2.235905e-001
2.905086e+004	2.150889e-001
2.906086e+004	2.334234e-001
2.907087e+004	2.210078e-001
2.908087e+004	2.168934e-001
2.909088e+004	2.315735e-001
2.910090e+004	1.932454e-001
2.911091e+004	2.211649e-001
2.912092e+004	1.926588e-001
2.913092e+004	2.059027e-001
2.914093e+004	2.090775e-001
2.915093e+004	2.120930e-001
2.916094e+004	1.836021e-001
2.917095e+004	2.268141e-001
2.918093e+004	2.044249e-001
2.919094e+004	1.906713e-001
2.920095e+004	2.147928e-001
2.921095e+004	1.717788e-001
2.922096e+004	1.942656e-001
2.923097e+004	2.058511e-001
2.924097e+004	2.001698e-001
2.925098e+004	2.057808e-001
2.926099e+004	1.919890e-001
2.927099e+004	2.005653e-001
2.928098e+004	1.919462e-001
2.929099e+004	2.073177e-001
2.930101e+004	1.808059e-001
2.931103e+004	2.053001e-001
2.932104e+004	1.724782e-001
2.933104e+004	1.660306e-001
2.934104e+004	1.916071e-001
2.935105e+004	1.872221e-001
2.936108e+004	1.852992e-001
2.937108e+004	2.286569e-001
2.938109e+004	1.958056e-001
2.939109e+004	1.881071e-001
2.940110e+004	2.003159e-001
2.941111e+004	2.023864e-001
2.942109e+004	2.013956e-001
2.943110e+004	2.124437e-001
2.944111e+004	2.070781e-001
2.945110e+004	2.091187e-001
2.946111e+004	1.938367e-001
2.947112e+004	1.885762e-001
2.948111e+004	1.865338e-001
2.949112e+004	1.755977e-001
2.950113e+004	1.909210e-001
2.951114e+004	1.792945e-001
2.952115e+004	1.838134e-001
2.953115e+004	1.652795e-001
2.954116e+004	1.692100e-001
2.955117e+004	1.811318e-001
2.956117e+004	1.872125e-001
2.957118e+004	1.926894e-001
2.958117e+004	1.675064e-001
2.959119e+004	1.507438e-001
2.960120e+004	1.643099e-001
2.961121e+004	1.470954e-001
2.962121e+004	1.676411e-001
2.963122e+004	1.780030e-001
2.964122e+004	1.771722e-001
2.965123e+004	1.437185e-001
2.966124e+004	1.681062e-001
2.967124e+004	1.468020e-001
2.968125e+004	1.501848e-001
2.969126e+004	1.585350e-001
2.970126e+004	1.691251e-001
2.971126e+004	1.445547e-001
2.972126e+004	1.814514e-001
2.973126e+004	1.996776e-001
2.974127e+004	1.747980e-001
2.975128e+004	1.721414e-001
2.976128e+004	1.643169e-001
2.977128e+004	1.629865e-001
2.978129e+004	1.601412e-001
2.979128e+004	1.336027e-001
2.980128e+004	1.615995e-001
2.981129e+004	1.346755e-001
2.982130e+004	1.784543e-001
2.983130e+004	1.359968e-001
2.984131e+004	1.600584e-001
2.985131e+004	1.693559e-001
2.986132e+004	1.686770e-001
2.987132e+004	1.856168e-001
2.988133e+004	1.535370e-001
2.989134e+004	1.732177e-001
2.990132e+004	1.530323e-001
2.991135e+004	1.511278e-001
2.992135e+004	1.423542e-001
2.993138e+004	1.582816e-001
2.994138e+004	1.495094e-001
2.995140e+004	1.540536e-001
2.996140e+004	1.448002e-001
2.997141e+004	1.667487e-001
2.998143e+004	1.572273e-001
2.999148e+004	1.222945e-001
3.000146e+004	1.365970e-001
3.001147e+004	1.638037e-001
3.002149e+004	1.684287e-001
3.003150e+004	1.628608e-001
3.004152e+004	1.290239e-001
3.005153e+004	1.473912e-001
3.006153e+004	1.036851e-001
3.007156e+004	1.583563e-001
3.008156e+004	1.438959e-001
3.009158e+004	1.588759e-001
3.010159e+004	1.324190e-001
3.011158e+004	1.749613e-001
3.012160e+004	1.333989e-001
3.013161e+004	1.388538e-001
3.014159e+004	1.133525e-001
3.015160e+004	1.669859e-001
3.016161e+004	1.480232e-001
3.017161e+004	1.188384e-001
3.018162e+004	1.164659e-001
3.019163e+004	1.678868e-001
3.020161e+004	1.470807e-001
3.021164e+004	1.278862e-001
3.022164e+004	1.465218e-001
3.023165e+004	1.231588e-001
3.024166e+004	1.262097e-001
3.025164e+004	1.260253e-001
3.026167e+004	1.387938e-001
3.027167e+004	1.346688e-001
3.028169e+004	1.325058e-001
3.029169e+004	1.162245e-001
3.030170e+004	1.278992e-001
3.031171e+004	1.192120e-001
3.032171e+004	1.126957e-001
3.033174e+004	1.273042e-001
3.034174e+004	1.364617e-001
3.035175e+004	1.292917e-001
3.036177e+004	1.218229e-001
3.037178e+004	1.327738e-001
3.038180e+004	1.167608e-001
3.039181e+004	1.021672e-001
3.040186e+004	1.165074e-001
3.041184e+004	1.205445e-001
3.042185e+004	1.173028e-001
3.043184e+004	1.109308e-001
3.044184e+004	1.093012e-001
3.045185e+004	1.117164e-001
3.046186e+004	1.020608e-001
3.047186e+004	1.112953e-001
3.048187e+004	9.942098e-002
3.049187e+004	9.896284e-002
3.050188e+004	1.143768e-001
3.051189e+004	1.408518e-001
3.052188e+004	1.452985e-001
3.053188e+004	1.022354e-001
3.054187e+004	1.085175e-001
3.055188e+004	1.283646e-001
3.056186e+004	9.924449e-002
3.057188e+004	1.303756e-001
3.058189e+004	1.227185e-001
3.059187e+004	9.866423e-002
3.060190e+004	1.130005e-001
3.061190e+004	1.157079e-001
3.062191e+004	1.179169e-001
3.063192e+004	1.029976e-001
3.064192e+004	1.095531e-001
3.065193e+004	1.176768e-001
3.066192e+004	1.094610e-001
3.067192e+004	1.202694e-001
3.068193e+004	1.031269e-001
3.069194e+004	1.243470e-001
3.070194e+004	9.770187e-002
3.071195e+004	1.050489e-001
3.072196e+004	1.023567e-001
3.073196e+004	1.127306e-001
3.074197e+004	9.475001e-002
3.075201e+004	1.149772e-001
3.076200e+004	1.270253e-001
3.077201e+004	1.071763e-001
3.078200e+004	1.169740e-001
3.079200e+004	1.100142e-001
3.080199e+004	9.043675e-002
3.081200e+004	8.858021e-002
3.082200e+004	1.014916e-001
3.083207e+004	8.136377e-002
3.084203e+004	1.020453e-001
3.085203e+004	9.082048e-002
3.086204e+004	9.680885e-002
3.087204e+004	9.550817e-002
3.088205e+004	8.619315e-002
3.089207e+004	9.213908e-002
3.090208e+004	6.840057e-002
3.091208e+004	9.698827e-002
3.092209e+004	8.353273e-002
3.093211e+004	1.028671e-001
3.094212e+004	7.852804e-002
3.095214e+004	1.005380e-001
3.096215e+004	9.182501e-002
3.097215e+004	6.788268e-002
3.098218e+004	9.423619e-002
3.099219e+004	5.483766e-002
3.100220e+004	8.776015e-002
3.101221e+004	9.320691e-002
3.102221e+004	1.008334e-001
3.103222e+004	9.316844e-002
3.104222e+004	8.746536e-002
3.105223e+004	7.590758e-002
3.106224e+004	7.454042e-002
3.107224e+004	6.726244e-002
3.108225e+004	7.088148e-002
3.109226e+004	5.715187e-002
3.110224e+004	9.800156e-002
3.111225e+004	5.603586e-002
3.112225e+004	6.668901e-002
3.113227e+004	8.190307e-002
3.114228e+004	9.101153e-002
3.115228e+004	6.153268e-002
3.116229e+004	7.156804e-002
3.117230e+004	9.648347e-002
3.118230e+004	6.827023e-002
3.119229e+004	6.037470e-002
3.120230e+004	6.333102e-002
3.121230e+004	6.362545e-002
3.122231e+004	4.874198e-002
3.123232e+004	1.020381e-001
3.124232e+004	6.764370e-002
3.125233e+004	1.008006e-001
3.126233e+004	6.671624e-002
3.127234e+004	6.904453e-002
3.128235e+004	5.792599e-002
3.129235e+004	6.180461e-002
3.130236e+004	6.392197e-002
3.131235e+004	7.970374e-002
3.132237e+004	7.550931e-002
3.133238e+004	5.099940e-002
3.134242e+004	7.896727e-002
3.135237e+004	7.725612e-002
3.136238e+004	7.527205e-002
3.137242e+004	6.573679e-002
3.138239e+004	7.133034e-002
3.139242e+004	5.925451e-002
3.140242e+004	5.499694e-002
3.141243e+004	6.844857e-002
3.142244e+004	8.422181e-002
3.143242e+004	9.059413e-002
3.144243e+004	6.471634e-002
3.145244e+004	4.250378e-002
3.146244e+004	4.327349e-002
3.147245e+004	4.576767e-002
3.148246e+004	8.219472e-002
3.149246e+004	5.502441e-002
3.150247e+004	9.001650e-002
3.151248e+004	7.131566e-002
3.152248e+004	5.205398e-002
3.153251e+004	6.790960e-002
3.154251e+004	5.183413e-002
3.155254e+004	1.643717e-002
3.156255e+004	3.796064e-002
3.157255e+004	4.808219e-002
3.158254e+004	7.021279e-002
3.159256e+004	4.596816e-002
3.160256e+004	3.440105e-002
3.161255e+004	6.591948e-002
3.162256e+004	7.093522e-002
3.163256e+004	7.150147e-002
3.164257e+004	6.099338e-002
3.165255e+004	6.236549e-002
3.166262e+004	5.840645e-002
3.167258e+004	5.649917e-002
3.168259e+004	3.193198e-002
3.169260e+004	6.687161e-002
3.170260e+004	4.301354e-002
3.171261e+004	5.965873e-002
3.172262e+004	6.597362e-002
3.173263e+004	5.046969e-002
3.174262e+004	6.616160e-002
3.175264e+004	4.637843e-002
3.176264e+004	4.854424e-002
3.177265e+004	2.755617e-002
3.178266e+004	3.698315e-002
3.179264e+004	5.925869e-002
3.180267e+004	7.186071e-002
3.181267e+004	5.678926e-002
3.182271e+004	5.869123e-002
3.183271e+004	3.500423e-002
3.184271e+004	5.724162e-002
3.185271e+004	4.082941e-002
3.186273e+004	3.586153e-002
3.187279e+004	3.969970e-002
3.188277e+004	5.838849e-002
3.189277e+004	2.649362e-002
3.190276e+004	5.466312e-002
3.191276e+004	4.046534e-002
3.192277e+004	2.891861e-002
3.193278e+004	6.786328e-002
3.194278e+004	4.290580e-002
3.195279e+004	6.565396e-002
3.196279e+004	6.840411e-002
3.197282e+004	4.660563e-002
3.198283e+004	2.879168e-002
3.199283e+004	7.244822e-002
3.200284e+004	5.038803e-002
3.201285e+004	4.050089e-002
3.202285e+004	3.839074e-002
3.203286e+004	3.355737e-002
3.204286e+004	2.235704e-002
3.205287e+004	5.138294e-002
3.206288e+004	6.348162e-002
3.207289e+004	1.450934e-002
3.208290e+004	1.245212e-002
3.209289e+004	2.884742e-002
3.210289e+004	4.549227e-002
3.211290e+004	4.221267e-002
3.212290e+004	5.012408e-002
3.213293e+004	1.673699e-002
3.214294e+004	4.791099e-002
3.215294e+004	1.837627e-002
3.216295e+004	2.299528e-002
3.217296e+004	3.657750e-002
3.218296e+004	3.398087e-002
3.219295e+004	4.255445e-002
3.220301e+004	2.541088e-002
3.221298e+004	4.296867e-002
3.222303e+004	1.930868e-002
3.223303e+004	3.482209e-002
3.224303e+004	3.710537e-002
3.225304e+004	4.032936e-002
3.226305e+004	3.042865e-002
3.227305e+004	4.332735e-002
3.228306e+004	1.758736e-002
3.229305e+004	3.182596e-002
3.230306e+004	5.926927e-002
3.231306e+004	3.214815e-002
3.232305e+004	2.009139e-002
3.233305e+004	3.603187e-002
3.234306e+004	3.584438e-002
3.235307e+004	4.542723e-002
3.236308e+004	2.504330e-002
3.237308e+004	2.693041e-002
3.238310e+004	4.342394e-002
3.239309e+004	2.632384e-002
3.240311e+004	3.142447e-002
3.241312e+004	3.053189e-002
3.242312e+004	5.043576e-002
3.243314e+004	8.574806e-002
3.244315e+004	1.092445e-001
3.245315e+004	1.743591e-001
3.246316e+004	1.807766e-001
3.247317e+004	2.056113e-001
3.248317e+004	2.431818e-001
3.249318e+004	2.870596e-001
3.250319e+004	2.826988e-001
3.251322e+004	3.087489e-001
3.252322e+004	3.397769e-001
3.253323e+004	3.128274e-001
3.254325e+004	3.571582e-001
3.255326e+004	2.955715e-001
3.256327e+004	3.507017e-001
3.257327e+004	3.703267e-001
3.258328e+004	3.697462e-001
3.259328e+004	3.826148e-001
3.260331e+004	3.715385e-001
3.261331e+004	3.733033e-001
3.262336e+004	3.759324e-001
3.263334e+004	3.840282e-001
3.264337e+004	4.288738e-001
3.265337e+004	3.858175e-001
3.266338e+004	4.123469e-001
3.267339e+004	3.971155e-001
3.268337e+004	3.922826e-001
3.269340e+004	3.997960e-001
3.270340e+004	4.047592e-001
3.271342e+004	3.890466e-001
3.272342e+004	4.069394e-001
3.273343e+004	3.908181e-001
3.274344e+004	4.164118e-001
3.275344e+004	4.172704e-001
3.276350e+004	3.995953e-001
3.277347e+004	3.760024e-001
3.278350e+004	4.062999e-001
3.279350e+004	4.199464e-001
3.280353e+004	4.186377e-001
3.281353e+004	4.199315e-001
3.282354e+004	4.165686e-001
3.283355e+004	4.230076e-001
3.284353e+004	3.883877e-001
3.285354e+004	4.157456e-001
3.286355e+004	3.903249e-001
3.287354e+004	4.219546e-001
3.288354e+004	3.873095e-001
3.289355e+004	3.980127e-001
3.290355e+004	4.035958e-001
3.291355e+004	3.892075e-001
3.292354e+004	4.227164e-001
3.293356e+004	4.073466e-001
3.294359e+004	4.176588e-001
3.295359e+004	4.063327e-001
3.296360e+004	4.474929e-001
3.297359e+004	4.429716e-001
3.298360e+004	4.768127e-001
3.299360e+004	4.690906e-001
3.300361e+004	4.374441e-001
3.301362e+004	4.636014e-001
3.302364e+004	4.231384e-001
3.303364e+004	4.272697e-001
3.304365e+004	4.333923e-001
3.305366e+004	4.294794e-001
3.306366e+004	4.243551e-001
3.307369e+004	4.351089e-001
3.308368e+004	4.462792e-001
3.309374e+004	4.281462e-001
3.310371e+004	4.435292e-001
3.311374e+004	4.312466e-001
3.312374e+004	4.574366e-001
3.313380e+004	4.484344e-001
3.314377e+004	4.812726e-001
3.315378e+004	4.838492e-001
3.316379e+004	4.923832e-001
3.317379e+004	4.892884e-001
3.318380e+004	4.840141e-001
3.319381e+004	4.562949e-001
3.320379e+004	4.559602e-001
3.321380e+004	4.208203e-001
3.322381e+004	4.461335e-001
3.323381e+004	3.932318e-001
3.324382e+004	4.300744e-001
3.325383e+004	4.169844e-001
3.326383e+004	4.103252e-001
3.327384e+004	4.202828e-001
3.328383e+004	4.452790e-001
3.329383e+004	4.837144e-001
3.330384e+004	5.088210e-001
3.331383e+004	5.259077e-001
3.332385e+004	5.064306e-001
3.333389e+004	5.110549e-001
3.334386e+004	5.171987e-001
3.335391e+004	5.339657e-001
3.336389e+004	5.393032e-001
3.337390e+004	5.284434e-001
3.338392e+004	5.483416e-001
3.339390e+004	5.584576e-001
3.340391e+004	5.305343e-001
3.341390e+004	5.222631e-001
3.342391e+004	5.442350e-001
3.343391e+004	5.486141e-001
3.344392e+004	4.894452e-001
3.345392e+004	4.989770e-001
3.346396e+004	4.708863e-001
3.347395e+004	4.462376e-001
3.348398e+004	4.641708e-001
3.349398e+004	4.798861e-001
3.350399e+004	5.219944e-001
3.351398e+004	4.755257e-001
3.352404e+004	5.135806e-001
3.353401e+004	5.127973e-001
3.354402e+004	4.679806e-001
3.355400e+004	5.061048e-001
3.356403e+004	4.938801e-001
3.357403e+004	5.040009e-001
3.358406e+004	4.986037e-001
3.359407e+004	4.768489e-001
3.360407e+004	4.893483e-001
3.361408e+004	4.698285e-001
3.362409e+004	4.850999e-001
3.363412e+004	4.729407e-001
3.364412e+004	4.940305e-001
3.365415e+004	4.800424e-001
3.366414e+004	4.921392e-001
3.367412e+004	4.651456e-001
3.368413e+004	5.124369e-001
3.369413e+004	5.106770e-001
3.370418e+004	5.095016e-001
3.371416e+004	5.207094e-001
3.372417e+004	4.969070e-001
3.373419e+004	4.640293e-001
3.374420e+004	5.026548e-001
3.375421e+004	5.304371e-001
3.376421e+004	5.134432e-001
3.377422e+004	5.239374e-001
3.378424e+004	5.195128e-001
3.379424e+004	5.039178e-001
3.380423e+004	5.178245e-001
3.381424e+004	5.392684e-001
3.382422e+004	5.172266e-001
3.383423e+004	5.266937e-001
3.384424e+004	5.263462e-001
3.385424e+004	5.393861e-001
3.386425e+004	5.252972e-001
3.387427e+004	5.504962e-001
3.388428e+004	5.409154e-001
3.389429e+004	5.494609e-001
3.390429e+004	5.270135e-001
3.391430e+004	5.572589e-001
3.392431e+004	5.646308e-001
3.393430e+004	5.650145e-001
3.394430e+004	5.579039e-001
3.395431e+004	5.430541e-001
3.396431e+004	5.670124e-001
3.397432e+004	5.622210e-001
3.398433e+004	5.507298e-001
3.399433e+004	5.508235e-001
3.400436e+004	5.327600e-001
3.401437e+004	5.387208e-001
3.402437e+004	5.388521e-001
3.403438e+004	5.127381e-001
3.404439e+004	5.506340e-001
3.405439e+004	5.862957e-001
3.406438e+004	5.664814e-001
3.407440e+004	5.837892e-001
3.408441e+004	5.656122e-001
3.409443e+004	5.320778e-001
3.410446e+004	5.711869e-001
3.411446e+004	5.837660e-001
3.412447e+004	5.784387e-001
3.413448e+004	5.788976e-001
3.414448e+004	5.808140e-001
