0.000000e+000	-4.958640e+000
1.005100e+001	-4.939393e+000
2.006600e+001	-4.951108e+000
3.004900e+001	-4.947621e+000
4.006500e+001	-4.950091e+000
5.008200e+001	-4.941927e+000
6.009900e+001	-4.951379e+000
7.011400e+001	-4.952621e+000
8.016300e+001	-4.953476e+000
9.018000e+001	-4.948786e+000
1.001980e+002	-4.948029e+000
1.101810e+002	-4.958082e+000
1.201970e+002	-4.951676e+000
1.302460e+002	-4.949022e+000
1.402650e+002	-4.943691e+000
1.502800e+002	-4.943036e+000
1.602970e+002	-4.948070e+000
1.702800e+002	-4.945270e+000
1.802970e+002	-4.948412e+000
1.903460e+002	-4.949693e+000
2.003630e+002	-4.946113e+000
2.103790e+002	-4.946023e+000
2.204290e+002	-4.980606e+000
2.304440e+002	-4.975965e+000
2.404610e+002	-4.979044e+000
2.505100e+002	-4.967803e+000
2.605600e+002	-4.989044e+000
2.705760e+002	-4.961557e+000
2.805920e+002	-4.961988e+000
2.906080e+002	-4.971222e+000
3.006570e+002	-4.969461e+000
3.106750e+002	-4.966574e+000
3.206900e+002	-4.977834e+000
3.307730e+002	-4.972630e+000
3.407900e+002	-4.971143e+000
3.508730e+002	-4.965393e+000
3.608900e+002	-4.965534e+000
3.708720e+002	-4.956959e+000
3.808890e+002	-4.966924e+000
3.909050e+002	-4.969659e+000
4.009230e+002	-4.961510e+000
4.109730e+002	-4.960104e+000
4.209880e+002	-4.961704e+000
4.310060e+002	-4.965980e+000
4.410560e+002	-4.967744e+000
4.511720e+002	-4.957240e+000
4.611890e+002	-4.961673e+000
4.712380e+002	-4.970758e+000
4.812540e+002	-4.955223e+000
4.913050e+002	-4.960004e+000
5.013560e+002	-4.964049e+000
5.113720e+002	-4.962038e+000
5.213880e+002	-4.960304e+000
5.314040e+002	-4.957304e+000
5.414200e+002	-4.976850e+000
5.514040e+002	-4.985458e+000
5.614210e+002	-4.986016e+000
5.714710e+002	-4.982734e+000
5.815550e+002	-4.983557e+000
5.915380e+002	-4.988194e+000
6.015880e+002	-4.989316e+000
6.116050e+002	-4.992615e+000
6.215880e+002	-4.990742e+000
6.316380e+002	-4.993816e+000
6.416880e+002	-4.993241e+000
6.517380e+002	-4.998405e+000
6.617540e+002	-4.992367e+000
6.717710e+002	-4.988350e+000
6.818200e+002	-4.989815e+000
6.918700e+002	-4.994824e+000
7.018870e+002	-4.990385e+000
7.119700e+002	-4.998034e+000
7.220870e+002	-4.996933e+000
7.321370e+002	-4.990218e+000
7.421310e+002	-4.991452e+000
7.521030e+002	-4.995326e+000
7.620860e+002	-4.995144e+000
7.721350e+002	-4.996568e+000
7.821850e+002	-4.993933e+000
7.922010e+002	-4.987415e+000
8.022190e+002	-4.988529e+000
8.122340e+002	-4.987121e+000
8.222160e+002	-4.983882e+000
8.322330e+002	-4.989478e+000
8.422490e+002	-4.989419e+000
8.522990e+002	-4.989817e+000
8.622820e+002	-4.989040e+000
8.723650e+002	-4.994044e+000
8.824160e+002	-5.032204e+000
8.924660e+002	-5.022789e+000
9.024820e+002	-5.019242e+000
9.124650e+002	-5.013743e+000
9.225150e+002	-4.997515e+000
9.325310e+002	-5.003081e+000
9.425140e+002	-5.003255e+000
9.525300e+002	-4.997007e+000
9.625470e+002	-5.006834e+000
9.725640e+002	-4.998982e+000
9.826130e+002	-5.011503e+000
9.926300e+002	-5.009012e+000
1.002613e+003	-5.004826e+000
1.012629e+003	-5.012124e+000
1.022646e+003	-5.008566e+000
1.032695e+003	-5.009057e+000
1.042711e+003	-5.015229e+000
1.052694e+003	-5.000914e+000
1.062710e+003	-4.998499e+000
1.072691e+003	-4.996068e+000
1.082709e+003	-4.995526e+000
1.092726e+003	-5.004728e+000
1.102742e+003	-4.999935e+000
1.112759e+003	-4.998751e+000
1.122774e+003	-4.996444e+000
1.132791e+003	-5.001276e+000
1.142808e+003	-4.996717e+000
1.152891e+003	-4.991072e+000
1.162941e+003	-4.995935e+000
1.172991e+003	-5.000158e+000
1.183007e+003	-4.998734e+000
1.193023e+003	-4.986968e+000
1.203073e+003	-4.984010e+000
1.213089e+003	-4.985918e+000
1.223106e+003	-4.988165e+000
1.233089e+003	-4.995498e+000
1.243139e+003	-5.001511e+000
1.253188e+003	-4.996195e+000
1.263204e+003	-4.993267e+000
1.273220e+003	-5.004674e+000
1.283269e+003	-5.010315e+000
1.293286e+003	-5.035023e+000
1.303303e+003	-5.015241e+000
1.313319e+003	-5.003477e+000
1.323302e+003	-5.011410e+000
1.333351e+003	-5.015602e+000
1.343367e+003	-5.014392e+000
1.353417e+003	-5.016104e+000
1.363400e+003	-5.013903e+000
1.373484e+003	-5.013541e+000
1.383468e+003	-5.016250e+000
1.393519e+003	-5.014334e+000
1.403534e+003	-5.010393e+000
1.413551e+003	-5.012991e+000
1.423567e+003	-5.003196e+000
1.433550e+003	-5.009101e+000
1.443600e+003	-4.998828e+000
1.453616e+003	-5.001872e+000
1.463633e+003	-5.007689e+000
1.473648e+003	-5.010499e+000
1.483666e+003	-5.005900e+000
1.493682e+003	-5.011309e+000
1.503697e+003	-4.995626e+000
1.513681e+003	-4.998557e+000
1.523696e+003	-4.994515e+000
1.533713e+003	-4.991149e+000
1.543730e+003	-4.999100e+000
1.553746e+003	-4.999461e+000
1.563763e+003	-4.993856e+000
1.573778e+003	-4.996854e+000
1.583763e+003	-4.998962e+000
1.593812e+003	-4.993694e+000
1.603828e+003	-5.002472e+000
1.613877e+003	-5.006410e+000
1.623894e+003	-5.001033e+000
1.633910e+003	-5.006181e+000
1.643927e+003	-5.007956e+000
1.653941e+003	-5.008155e+000
1.663925e+003	-5.007637e+000
1.674075e+003	-5.002414e+000
1.684191e+003	-5.011163e+000
1.694242e+003	-4.999625e+000
1.704259e+003	-5.004539e+000
1.714309e+003	-5.005995e+000
1.724358e+003	-5.002714e+000
1.734408e+003	-4.996021e+000
1.744425e+003	-5.018839e+000
1.754441e+003	-5.029333e+000
1.764458e+003	-5.030132e+000
1.774508e+003	-5.031114e+000
1.784557e+003	-5.027555e+000
1.794573e+003	-5.025357e+000
1.804557e+003	-5.033588e+000
1.814572e+003	-5.018523e+000
1.824556e+003	-5.015707e+000
1.834572e+003	-5.005053e+000
1.844622e+003	-5.016134e+000
1.854672e+003	-5.010984e+000
1.864689e+003	-5.008174e+000
1.874671e+003	-5.013602e+000
1.884688e+003	-5.026269e+000
1.894737e+003	-5.024758e+000
1.904787e+003	-5.024683e+000
1.914771e+003	-5.018126e+000
1.924787e+003	-5.015895e+000
1.934803e+003	-5.020782e+000
1.944852e+003	-5.015673e+000
1.954902e+003	-5.019625e+000
1.964952e+003	-5.009538e+000
1.975001e+003	-5.017049e+000
1.985051e+003	-5.020761e+000
1.995067e+003	-5.009643e+000
2.005117e+003	-5.016214e+000
2.015167e+003	-5.018401e+000
2.025184e+003	-5.028921e+000
2.035233e+003	-5.015970e+000
2.045216e+003	-5.027018e+000
2.055332e+003	-5.023702e+000
2.065315e+003	-5.016278e+000
2.075398e+003	-5.021451e+000
2.085382e+003	-5.005479e+000
2.095432e+003	-5.008001e+000
2.105448e+003	-5.012023e+000
2.115498e+003	-5.012787e+000
2.125547e+003	-5.012188e+000
2.135563e+003	-5.018903e+000
2.145611e+003	-5.023111e+000
2.155629e+003	-5.022652e+000
2.165646e+003	-5.014521e+000
2.175662e+003	-5.018823e+000
2.185645e+003	-5.025072e+000
2.195661e+003	-5.017963e+000
2.205678e+003	-5.019425e+000
2.215661e+003	-5.017132e+000
2.225777e+003	-5.011539e+000
2.235861e+003	-5.016411e+000
2.245911e+003	-5.022527e+000
2.255927e+003	-5.016767e+000
2.266003e+003	-5.019939e+000
2.275927e+003	-5.013169e+000
2.285910e+003	-5.011082e+000
2.295927e+003	-5.016702e+000
2.305977e+003	-5.020285e+000
2.316026e+003	-5.000409e+000
2.326043e+003	-5.036371e+000
2.336059e+003	-5.021871e+000
2.346041e+003	-5.020594e+000
2.356058e+003	-5.012605e+000
2.366108e+003	-5.024575e+000
2.376192e+003	-5.014777e+000
2.386308e+003	-5.014193e+000
2.396357e+003	-5.022438e+000
2.406372e+003	-5.016882e+000
2.416423e+003	-5.010288e+000
2.426439e+003	-5.018368e+000
2.436423e+003	-5.021615e+000
2.446505e+003	-5.022165e+000
2.456521e+003	-5.018934e+000
2.466571e+003	-5.049200e+000
2.476587e+003	-5.024201e+000
2.486604e+003	-5.023119e+000
2.496653e+003	-5.023960e+000
2.506670e+003	-5.020303e+000
2.516686e+003	-5.013838e+000
2.526736e+003	-5.029225e+000
2.536785e+003	-5.025695e+000
2.546769e+003	-5.023057e+000
2.556817e+003	-5.017181e+000
2.566802e+003	-5.010567e+000
2.576885e+003	-5.002111e+000
2.586935e+003	-5.007941e+000
2.596984e+003	-5.009775e+000
2.606969e+003	-5.007356e+000
2.617020e+003	-5.009144e+000
2.627034e+003	-5.016552e+000
2.637019e+003	-5.020992e+000
2.647036e+003	-5.013883e+000
2.657052e+003	-5.021668e+000
2.667067e+003	-5.024901e+000
2.677117e+003	-5.010768e+000
2.687166e+003	-5.028501e+000
2.697216e+003	-5.026190e+000
2.707266e+003	-5.027353e+000
2.717282e+003	-5.033787e+000
2.727333e+003	-5.035451e+000
2.737381e+003	-5.038679e+000
2.747365e+003	-5.034354e+000
2.757381e+003	-5.031672e+000
2.767432e+003	-5.032046e+000
2.777448e+003	-5.028616e+000
2.787432e+003	-5.036074e+000
2.797481e+003	-5.037327e+000
2.807498e+003	-5.036889e+000
2.817481e+003	-5.034309e+000
2.827498e+003	-5.035453e+000
2.837548e+003	-5.037031e+000
2.847564e+003	-5.041210e+000
2.857547e+003	-5.038387e+000
2.867563e+003	-5.034623e+000
2.877579e+003	-5.038234e+000
2.887596e+003	-5.035728e+000
2.897610e+003	-5.037753e+000
2.907626e+003	-5.046740e+000
2.917609e+003	-5.035868e+000
2.927626e+003	-5.040052e+000
2.937608e+003	-5.036378e+000
2.947658e+003	-5.067127e+000
2.957642e+003	-5.055290e+000
2.967657e+003	-5.067132e+000
2.977673e+003	-5.066471e+000
2.987691e+003	-5.061195e+000
2.997707e+003	-5.057184e+000
3.007757e+003	-5.069882e+000
3.017806e+003	-5.063705e+000
3.027889e+003	-5.065906e+000
3.037971e+003	-5.083551e+000
3.048087e+003	-5.082343e+000
3.058204e+003	-5.065527e+000
3.068285e+003	-5.064061e+000
3.078403e+003	-5.058574e+000
3.088586e+003	-5.053247e+000
3.098602e+003	-5.051828e+000
3.108651e+003	-5.058874e+000
3.118769e+003	-5.061200e+000
3.128852e+003	-5.055085e+000
3.138935e+003	-5.059872e+000
3.148951e+003	-5.058161e+000
3.158935e+003	-5.059165e+000
3.168951e+003	-5.067689e+000
3.179000e+003	-5.052606e+000
3.189016e+003	-5.056133e+000
3.199100e+003	-5.049489e+000
3.209082e+003	-5.044915e+000
3.219133e+003	-5.048619e+000
3.229216e+003	-5.048610e+000
3.239231e+003	-5.051992e+000
3.249247e+003	-5.042683e+000
3.259230e+003	-5.044816e+000
3.269313e+003	-5.044376e+000
3.279361e+003	-5.043121e+000
3.289412e+003	-5.037590e+000
3.299429e+003	-5.040333e+000
3.309444e+003	-5.024256e+000
3.319494e+003	-5.028732e+000
3.329511e+003	-5.028809e+000
3.339527e+003	-5.035759e+000
3.349544e+003	-5.028119e+000
3.359560e+003	-5.043491e+000
3.369575e+003	-5.029655e+000
3.379592e+003	-5.023722e+000
3.389643e+003	-5.026647e+000
3.399660e+003	-5.024903e+000
3.409643e+003	-5.034827e+000
3.419691e+003	-5.036555e+000
3.429741e+003	-5.033016e+000
3.439757e+003	-5.022437e+000
3.449773e+003	-5.014642e+000
3.459823e+003	-5.031394e+000
3.469839e+003	-5.029177e+000
3.479889e+003	-5.017389e+000
3.489939e+003	-5.027002e+000
3.499955e+003	-5.022650e+000
3.510005e+003	-5.027613e+000
3.520021e+003	-5.022872e+000
3.530071e+003	-5.034934e+000
3.540087e+003	-5.032153e+000
3.550137e+003	-5.049173e+000
3.560154e+003	-5.044911e+000
3.570204e+003	-5.048347e+000
3.580220e+003	-5.046362e+000
3.590303e+003	-5.041266e+000
3.600286e+003	-5.042648e+000
3.610302e+003	-5.044462e+000
3.620318e+003	-5.043225e+000
3.630368e+003	-5.044820e+000
3.640352e+003	-5.040042e+000
3.650402e+003	-5.047505e+000
3.660419e+003	-5.054926e+000
3.670400e+003	-5.046579e+000
3.680417e+003	-5.040280e+000
3.690434e+003	-5.044870e+000
3.700449e+003	-5.050680e+000
3.710433e+003	-5.050515e+000
3.720483e+003	-5.051951e+000
3.730499e+003	-5.051840e+000
3.740515e+003	-5.057065e+000
3.750531e+003	-5.047488e+000
3.760546e+003	-5.056875e+000
3.770564e+003	-5.055527e+000
3.780580e+003	-5.061400e+000
3.790564e+003	-5.064336e+000
3.800579e+003	-5.062054e+000
3.810595e+003	-5.063217e+000
3.820646e+003	-5.061831e+000
3.830795e+003	-5.064857e+000
3.840845e+003	-5.066066e+000
3.850828e+003	-5.070490e+000
3.860845e+003	-5.065620e+000
3.870861e+003	-5.071012e+000
3.880978e+003	-5.085515e+000
3.891061e+003	-5.077550e+000
3.901111e+003	-5.074435e+000
3.911194e+003	-5.076362e+000
3.921277e+003	-5.074309e+000
3.931393e+003	-5.080210e+000
3.941476e+003	-5.075571e+000
3.951592e+003	-5.057929e+000
3.961742e+003	-5.078560e+000
3.971758e+003	-5.072985e+000
3.981841e+003	-5.068479e+000
3.991827e+003	-5.076915e+000
4.001807e+003	-5.081648e+000
4.011823e+003	-5.061698e+000
4.021906e+003	-5.066646e+000
4.031955e+003	-5.068929e+000
4.042039e+003	-5.070022e+000
4.052056e+003	-5.066997e+000
4.062039e+003	-5.063095e+000
4.072088e+003	-5.066082e+000
4.082137e+003	-5.075512e+000
4.092187e+003	-5.071766e+000
4.102235e+003	-5.051934e+000
4.112285e+003	-5.058692e+000
4.122335e+003	-5.061788e+000
4.132352e+003	-5.069880e+000
4.142369e+003	-5.064827e+000
4.152418e+003	-5.067064e+000
4.162435e+003	-5.063856e+000
4.172483e+003	-5.061678e+000
4.182533e+003	-5.069461e+000
4.192583e+003	-5.060465e+000
4.202600e+003	-5.059143e+000
4.212615e+003	-5.060247e+000
4.222666e+003	-5.055658e+000
4.232715e+003	-5.053670e+000
4.242731e+003	-5.057703e+000
4.252747e+003	-5.094496e+000
4.262765e+003	-5.095074e+000
4.272814e+003	-5.088209e+000
4.282830e+003	-5.083911e+000
4.292847e+003	-5.091300e+000
4.302896e+003	-5.085637e+000
4.312979e+003	-5.095009e+000
4.322996e+003	-5.092868e+000
4.333012e+003	-5.100658e+000
4.342995e+003	-5.090507e+000
4.353011e+003	-5.092604e+000
4.363062e+003	-5.100411e+000
4.373077e+003	-5.107085e+000
4.383094e+003	-5.114356e+000
4.393144e+003	-5.099003e+000
4.403159e+003	-5.100937e+000
4.413210e+003	-5.097944e+000
4.423227e+003	-5.100096e+000
4.433276e+003	-5.102078e+000
4.443294e+003	-5.096082e+000
4.453310e+003	-5.102159e+000
4.463326e+003	-5.104159e+000
4.473344e+003	-5.110407e+000
4.483395e+003	-5.109839e+000
4.493410e+003	-5.133286e+000
4.503395e+003	-5.135688e+000
4.513411e+003	-5.123402e+000
4.523461e+003	-5.127141e+000
4.533477e+003	-5.125609e+000
4.543527e+003	-5.140599e+000
4.553545e+003	-5.129656e+000
4.563561e+003	-5.123005e+000
4.573610e+003	-5.118578e+000
4.583626e+003	-5.125276e+000
4.593643e+003	-5.118139e+000
4.603627e+003	-5.115229e+000
4.613676e+003	-5.115406e+000
4.623725e+003	-5.117400e+000
4.633741e+003	-5.124750e+000
4.643724e+003	-5.118903e+000
4.653740e+003	-5.123088e+000
4.663757e+003	-5.118854e+000
4.673906e+003	-5.116459e+000
4.683923e+003	-5.104365e+000
4.694005e+003	-5.111246e+000
4.704089e+003	-5.107239e+000
4.714238e+003	-5.117770e+000
4.724321e+003	-5.095455e+000
4.734403e+003	-5.090532e+000
4.744486e+003	-5.091664e+000
4.754570e+003	-5.094828e+000
4.764620e+003	-5.089777e+000
4.774695e+003	-5.094594e+000
4.784620e+003	-5.090884e+000
4.794603e+003	-5.096597e+000
4.804620e+003	-5.087731e+000
4.814636e+003	-5.087068e+000
4.824618e+003	-5.081197e+000
4.834668e+003	-5.091445e+000
4.844718e+003	-5.071246e+000
4.854733e+003	-5.072033e+000
4.864782e+003	-5.082072e+000
4.874766e+003	-5.081723e+000
4.884816e+003	-5.074776e+000
4.894831e+003	-5.088473e+000
4.904881e+003	-5.109833e+000
4.914898e+003	-5.097342e+000
4.924880e+003	-5.098830e+000
4.934931e+003	-5.097228e+000
4.944947e+003	-5.097359e+000
4.954931e+003	-5.103361e+000
4.965014e+003	-5.101545e+000
4.975030e+003	-5.098214e+000
4.985080e+003	-5.094601e+000
4.995096e+003	-5.097128e+000
5.005079e+003	-5.096012e+000
5.015128e+003	-5.088542e+000
5.025178e+003	-5.089587e+000
5.035293e+003	-5.083277e+000
5.045309e+003	-5.095578e+000
5.055325e+003	-5.095910e+000
5.065341e+003	-5.104770e+000
5.075358e+003	-5.109280e+000
5.085408e+003	-5.110152e+000
5.095459e+003	-5.115328e+000
5.105441e+003	-5.106852e+000
5.115459e+003	-5.098360e+000
5.125441e+003	-5.101785e+000
5.135458e+003	-5.091747e+000
5.145475e+003	-5.086770e+000
5.155491e+003	-5.077934e+000
5.165507e+003	-5.082862e+000
5.175523e+003	-5.082582e+000
5.185572e+003	-5.089571e+000
5.195588e+003	-5.081432e+000
5.205571e+003	-5.091438e+000
5.215621e+003	-5.086199e+000
5.225637e+003	-5.095304e+000
5.235687e+003	-5.098254e+000
5.245703e+003	-5.094084e+000
5.255719e+003	-5.098201e+000
5.265734e+003	-5.089433e+000
5.275784e+003	-5.097262e+000
5.285800e+003	-5.097471e+000
5.295783e+003	-5.099535e+000
5.305800e+003	-5.103421e+000
5.315850e+003	-5.134098e+000
5.325865e+003	-5.119323e+000
5.335881e+003	-5.107049e+000
5.345932e+003	-5.108748e+000
5.355982e+003	-5.105560e+000
5.365998e+003	-5.111302e+000
5.376015e+003	-5.116956e+000
5.386030e+003	-5.102625e+000
5.396081e+003	-5.105350e+000
5.406064e+003	-5.102337e+000
5.416081e+003	-5.114249e+000
5.426131e+003	-5.106739e+000
5.436148e+003	-5.113511e+000
5.446163e+003	-5.114966e+000
5.456180e+003	-5.099895e+000
5.466194e+003	-5.120400e+000
5.476178e+003	-5.115871e+000
5.486227e+003	-5.111518e+000
5.496276e+003	-5.109860e+000
5.506326e+003	-5.112915e+000
5.516409e+003	-5.111316e+000
5.526425e+003	-5.102816e+000
5.536475e+003	-5.097355e+000
5.546490e+003	-5.092432e+000
5.556508e+003	-5.088446e+000
5.566524e+003	-5.084392e+000
5.576541e+003	-5.083634e+000
5.586590e+003	-5.120169e+000
5.596673e+003	-5.103336e+000
5.606789e+003	-5.096473e+000
5.616838e+003	-5.102809e+000
5.626854e+003	-5.101143e+000
5.636903e+003	-5.102566e+000
5.646854e+003	-5.095085e+000
5.656836e+003	-5.092427e+000
5.666854e+003	-5.105661e+000
5.676869e+003	-5.103051e+000
5.686887e+003	-5.112015e+000
5.696938e+003	-5.106787e+000
5.706987e+003	-5.104745e+000
5.716971e+003	-5.109502e+000
5.726986e+003	-5.111826e+000
5.737003e+003	-5.108010e+000
5.746986e+003	-5.116059e+000
5.757002e+003	-5.107670e+000
5.767019e+003	-5.112657e+000
5.777069e+003	-5.105043e+000
5.787052e+003	-5.100486e+000
5.797069e+003	-5.105612e+000
5.807052e+003	-5.115140e+000
5.817135e+003	-5.118860e+000
5.827151e+003	-5.114053e+000
5.837168e+003	-5.119189e+000
5.847184e+003	-5.117835e+000
5.857233e+003	-5.120572e+000
5.867250e+003	-5.120459e+000
5.877266e+003	-5.130905e+000
5.887248e+003	-5.133092e+000
5.897264e+003	-5.170881e+000
5.907314e+003	-5.138455e+000
5.917397e+003	-5.136605e+000
5.927480e+003	-5.141350e+000
5.937529e+003	-5.144423e+000
5.947513e+003	-5.138142e+000
5.957529e+003	-5.134703e+000
5.967545e+003	-5.136920e+000
5.977595e+003	-5.133405e+000
5.987611e+003	-5.132370e+000
5.997628e+003	-5.158376e+000
6.007643e+003	-5.145371e+000
6.017659e+003	-5.150658e+000
6.027675e+003	-5.147051e+000
6.037726e+003	-5.136837e+000
6.047742e+003	-5.135704e+000
6.057791e+003	-5.135416e+000
6.067841e+003	-5.130426e+000
6.077891e+003	-5.132657e+000
6.087907e+003	-5.132073e+000
6.097956e+003	-5.142332e+000
6.107973e+003	-5.139774e+000
6.118055e+003	-5.147077e+000
6.128137e+003	-5.144562e+000
6.138254e+003	-5.145707e+000
6.148370e+003	-5.147073e+000
6.158420e+003	-5.146053e+000
6.168569e+003	-5.151073e+000
6.178652e+003	-5.137713e+000
6.188736e+003	-5.137687e+000
6.198786e+003	-5.142257e+000
6.208902e+003	-5.137246e+000
6.218985e+003	-5.137304e+000
6.229102e+003	-5.138474e+000
6.239150e+003	-5.144462e+000
6.249267e+003	-5.129521e+000
6.259350e+003	-5.143186e+000
6.269466e+003	-5.139129e+000
6.279549e+003	-5.147857e+000
6.289467e+003	-5.153595e+000
6.299482e+003	-5.146213e+000
6.309498e+003	-5.132296e+000
6.319582e+003	-5.134821e+000
6.329599e+003	-5.140353e+000
6.339614e+003	-5.138560e+000
6.349598e+003	-5.153654e+000
6.359614e+003	-5.151365e+000
6.369631e+003	-5.148746e+000
6.379714e+003	-5.147412e+000
6.389764e+003	-5.147635e+000
6.399812e+003	-5.151445e+000
6.409862e+003	-5.147637e+000
6.419913e+003	-5.140145e+000
6.429929e+003	-5.141183e+000
6.439944e+003	-5.139841e+000
6.449961e+003	-5.134152e+000
6.459977e+003	-5.132615e+000
6.469959e+003	-5.134372e+000
6.480009e+003	-5.136174e+000
6.490024e+003	-5.148256e+000
6.500041e+003	-5.138385e+000
6.510091e+003	-5.143378e+000
6.520142e+003	-5.144463e+000
6.530191e+003	-5.141629e+000
6.540207e+003	-5.144872e+000
6.550257e+003	-5.144970e+000
6.560273e+003	-5.132952e+000
6.570288e+003	-5.136219e+000
6.580272e+003	-5.131905e+000
6.590288e+003	-5.144004e+000
6.600304e+003	-5.142122e+000
6.610320e+003	-5.128688e+000
6.620337e+003	-5.146484e+000
6.630387e+003	-5.151830e+000
6.640404e+003	-5.147194e+000
6.650453e+003	-5.147704e+000
6.660436e+003	-5.149094e+000
6.670485e+003	-5.147006e+000
6.680501e+003	-5.141118e+000
6.690519e+003	-5.151528e+000
6.700568e+003	-5.145115e+000
6.710618e+003	-5.138322e+000
6.720667e+003	-5.149393e+000
6.730750e+003	-5.156209e+000
6.740733e+003	-5.151706e+000
6.750750e+003	-5.146770e+000
6.760800e+003	-5.138904e+000
6.770851e+003	-5.146386e+000
6.780866e+003	-5.151318e+000
6.790850e+003	-5.150405e+000
6.800866e+003	-5.149603e+000
6.810849e+003	-5.144846e+000
6.820898e+003	-5.162104e+000
6.830947e+003	-5.160102e+000
6.840997e+003	-5.159387e+000
6.851014e+003	-5.184004e+000
6.861063e+003	-5.168346e+000
6.871113e+003	-5.167771e+000
6.881130e+003	-5.163243e+000
6.891112e+003	-5.164780e+000
6.901128e+003	-5.155911e+000
6.911146e+003	-5.160268e+000
6.921162e+003	-5.159750e+000
6.931179e+003	-5.162937e+000
6.941229e+003	-5.150003e+000
6.951279e+003	-5.164732e+000
6.961329e+003	-5.169957e+000
6.971313e+003	-5.154843e+000
6.981328e+003	-5.161009e+000
6.991345e+003	-5.156089e+000
7.001327e+003	-5.150280e+000
7.011344e+003	-5.154350e+000
7.021392e+003	-5.153013e+000
7.031409e+003	-5.149185e+000
7.041426e+003	-5.148732e+000
7.051409e+003	-5.137812e+000
7.061425e+003	-5.147079e+000
7.071441e+003	-5.145576e+000
7.081490e+003	-5.152616e+000
7.091475e+003	-5.148585e+000
7.101559e+003	-5.191749e+000
7.111575e+003	-5.165625e+000
7.121625e+003	-5.154983e+000
7.131673e+003	-5.156541e+000
7.141655e+003	-5.152415e+000
7.151772e+003	-5.151965e+000
7.161755e+003	-5.152988e+000
7.171837e+003	-5.152415e+000
7.181821e+003	-5.151610e+000
7.191904e+003	-5.148735e+000
7.201920e+003	-5.151764e+000
7.211938e+003	-5.153081e+000
7.221954e+003	-5.143808e+000
7.231971e+003	-5.135863e+000
7.242021e+003	-5.149709e+000
7.252036e+003	-5.154095e+000
7.262085e+003	-5.149302e+000
7.272102e+003	-5.158650e+000
7.282119e+003	-5.148860e+000
7.292202e+003	-5.152657e+000
7.302251e+003	-5.155167e+000
7.312335e+003	-5.148728e+000
7.322320e+003	-5.150132e+000
7.332269e+003	-5.150975e+000
7.342318e+003	-5.154076e+000
7.352334e+003	-5.151057e+000
7.362352e+003	-5.155864e+000
7.372335e+003	-5.149382e+000
7.382352e+003	-5.158405e+000
7.392368e+003	-5.152436e+000
7.402384e+003	-5.159917e+000
7.412401e+003	-5.150895e+000
7.422451e+003	-5.157376e+000
7.432435e+003	-5.159705e+000
7.442518e+003	-5.156183e+000
7.452533e+003	-5.141671e+000
7.462582e+003	-5.145479e+000
7.472633e+003	-5.139556e+000
7.482648e+003	-5.137729e+000
7.492666e+003	-5.148111e+000
7.502715e+003	-5.153737e+000
7.512732e+003	-5.149327e+000
7.522749e+003	-5.149475e+000
7.532799e+003	-5.164921e+000
7.542814e+003	-5.159066e+000
7.552830e+003	-5.168218e+000
7.562882e+003	-5.159700e+000
7.572898e+003	-5.156006e+000
7.582881e+003	-5.172370e+000
7.592930e+003	-5.164305e+000
7.602980e+003	-5.166428e+000
7.612963e+003	-5.163371e+000
7.622979e+003	-5.168697e+000
7.632963e+003	-5.157610e+000
7.643080e+003	-5.158602e+000
7.653196e+003	-5.160590e+000
7.663313e+003	-5.165179e+000
7.673429e+003	-5.160930e+000
7.683512e+003	-5.161225e+000
7.693595e+003	-5.164719e+000
7.703641e+003	-5.159942e+000
7.713590e+003	-5.152337e+000
7.723672e+003	-5.163375e+000
7.733689e+003	-5.160015e+000
7.743704e+003	-5.160836e+000
7.753721e+003	-5.169708e+000
7.763735e+003	-5.168105e+000
7.773719e+003	-5.162749e+000
7.783734e+003	-5.171336e+000
7.793752e+003	-5.173546e+000
7.803734e+003	-5.162498e+000
7.813751e+003	-5.161536e+000
7.823768e+003	-5.164286e+000
7.833783e+003	-5.149976e+000
7.843833e+003	-5.145315e+000
7.853850e+003	-5.161779e+000
7.863865e+003	-5.148310e+000
7.873850e+003	-5.150810e+000
7.883933e+003	-5.170677e+000
7.893982e+003	-5.168361e+000
7.904031e+003	-5.180435e+000
7.914047e+003	-5.219176e+000
7.924064e+003	-5.199637e+000
7.934047e+003	-5.193123e+000
7.944062e+003	-5.191938e+000
7.954077e+003	-5.199672e+000
7.964128e+003	-5.185430e+000
7.974178e+003	-5.184560e+000
7.984193e+003	-5.179974e+000
7.994243e+003	-5.174601e+000
8.004260e+003	-5.170062e+000
8.014242e+003	-5.179244e+000
8.024326e+003	-5.174323e+000
8.034342e+003	-5.175575e+000
8.044358e+003	-5.181549e+000
8.054373e+003	-5.180337e+000
8.064424e+003	-5.175298e+000
8.074473e+003	-5.177096e+000
8.084489e+003	-5.175788e+000
8.094507e+003	-5.184323e+000
8.104523e+003	-5.175522e+000
8.114540e+003	-5.178436e+000
8.124556e+003	-5.174145e+000
8.134606e+003	-5.179437e+000
8.144622e+003	-5.183973e+000
8.154672e+003	-5.187947e+000
8.164688e+003	-5.188802e+000
8.174737e+003	-5.223078e+000
8.184754e+003	-5.191973e+000
8.194771e+003	-5.187569e+000
8.204787e+003	-5.188288e+000
8.214803e+003	-5.201646e+000
8.224854e+003	-5.207157e+000
8.234902e+003	-5.201676e+000
8.244918e+003	-5.183582e+000
8.254968e+003	-5.184883e+000
8.264953e+003	-5.187709e+000
8.275003e+003	-5.174014e+000
8.285020e+003	-5.178201e+000
8.295002e+003	-5.183371e+000
8.305020e+003	-5.184481e+000
8.315069e+003	-5.193530e+000
8.325085e+003	-5.195432e+000
8.335102e+003	-5.200965e+000
8.345118e+003	-5.206832e+000
8.355168e+003	-5.205431e+000
8.365184e+003	-5.204261e+000
8.375167e+003	-5.222290e+000
8.385185e+003	-5.205283e+000
8.395200e+003	-5.197101e+000
8.405250e+003	-5.208512e+000
8.415266e+003	-5.212231e+000
8.425283e+003	-5.207540e+000
8.435299e+003	-5.215450e+000
8.445314e+003	-5.197571e+000
8.455299e+003	-5.200606e+000
8.465314e+003	-5.214882e+000
8.475331e+003	-5.214118e+000
8.485380e+003	-5.215783e+000
8.495431e+003	-5.203425e+000
8.505446e+003	-5.218892e+000
8.515463e+003	-5.214265e+000
8.525480e+003	-5.202028e+000
8.535529e+003	-5.208889e+000
8.545545e+003	-5.190494e+000
8.555596e+003	-5.208949e+000
8.565612e+003	-5.209358e+000
8.575596e+003	-5.216835e+000
8.585679e+003	-5.212753e+000
8.595695e+003	-5.206583e+000
8.605678e+003	-5.204871e+000
8.615693e+003	-5.204957e+000
8.625743e+003	-5.203180e+000
8.635760e+003	-5.207093e+000
8.645809e+003	-5.205289e+000
8.655857e+003	-5.204004e+000
8.665907e+003	-5.200386e+000
8.675956e+003	-5.213568e+000
8.685974e+003	-5.216015e+000
8.695990e+003	-5.215121e+000
8.705974e+003	-5.212957e+000
8.716024e+003	-5.221597e+000
8.726041e+003	-5.239626e+000
8.736059e+003	-5.233833e+000
8.746075e+003	-5.224507e+000
8.756092e+003	-5.221470e+000
8.766107e+003	-5.218976e+000
8.776123e+003	-5.241052e+000
8.786206e+003	-5.219074e+000
8.796222e+003	-5.214210e+000
8.806272e+003	-5.227186e+000
8.816321e+003	-5.211360e+000
8.826405e+003	-5.210741e+000
8.836488e+003	-5.217793e+000
8.846536e+003	-5.221121e+000
8.856554e+003	-5.211714e+000
8.866570e+003	-5.224556e+000
8.876654e+003	-5.225794e+000
8.886660e+003	-5.228059e+000
8.896553e+003	-5.230146e+000
8.906639e+003	-5.230844e+000
8.916653e+003	-5.232982e+000
8.926670e+003	-5.238336e+000
8.936687e+003	-5.230974e+000
8.946736e+003	-5.233786e+000
8.956786e+003	-5.238770e+000
8.966803e+003	-5.245914e+000
8.976818e+003	-5.241934e+000
8.986836e+003	-5.242540e+000
8.996853e+003	-5.243416e+000
9.006869e+003	-5.243586e+000
9.016919e+003	-5.236798e+000
9.026935e+003	-5.227526e+000
9.036950e+003	-5.216075e+000
9.047001e+003	-5.228054e+000
9.057016e+003	-5.233207e+000
9.067065e+003	-5.245112e+000
9.077148e+003	-5.225992e+000
9.087232e+003	-5.215059e+000
9.097315e+003	-5.225451e+000
9.107432e+003	-5.231190e+000
9.117616e+003	-5.231142e+000
9.127665e+003	-5.232195e+000
9.137748e+003	-5.228203e+000
9.147831e+003	-5.236707e+000
9.157947e+003	-5.240263e+000
9.168064e+003	-5.243665e+000
9.178180e+003	-5.240875e+000
9.188329e+003	-5.244489e+000
9.198378e+003	-5.256497e+000
9.208462e+003	-5.252302e+000
9.218579e+003	-5.250609e+000
9.228695e+003	-5.244569e+000
9.238745e+003	-5.254436e+000
9.248829e+003	-5.258300e+000
9.258945e+003	-5.270580e+000
9.269096e+003	-5.267436e+000
9.279111e+003	-5.274106e+000
9.289228e+003	-5.285359e+000
9.299411e+003	-5.264700e+000
9.309562e+003	-5.266475e+000
9.319544e+003	-5.271813e+000
9.329661e+003	-5.272311e+000
9.339744e+003	-5.283446e+000
9.349860e+003	-5.279501e+000
9.359911e+003	-5.278869e+000
9.369993e+003	-5.273406e+000
9.380076e+003	-5.280485e+000
9.390159e+003	-5.283641e+000
9.400210e+003	-5.298979e+000
9.410276e+003	-5.285400e+000
9.420175e+003	-5.292758e+000
9.430191e+003	-5.301031e+000
9.440207e+003	-5.304823e+000
9.450189e+003	-5.303995e+000
9.460240e+003	-5.313376e+000
9.470256e+003	-5.296387e+000
9.480306e+003	-5.299191e+000
9.490355e+003	-5.300499e+000
9.500371e+003	-5.303492e+000
9.510387e+003	-5.296344e+000
9.520437e+003	-5.303430e+000
9.530454e+003	-5.301523e+000
9.540504e+003	-5.297227e+000
9.550519e+003	-5.295147e+000
9.560502e+003	-5.290232e+000
9.570585e+003	-5.292354e+000
9.580601e+003	-5.297932e+000
9.590617e+003	-5.286233e+000
9.600602e+003	-5.288308e+000
9.610651e+003	-5.293185e+000
9.620701e+003	-5.298175e+000
9.630718e+003	-5.292285e+000
9.640767e+003	-5.284259e+000
9.650818e+003	-5.300118e+000
9.660835e+003	-5.287408e+000
9.670885e+003	-5.289624e+000
9.680935e+003	-5.297381e+000
9.690984e+003	-5.301124e+000
9.700968e+003	-5.317509e+000
9.711051e+003	-5.315537e+000
9.721101e+003	-5.305702e+000
9.731117e+003	-5.310651e+000
9.741101e+003	-5.313968e+000
9.751183e+003	-5.314138e+000
9.761232e+003	-5.313214e+000
9.771249e+003	-5.304729e+000
9.781265e+003	-5.316576e+000
9.791280e+003	-5.316252e+000
9.801298e+003	-5.324955e+000
9.811349e+003	-5.319419e+000
9.821364e+003	-5.321817e+000
9.831381e+003	-5.306749e+000
9.841398e+003	-5.317111e+000
9.851414e+003	-5.317775e+000
9.861429e+003	-5.322782e+000
9.871414e+003	-5.313473e+000
9.881464e+003	-5.313941e+000
9.891512e+003	-5.312547e+000
9.901529e+003	-5.308634e+000
9.911611e+003	-5.312513e+000
9.921595e+003	-5.310934e+000
9.931611e+003	-5.313730e+000
9.941627e+003	-5.310417e+000
9.951644e+003	-5.313849e+000
9.961726e+003	-5.306974e+000
9.971775e+003	-5.304875e+000
9.981791e+003	-5.312124e+000
9.991773e+003	-5.324599e+000
1.000179e+004	-5.315547e+000
1.001184e+004	-5.318426e+000
1.002186e+004	-5.319238e+000
1.003191e+004	-5.315581e+000
1.004192e+004	-5.316037e+000
1.005194e+004	-5.304933e+000
1.006199e+004	-5.307568e+000
1.007200e+004	-5.314372e+000
1.008205e+004	-5.321565e+000
1.009207e+004	-5.318658e+000
1.010212e+004	-5.325424e+000
1.011217e+004	-5.320103e+000
1.012222e+004	-5.322210e+000
1.013223e+004	-5.314938e+000
1.014232e+004	-5.317957e+000
1.015236e+004	-5.309582e+000
1.016242e+004	-5.308305e+000
1.017247e+004	-5.308933e+000
1.018248e+004	-5.303725e+000
1.019250e+004	-5.295405e+000
1.020251e+004	-5.315263e+000
1.021253e+004	-5.303463e+000
1.022258e+004	-5.304663e+000
1.023263e+004	-5.304276e+000
1.024268e+004	-5.305508e+000
1.025269e+004	-5.309376e+000
1.026268e+004	-5.311241e+000
1.027269e+004	-5.312571e+000
1.028268e+004	-5.313814e+000
1.029276e+004	-5.330338e+000
1.030274e+004	-5.332623e+000
1.031279e+004	-5.331374e+000
1.032281e+004	-5.313023e+000
1.033286e+004	-5.317219e+000
1.034287e+004	-5.310174e+000
1.035296e+004	-5.305403e+000
1.036301e+004	-5.310111e+000
1.037302e+004	-5.314305e+000
1.038304e+004	-5.308079e+000
1.039306e+004	-5.303531e+000
1.040311e+004	-5.304525e+000
1.041316e+004	-5.304929e+000
1.042317e+004	-5.301969e+000
1.043319e+004	-5.311448e+000
1.044317e+004	-5.298615e+000
1.045319e+004	-5.306725e+000
1.046324e+004	-5.289715e+000
1.047329e+004	-5.298773e+000
1.048334e+004	-5.283178e+000
1.049339e+004	-5.286911e+000
1.050340e+004	-5.291191e+000
1.051345e+004	-5.287475e+000
1.052347e+004	-5.303025e+000
1.053345e+004	-5.305877e+000
1.054347e+004	-5.299348e+000
1.055348e+004	-5.296939e+000
1.056347e+004	-5.293761e+000
1.057348e+004	-5.288849e+000
1.058347e+004	-5.305214e+000
1.059355e+004	-5.298264e+000
1.060366e+004	-5.338211e+000
1.061378e+004	-5.332220e+000
1.062383e+004	-5.326881e+000
1.063391e+004	-5.320123e+000
1.064394e+004	-5.316960e+000
1.065391e+004	-5.324957e+000
1.066414e+004	-5.322371e+000
1.067422e+004	-5.315664e+000
1.068433e+004	-5.321212e+000
1.069428e+004	-5.329705e+000
1.070440e+004	-5.315433e+000
1.071451e+004	-5.315532e+000
1.072459e+004	-5.333110e+000
1.073468e+004	-5.317614e+000
1.074476e+004	-5.323790e+000
1.075477e+004	-5.309116e+000
1.076470e+004	-5.310161e+000
1.077471e+004	-5.316650e+000
1.078476e+004	-5.312356e+000
1.079478e+004	-5.317076e+000
1.080479e+004	-5.322520e+000
1.081481e+004	-5.311877e+000
1.082483e+004	-5.313417e+000
1.083484e+004	-5.312638e+000
1.084489e+004	-5.315231e+000
1.085494e+004	-5.315827e+000
1.086496e+004	-5.314179e+000
1.087501e+004	-5.317489e+000
1.088502e+004	-5.326451e+000
1.089511e+004	-5.320659e+000
1.090519e+004	-5.319583e+000
1.091521e+004	-5.329422e+000
1.092519e+004	-5.323911e+000
1.093524e+004	-5.318966e+000
1.094525e+004	-5.317995e+000
1.095530e+004	-5.319114e+000
1.096529e+004	-5.316681e+000
1.097534e+004	-5.324958e+000
1.098535e+004	-5.319206e+000
1.099533e+004	-5.317434e+000
1.100539e+004	-5.321047e+000
1.101540e+004	-5.320245e+000
1.102539e+004	-5.316663e+000
1.103540e+004	-5.320342e+000
1.104538e+004	-5.321056e+000
1.105543e+004	-5.319115e+000
1.106548e+004	-5.326590e+000
1.107550e+004	-5.327764e+000
1.108555e+004	-5.322796e+000
1.109553e+004	-5.316092e+000
1.110555e+004	-5.315655e+000
1.111556e+004	-5.335677e+000
1.112555e+004	-5.335386e+000
1.113560e+004	-5.334607e+000
1.114565e+004	-5.337864e+000
1.115566e+004	-5.337618e+000
1.116568e+004	-5.324803e+000
1.117569e+004	-5.324887e+000
1.118574e+004	-5.315317e+000
1.119579e+004	-5.320330e+000
1.120578e+004	-5.316668e+000
1.121586e+004	-5.315957e+000
1.122587e+004	-5.312740e+000
1.123589e+004	-5.306900e+000
1.124591e+004	-5.309848e+000
1.125596e+004	-5.307188e+000
1.126601e+004	-5.310395e+000
1.127606e+004	-5.310390e+000
1.128654e+004	-5.305198e+000
1.129659e+004	-5.309984e+000
1.130661e+004	-5.315171e+000
1.131666e+004	-5.312656e+000
1.132667e+004	-5.302435e+000
1.133666e+004	-5.297459e+000
1.134667e+004	-5.305993e+000
1.135666e+004	-5.302996e+000
1.136671e+004	-5.305527e+000
1.137672e+004	-5.312124e+000
1.138674e+004	-5.321647e+000
1.139679e+004	-5.317308e+000
1.140680e+004	-5.317040e+000
1.141682e+004	-5.325447e+000
1.142680e+004	-5.330659e+000
1.143685e+004	-5.327243e+000
1.144687e+004	-5.319729e+000
1.145685e+004	-5.328870e+000
1.146690e+004	-5.317081e+000
1.147691e+004	-5.310139e+000
1.148690e+004	-5.307495e+000
1.149691e+004	-5.315692e+000
1.150696e+004	-5.315606e+000
1.151698e+004	-5.308976e+000
1.152700e+004	-5.311253e+000
1.153705e+004	-5.308362e+000
1.154709e+004	-5.304741e+000
1.155711e+004	-5.311026e+000
1.156716e+004	-5.320411e+000
1.157721e+004	-5.311770e+000
1.158726e+004	-5.353374e+000
1.159734e+004	-5.344344e+000
1.160740e+004	-5.351724e+000
1.161741e+004	-5.345947e+000
1.162746e+004	-5.342760e+000
1.163751e+004	-5.347050e+000
1.164753e+004	-5.346262e+000
1.165754e+004	-5.343858e+000
1.166756e+004	-5.348074e+000
1.167757e+004	-5.346715e+000
1.168763e+004	-5.355326e+000
1.169764e+004	-5.352138e+000
1.170766e+004	-5.350702e+000
1.171767e+004	-5.353348e+000
1.172769e+004	-5.344968e+000
1.173771e+004	-5.334579e+000
1.174776e+004	-5.329805e+000
1.175781e+004	-5.327914e+000
1.176782e+004	-5.322039e+000
1.177788e+004	-5.323574e+000
1.178792e+004	-5.322004e+000
1.179794e+004	-5.340473e+000
1.180799e+004	-5.339160e+000
1.181801e+004	-5.328182e+000
1.182799e+004	-5.331720e+000
1.183800e+004	-5.330172e+000
1.184802e+004	-5.335636e+000
1.185807e+004	-5.340534e+000
1.186809e+004	-5.345558e+000
1.187807e+004	-5.330639e+000
1.188809e+004	-5.332847e+000
1.189810e+004	-5.336991e+000
1.190815e+004	-5.347897e+000
1.191814e+004	-5.345403e+000
1.192819e+004	-5.350196e+000
1.193824e+004	-5.353172e+000
1.194825e+004	-5.356097e+000
1.195827e+004	-5.345208e+000
1.196832e+004	-5.351889e+000
1.197837e+004	-5.347463e+000
1.198838e+004	-5.350177e+000
1.199840e+004	-5.354559e+000
1.200848e+004	-5.345229e+000
1.201853e+004	-5.348007e+000
1.202855e+004	-5.341328e+000
1.203856e+004	-5.339294e+000
1.204858e+004	-5.351952e+000
1.205863e+004	-5.354296e+000
1.206865e+004	-5.359014e+000
1.207866e+004	-5.353695e+000
1.208868e+004	-5.352896e+000
1.209870e+004	-5.344443e+000
1.210875e+004	-5.352215e+000
1.211876e+004	-5.356699e+000
1.212881e+004	-5.347100e+000
1.213893e+004	-5.354769e+000
1.214901e+004	-5.358911e+000
1.215909e+004	-5.351642e+000
1.216921e+004	-5.350114e+000
1.217933e+004	-5.347867e+000
1.218941e+004	-5.356248e+000
1.219956e+004	-5.359034e+000
1.220964e+004	-5.345975e+000
1.221973e+004	-5.347508e+000
1.222988e+004	-5.355513e+000
1.223989e+004	-5.349852e+000
1.224994e+004	-5.365788e+000
1.226009e+004	-5.365691e+000
1.227021e+004	-5.394744e+000
1.228036e+004	-5.371798e+000
1.229037e+004	-5.366758e+000
1.230046e+004	-5.366210e+000
1.231048e+004	-5.365235e+000
1.232042e+004	-5.371508e+000
1.233044e+004	-5.373585e+000
1.234046e+004	-5.369229e+000
1.235050e+004	-5.372047e+000
1.236052e+004	-5.364257e+000
1.237050e+004	-5.366965e+000
1.238055e+004	-5.362206e+000
1.239057e+004	-5.358864e+000
1.240065e+004	-5.364098e+000
1.241067e+004	-5.366044e+000
1.242072e+004	-5.369268e+000
1.243074e+004	-5.359090e+000
1.244072e+004	-5.363449e+000
1.245077e+004	-5.363823e+000
1.246082e+004	-5.364997e+000
1.247083e+004	-5.364586e+000
1.248089e+004	-5.371229e+000
1.249090e+004	-5.389033e+000
1.250088e+004	-5.372500e+000
1.251097e+004	-5.370821e+000
1.252108e+004	-5.373091e+000
1.253120e+004	-5.374503e+000
1.254125e+004	-5.370650e+000
1.255133e+004	-5.378527e+000
1.256136e+004	-5.370029e+000
1.257133e+004	-5.366064e+000
1.258135e+004	-5.366320e+000
1.259140e+004	-5.384553e+000
1.260141e+004	-5.376309e+000
1.261143e+004	-5.371325e+000
1.262144e+004	-5.369386e+000
1.263150e+004	-5.366220e+000
1.264151e+004	-5.370011e+000
1.265156e+004	-5.365989e+000
1.266165e+004	-5.395892e+000
1.267166e+004	-5.381913e+000
1.268164e+004	-5.387662e+000
1.269169e+004	-5.379738e+000
1.270174e+004	-5.385663e+000
1.271173e+004	-5.381682e+000
1.272174e+004	-5.376842e+000
1.273176e+004	-5.381997e+000
1.274178e+004	-5.380898e+000
1.275182e+004	-5.377108e+000
1.276187e+004	-5.378126e+000
1.277192e+004	-5.381866e+000
1.278197e+004	-5.374973e+000
1.279199e+004	-5.371832e+000
1.280201e+004	-5.377710e+000
1.281249e+004	-5.371190e+000
1.282247e+004	-5.378584e+000
1.283249e+004	-5.384614e+000
1.284247e+004	-5.360160e+000
1.285256e+004	-5.365977e+000
1.286261e+004	-5.364667e+000
1.287269e+004	-5.365633e+000
1.288274e+004	-5.367119e+000
1.289275e+004	-5.371926e+000
1.290280e+004	-5.373745e+000
1.291282e+004	-5.393293e+000
1.292287e+004	-5.385545e+000
1.293289e+004	-5.373945e+000
1.294287e+004	-5.374115e+000
1.295292e+004	-5.392828e+000
1.296293e+004	-5.392354e+000
1.297295e+004	-5.395681e+000
1.298293e+004	-5.385364e+000
1.299348e+004	-5.384045e+000
1.300353e+004	-5.389573e+000
1.301358e+004	-5.393461e+000
1.302360e+004	-5.385387e+000
1.303368e+004	-5.397534e+000
1.304370e+004	-5.347521e+000
1.305375e+004	-5.359042e+000
1.306380e+004	-5.353617e+000
1.307385e+004	-5.359491e+000
1.308390e+004	-5.353605e+000
1.309391e+004	-5.366180e+000
1.310393e+004	-5.374826e+000
1.311398e+004	-5.375907e+000
1.312400e+004	-5.372394e+000
1.313401e+004	-5.367282e+000
1.314406e+004	-5.367128e+000
1.315411e+004	-5.364186e+000
1.316416e+004	-5.375832e+000
1.317421e+004	-5.376453e+000
1.318426e+004	-5.388315e+000
1.319431e+004	-5.390438e+000
1.320433e+004	-5.383172e+000
1.321434e+004	-5.391892e+000
1.322432e+004	-5.394264e+000
1.323434e+004	-5.394695e+000
1.324432e+004	-5.402884e+000
1.325434e+004	-5.402660e+000
1.326436e+004	-5.392325e+000
1.327437e+004	-5.402201e+000
1.328436e+004	-5.406093e+000
1.329437e+004	-5.406223e+000
1.330439e+004	-5.397054e+000
1.331440e+004	-5.398945e+000
1.332445e+004	-5.412552e+000
1.333450e+004	-5.407004e+000
1.334455e+004	-5.425061e+000
1.335457e+004	-5.417912e+000
1.336455e+004	-5.416892e+000
1.337457e+004	-5.419067e+000
1.338462e+004	-5.418694e+000
1.339464e+004	-5.416565e+000
1.340462e+004	-5.408317e+000
1.341463e+004	-5.439450e+000
1.342468e+004	-5.426946e+000
1.343473e+004	-5.429700e+000
1.344478e+004	-5.432737e+000
1.345487e+004	-5.427685e+000
1.346492e+004	-5.424305e+000
1.347497e+004	-5.422104e+000
1.348498e+004	-5.428787e+000
1.349500e+004	-5.432581e+000
1.350501e+004	-5.436309e+000
1.351536e+004	-5.431123e+000
1.352538e+004	-5.424371e+000
1.353536e+004	-5.432775e+000
1.354538e+004	-5.422753e+000
1.355540e+004	-5.421481e+000
1.356541e+004	-5.424711e+000
1.357546e+004	-5.411541e+000
1.358548e+004	-5.409223e+000
1.359553e+004	-5.405634e+000
1.360558e+004	-5.404447e+000
1.361563e+004	-5.405844e+000
1.362571e+004	-5.406020e+000
1.363579e+004	-5.404317e+000
1.364578e+004	-5.400743e+000
1.365583e+004	-5.397012e+000
1.366588e+004	-5.397198e+000
1.367589e+004	-5.400944e+000
1.368594e+004	-5.383373e+000
1.369596e+004	-5.427871e+000
1.370598e+004	-5.428494e+000
1.371599e+004	-5.421520e+000
1.372601e+004	-5.420145e+000
1.373606e+004	-5.421800e+000
1.374608e+004	-5.415457e+000
1.375613e+004	-5.423127e+000
1.376611e+004	-5.415117e+000
1.377613e+004	-5.415542e+000
1.378621e+004	-5.417284e+000
1.379623e+004	-5.412021e+000
1.380628e+004	-5.413682e+000
1.381639e+004	-5.415847e+000
1.382644e+004	-5.413623e+000
1.383646e+004	-5.420735e+000
1.384647e+004	-5.406641e+000
1.385649e+004	-5.390154e+000
1.386654e+004	-5.442292e+000
1.387656e+004	-5.413916e+000
1.388657e+004	-5.414380e+000
1.389659e+004	-5.405693e+000
1.390661e+004	-5.401413e+000
1.391662e+004	-5.399635e+000
1.392664e+004	-5.392924e+000
1.393672e+004	-5.397052e+000
1.394680e+004	-5.392524e+000
1.395682e+004	-5.401850e+000
1.396677e+004	-5.390351e+000
1.397685e+004	-5.395700e+000
1.398684e+004	-5.392230e+000
1.399689e+004	-5.390586e+000
1.400694e+004	-5.386125e+000
1.401695e+004	-5.385231e+000
1.402700e+004	-5.376970e+000
1.403705e+004	-5.368410e+000
1.404707e+004	-5.374665e+000
1.405712e+004	-5.389059e+000
1.406713e+004	-5.373832e+000
1.407715e+004	-5.385418e+000
1.408717e+004	-5.373221e+000
1.409718e+004	-5.376411e+000
1.410723e+004	-5.355645e+000
1.411728e+004	-5.365167e+000
1.412730e+004	-5.357989e+000
1.413731e+004	-5.354007e+000
1.414736e+004	-5.363272e+000
1.415741e+004	-5.366252e+000
1.416740e+004	-5.361386e+000
1.417748e+004	-5.364012e+000
1.418749e+004	-5.366470e+000
1.419758e+004	-5.366734e+000
1.420759e+004	-5.369485e+000
1.421761e+004	-5.365024e+000
1.422766e+004	-5.371872e+000
1.423771e+004	-5.362083e+000
1.424773e+004	-5.364482e+000
1.425774e+004	-5.359901e+000
1.426776e+004	-5.361670e+000
1.427781e+004	-5.395525e+000
1.428786e+004	-5.376242e+000
1.429788e+004	-5.372476e+000
1.430789e+004	-5.370234e+000
1.431791e+004	-5.367025e+000
1.432793e+004	-5.371351e+000
1.433801e+004	-5.364815e+000
1.434806e+004	-5.367898e+000
1.435807e+004	-5.364533e+000
1.436819e+004	-5.365728e+000
1.437824e+004	-5.345044e+000
1.438829e+004	-5.348677e+000
1.439838e+004	-5.350271e+000
1.440839e+004	-5.353390e+000
1.441838e+004	-5.351057e+000
1.442842e+004	-5.354802e+000
1.443848e+004	-5.354071e+000
1.444849e+004	-5.358566e+000
1.445854e+004	-5.353774e+000
1.446859e+004	-5.357564e+000
1.447861e+004	-5.355181e+000
1.448869e+004	-5.363386e+000
1.449871e+004	-5.355132e+000
1.450876e+004	-5.359417e+000
1.451881e+004	-5.356231e+000
1.452886e+004	-5.350144e+000
1.453887e+004	-5.347913e+000
1.454889e+004	-5.338298e+000
1.455887e+004	-5.345582e+000
1.456892e+004	-5.355666e+000
1.457894e+004	-5.341553e+000
1.458895e+004	-5.340495e+000
1.459900e+004	-5.347583e+000
1.460902e+004	-5.348229e+000
1.461900e+004	-5.348073e+000
1.462902e+004	-5.347181e+000
1.463907e+004	-5.344501e+000
1.464912e+004	-5.356844e+000
1.465910e+004	-5.347768e+000
1.466922e+004	-5.351801e+000
1.467927e+004	-5.356450e+000
1.468935e+004	-5.348824e+000
1.469943e+004	-5.346857e+000
1.470948e+004	-5.349057e+000
1.471950e+004	-5.358892e+000
1.472948e+004	-5.347329e+000
1.473950e+004	-5.352268e+000
1.474951e+004	-5.347343e+000
1.475953e+004	-5.365805e+000
1.476951e+004	-5.360941e+000
1.477960e+004	-5.364864e+000
1.478958e+004	-5.361294e+000
1.479966e+004	-5.352546e+000
1.480968e+004	-5.363269e+000
1.481973e+004	-5.362695e+000
1.482975e+004	-5.358192e+000
1.483976e+004	-5.359979e+000
1.484981e+004	-5.360308e+000
1.485983e+004	-5.375374e+000
1.486985e+004	-5.372499e+000
1.487986e+004	-5.362881e+000
1.488984e+004	-5.371770e+000
1.489993e+004	-5.365558e+000
1.490991e+004	-5.358833e+000
1.491993e+004	-5.356672e+000
1.492998e+004	-5.360392e+000
1.493999e+004	-5.359731e+000
1.495005e+004	-5.362617e+000
1.496006e+004	-5.362011e+000
1.497008e+004	-5.366792e+000
1.498013e+004	-5.362713e+000
1.499015e+004	-5.350850e+000
1.500016e+004	-5.340443e+000
1.501015e+004	-5.346706e+000
1.502016e+004	-5.350499e+000
1.503014e+004	-5.353130e+000
1.504019e+004	-5.345268e+000
1.505018e+004	-5.352082e+000
1.506026e+004	-5.343096e+000
1.507028e+004	-5.349184e+000
1.508029e+004	-5.355004e+000
1.509034e+004	-5.341682e+000
1.510043e+004	-5.363319e+000
1.511044e+004	-5.361260e+000
1.512046e+004	-5.363264e+000
1.513051e+004	-5.360041e+000
1.514062e+004	-5.352994e+000
1.515067e+004	-5.351400e+000
1.516072e+004	-5.342577e+000
1.517077e+004	-5.338924e+000
1.518079e+004	-5.369750e+000
1.519077e+004	-5.361374e+000
1.520079e+004	-5.365656e+000
1.521081e+004	-5.356090e+000
1.522086e+004	-5.355924e+000
1.523087e+004	-5.356421e+000
1.524089e+004	-5.358549e+000
1.525087e+004	-5.373858e+000
1.526092e+004	-5.368754e+000
1.527094e+004	-5.383363e+000
1.528099e+004	-5.374178e+000
1.529100e+004	-5.377863e+000
1.530102e+004	-5.370886e+000
1.531107e+004	-5.355247e+000
1.532105e+004	-5.359354e+000
1.533114e+004	-5.359741e+000
1.534115e+004	-5.354933e+000
1.535114e+004	-5.352450e+000
1.536115e+004	-5.349025e+000
1.537120e+004	-5.354172e+000
1.538118e+004	-5.351339e+000
1.539120e+004	-5.354544e+000
1.540121e+004	-5.355807e+000
1.541126e+004	-5.351771e+000
1.542128e+004	-5.367675e+000
1.543136e+004	-5.354463e+000
1.544151e+004	-5.353873e+000
1.545156e+004	-5.353695e+000
1.546165e+004	-5.352153e+000
1.547173e+004	-5.347360e+000
1.548175e+004	-5.343940e+000
1.549180e+004	-5.350219e+000
1.550181e+004	-5.354284e+000
1.551183e+004	-5.348850e+000
1.552184e+004	-5.345008e+000
1.553186e+004	-5.344579e+000
1.554191e+004	-5.349698e+000
1.555193e+004	-5.350679e+000
1.556194e+004	-5.348073e+000
1.557199e+004	-5.347778e+000
1.558204e+004	-5.345527e+000
1.559206e+004	-5.385009e+000
1.560207e+004	-5.365961e+000
1.561209e+004	-5.357870e+000
1.562211e+004	-5.342795e+000
1.563212e+004	-5.348593e+000
1.564214e+004	-5.469646e+000
1.565216e+004	-5.423028e+000
1.566217e+004	-5.424699e+000
1.567219e+004	-5.422329e+000
1.568217e+004	-5.421858e+000
1.569222e+004	-5.419198e+000
1.570224e+004	-5.414460e+000
1.571225e+004	-5.412435e+000
1.572230e+004	-5.413956e+000
1.573232e+004	-5.440167e+000
1.574234e+004	-5.430602e+000
1.575235e+004	-5.418244e+000
1.576237e+004	-5.417301e+000
1.577242e+004	-5.418294e+000
1.578243e+004	-5.417084e+000
1.579242e+004	-5.414956e+000
1.580243e+004	-5.411835e+000
1.581248e+004	-5.427465e+000
1.582247e+004	-5.420969e+000
1.583248e+004	-5.419922e+000
1.584247e+004	-5.422516e+000
1.585248e+004	-5.415725e+000
1.586250e+004	-5.401487e+000
1.587252e+004	-5.397699e+000
1.588260e+004	-5.399596e+000
1.589265e+004	-5.384865e+000
1.590266e+004	-5.391050e+000
1.591265e+004	-5.389381e+000
1.592266e+004	-5.382091e+000
1.593271e+004	-5.378864e+000
1.594273e+004	-5.381833e+000
1.595291e+004	-5.380402e+000
1.596293e+004	-5.375792e+000
1.597298e+004	-5.402137e+000
1.598306e+004	-5.395904e+000
1.599318e+004	-5.405847e+000
1.600326e+004	-5.398820e+000
1.601338e+004	-5.398945e+000
1.602346e+004	-5.393116e+000
1.603351e+004	-5.390361e+000
1.604356e+004	-5.386390e+000
1.605351e+004	-5.384223e+000
1.606349e+004	-5.377751e+000
1.607351e+004	-5.389788e+000
1.608349e+004	-5.392624e+000
1.609351e+004	-5.390974e+000
1.610353e+004	-5.387464e+000
1.611354e+004	-5.394729e+000
1.612356e+004	-5.396676e+000
1.613361e+004	-5.405987e+000
1.614366e+004	-5.406621e+000
1.615374e+004	-5.418507e+000
1.616379e+004	-5.404737e+000
1.617384e+004	-5.405669e+000
1.618389e+004	-5.412856e+000
1.619391e+004	-5.408312e+000
1.620396e+004	-5.405526e+000
1.621401e+004	-5.408683e+000
1.622399e+004	-5.406785e+000
1.623401e+004	-5.399515e+000
1.624399e+004	-5.400323e+000
1.625407e+004	-5.399287e+000
1.626409e+004	-5.399868e+000
1.627411e+004	-5.400368e+000
1.628409e+004	-5.400687e+000
1.629414e+004	-5.406593e+000
1.630415e+004	-5.438102e+000
1.631420e+004	-5.422303e+000
1.632422e+004	-5.419319e+000
1.633423e+004	-5.416115e+000
1.634428e+004	-5.414557e+000
1.635430e+004	-5.417215e+000
1.636428e+004	-5.427113e+000
1.637430e+004	-5.416134e+000
1.638431e+004	-5.411596e+000
1.639430e+004	-5.409148e+000
1.640435e+004	-5.407688e+000
1.641436e+004	-5.413098e+000
1.642441e+004	-5.405674e+000
1.643443e+004	-5.399135e+000
1.644445e+004	-5.404761e+000
1.645450e+004	-5.389895e+000
1.646451e+004	-5.395458e+000
1.647456e+004	-5.392999e+000
1.648458e+004	-5.392832e+000
1.649460e+004	-5.431289e+000
1.650461e+004	-5.406524e+000
1.651460e+004	-5.401888e+000
1.652461e+004	-5.391954e+000
1.653459e+004	-5.394414e+000
1.654464e+004	-5.393878e+000
1.655469e+004	-5.393171e+000
1.656471e+004	-5.385311e+000
1.657482e+004	-5.465098e+000
1.658487e+004	-5.424818e+000
1.659489e+004	-5.411016e+000
1.660490e+004	-5.411575e+000
1.661495e+004	-5.407435e+000
1.662497e+004	-5.405199e+000
1.663502e+004	-5.395197e+000
1.664504e+004	-5.395297e+000
1.665505e+004	-5.392174e+000
1.666507e+004	-5.393457e+000
1.667508e+004	-5.417869e+000
1.668513e+004	-5.448446e+000
1.669518e+004	-5.432874e+000
1.670520e+004	-5.429115e+000
1.671522e+004	-5.396004e+000
1.672523e+004	-5.411763e+000
1.673535e+004	-5.407478e+000
1.674543e+004	-5.403223e+000
1.675558e+004	-5.402638e+000
1.676560e+004	-5.400989e+000
1.677565e+004	-5.396971e+000
1.678567e+004	-5.396091e+000
1.679565e+004	-5.395434e+000
1.680566e+004	-5.396574e+000
1.681565e+004	-5.397489e+000
1.682566e+004	-5.372491e+000
1.683571e+004	-5.377769e+000
1.684573e+004	-5.369092e+000
1.685581e+004	-5.373155e+000
1.686583e+004	-5.374104e+000
1.687584e+004	-5.368734e+000
1.688593e+004	-5.364838e+000
1.689594e+004	-5.367241e+000
1.690596e+004	-5.366721e+000
1.691601e+004	-5.361245e+000
1.692602e+004	-5.367818e+000
1.693601e+004	-5.355917e+000
1.694606e+004	-5.365337e+000
1.695611e+004	-5.366526e+000
1.696609e+004	-5.357666e+000
1.697617e+004	-5.355897e+000
1.698622e+004	-5.352755e+000
1.699627e+004	-5.342597e+000
1.700632e+004	-5.355378e+000
1.701637e+004	-5.351831e+000
1.702635e+004	-5.350633e+000
1.703640e+004	-5.351536e+000
1.704642e+004	-5.346464e+000
1.705644e+004	-5.348744e+000
1.706649e+004	-5.362237e+000
1.707650e+004	-5.354031e+000
1.708649e+004	-5.378126e+000
1.709650e+004	-5.371379e+000
1.710655e+004	-5.366708e+000
1.711660e+004	-5.356642e+000
1.712665e+004	-5.359361e+000
1.713667e+004	-5.358448e+000
1.714665e+004	-5.358162e+000
1.715667e+004	-5.351954e+000
1.716668e+004	-5.360196e+000
1.717667e+004	-5.357487e+000
1.718668e+004	-5.353026e+000
1.719666e+004	-5.352817e+000
1.720668e+004	-5.353093e+000
1.721670e+004	-5.357838e+000
1.722671e+004	-5.355847e+000
1.723673e+004	-5.361851e+000
1.724671e+004	-5.329858e+000
1.725676e+004	-5.337566e+000
1.726678e+004	-5.334039e+000
1.727679e+004	-5.336758e+000
1.728681e+004	-5.330681e+000
1.729679e+004	-5.336843e+000
1.730681e+004	-5.338549e+000
1.731686e+004	-5.336405e+000
1.732688e+004	-5.347139e+000
1.733693e+004	-5.350041e+000
1.734691e+004	-5.351173e+000
1.735699e+004	-5.352127e+000
1.736701e+004	-5.351279e+000
1.737706e+004	-5.353622e+000
1.738711e+004	-5.343362e+000
1.739712e+004	-5.343998e+000
1.740717e+004	-5.344312e+000
1.741722e+004	-5.346912e+000
1.742724e+004	-5.350463e+000
1.743729e+004	-5.349658e+000
1.744734e+004	-5.348555e+000
1.745735e+004	-5.348353e+000
1.746737e+004	-5.349173e+000
1.747738e+004	-5.356120e+000
1.748740e+004	-5.355849e+000
1.749738e+004	-5.346512e+000
1.750743e+004	-5.355812e+000
1.751752e+004	-5.359759e+000
1.752757e+004	-5.348294e+000
1.753762e+004	-5.363373e+000
1.754763e+004	-5.359286e+000
1.755768e+004	-5.356434e+000
1.756773e+004	-5.355682e+000
1.757775e+004	-5.356795e+000
1.758780e+004	-5.361491e+000
1.759781e+004	-5.355546e+000
1.760783e+004	-5.353263e+000
1.761781e+004	-5.356362e+000
1.762786e+004	-5.354244e+000
1.763795e+004	-5.323548e+000
1.764796e+004	-5.469391e+000
1.765801e+004	-5.454523e+000
1.766799e+004	-5.427745e+000
1.767804e+004	-5.424569e+000
1.768803e+004	-5.424682e+000
1.769804e+004	-5.423016e+000
1.770806e+004	-5.422560e+000
1.771808e+004	-5.426150e+000
1.772812e+004	-5.426964e+000
1.773817e+004	-5.439004e+000
1.774816e+004	-5.438605e+000
1.775821e+004	-5.439809e+000
1.776826e+004	-5.445406e+000
1.777827e+004	-5.446841e+000
1.778832e+004	-5.443945e+000
1.779840e+004	-5.442039e+000
1.780846e+004	-5.433152e+000
1.781854e+004	-5.432626e+000
1.782852e+004	-5.427956e+000
1.783854e+004	-5.422575e+000
1.784859e+004	-5.418928e+000
1.785861e+004	-5.420101e+000
1.786862e+004	-5.411612e+000
1.787864e+004	-5.421760e+000
1.788862e+004	-5.421387e+000
1.789863e+004	-5.414548e+000
1.790865e+004	-5.422695e+000
1.791870e+004	-5.423312e+000
1.792872e+004	-5.411198e+000
1.793877e+004	-5.415625e+000
1.794882e+004	-5.413496e+000
1.795883e+004	-5.418275e+000
1.796882e+004	-5.417147e+000
1.797883e+004	-5.421178e+000
1.798888e+004	-5.419842e+000
1.799890e+004	-5.425398e+000
1.800892e+004	-5.426784e+000
1.801896e+004	-5.422184e+000
1.802898e+004	-5.426755e+000
1.803900e+004	-5.429160e+000
1.804901e+004	-5.431809e+000
1.805906e+004	-5.425546e+000
1.806911e+004	-5.425467e+000
1.807916e+004	-5.417391e+000
1.808918e+004	-5.396910e+000
1.809919e+004	-5.404667e+000
1.810921e+004	-5.408670e+000
1.811929e+004	-5.408787e+000
1.812931e+004	-5.392572e+000
1.813933e+004	-5.395111e+000
1.814941e+004	-5.429479e+000
1.815949e+004	-5.412832e+000
1.816941e+004	-5.420707e+000
1.817942e+004	-5.407572e+000
1.818941e+004	-5.416665e+000
1.819942e+004	-5.415513e+000
1.820944e+004	-5.415202e+000
1.821949e+004	-5.406891e+000
1.822951e+004	-5.406208e+000
1.823952e+004	-5.408063e+000
1.824954e+004	-5.409314e+000
1.825955e+004	-5.410573e+000
1.826960e+004	-5.412842e+000
1.827962e+004	-5.406820e+000
1.828967e+004	-5.415687e+000
1.829972e+004	-5.415922e+000
1.830974e+004	-5.419437e+000
1.831975e+004	-5.412705e+000
1.832977e+004	-5.414405e+000
1.833982e+004	-5.414866e+000
1.834980e+004	-5.419047e+000
1.835982e+004	-5.415293e+000
1.836983e+004	-5.407082e+000
1.837985e+004	-5.410756e+000
1.838990e+004	-5.431177e+000
1.839988e+004	-5.421318e+000
1.840997e+004	-5.423130e+000
1.842001e+004	-5.425275e+000
1.843003e+004	-5.425462e+000
1.844005e+004	-5.426371e+000
1.845006e+004	-5.435858e+000
1.846011e+004	-5.432095e+000
1.847013e+004	-5.435252e+000
1.848018e+004	-5.432154e+000
1.849020e+004	-5.421520e+000
1.850021e+004	-5.434668e+000
1.851026e+004	-5.475321e+000
1.852031e+004	-5.463761e+000
1.853033e+004	-5.452952e+000
1.854034e+004	-5.451393e+000
1.855039e+004	-5.448482e+000
1.856041e+004	-5.446335e+000
1.857039e+004	-5.443247e+000
1.858041e+004	-5.442461e+000
1.859043e+004	-5.453112e+000
1.860044e+004	-5.429294e+000
1.861049e+004	-5.423555e+000
1.862051e+004	-5.413482e+000
1.863056e+004	-5.414105e+000
1.864058e+004	-5.416066e+000
1.865059e+004	-5.416895e+000
1.866061e+004	-5.417339e+000
1.867062e+004	-5.415826e+000
1.868064e+004	-5.416059e+000
1.869065e+004	-5.418482e+000
1.870067e+004	-5.417691e+000
1.871072e+004	-5.454859e+000
1.872074e+004	-5.450209e+000
1.873075e+004	-5.449689e+000
1.874080e+004	-5.433167e+000
1.875085e+004	-5.431381e+000
1.876087e+004	-5.421968e+000
1.877085e+004	-5.422485e+000
1.878090e+004	-5.427287e+000
1.879095e+004	-5.427275e+000
1.880100e+004	-5.449372e+000
1.881105e+004	-5.446235e+000
1.882110e+004	-5.441027e+000
1.883115e+004	-5.440588e+000
1.884117e+004	-5.433727e+000
1.885115e+004	-5.433229e+000
1.886123e+004	-5.433730e+000
1.887132e+004	-5.432223e+000
1.888136e+004	-5.430388e+000
1.889138e+004	-5.440791e+000
1.890140e+004	-5.430117e+000
1.891142e+004	-5.427449e+000
1.892143e+004	-5.421144e+000
1.893142e+004	-5.426389e+000
1.894150e+004	-5.425754e+000
1.895158e+004	-5.426739e+000
1.896160e+004	-5.427694e+000
1.897165e+004	-5.425964e+000
1.898170e+004	-5.425486e+000
1.899171e+004	-5.425382e+000
1.900173e+004	-5.428577e+000
1.901171e+004	-5.422668e+000
1.902176e+004	-5.424237e+000
1.903178e+004	-5.428191e+000
1.904183e+004	-5.428580e+000
1.905181e+004	-5.422609e+000
1.906189e+004	-5.409026e+000
1.907194e+004	-5.409062e+000
1.908196e+004	-5.411155e+000
1.909194e+004	-5.407965e+000
1.910196e+004	-5.427554e+000
1.911197e+004	-5.426658e+000
1.912199e+004	-5.422209e+000
1.913197e+004	-5.424067e+000
1.914199e+004	-5.426269e+000
1.915204e+004	-5.422051e+000
1.916208e+004	-5.431514e+000
1.917210e+004	-5.427672e+000
1.918208e+004	-5.427003e+000
1.919220e+004	-5.424867e+000
1.920232e+004	-5.420080e+000
1.921237e+004	-5.420748e+000
1.922242e+004	-5.420227e+000
1.923250e+004	-5.422191e+000
1.924251e+004	-5.422691e+000
1.925243e+004	-5.422355e+000
1.926245e+004	-5.415831e+000
1.927247e+004	-5.419609e+000
1.928245e+004	-5.421358e+000
1.929247e+004	-5.426469e+000
1.930252e+004	-5.425190e+000
1.931256e+004	-5.422947e+000
1.932262e+004	-5.430893e+000
1.933263e+004	-5.417181e+000
1.934265e+004	-5.411926e+000
1.935270e+004	-5.416400e+000
1.936275e+004	-5.417514e+000
1.937276e+004	-5.412810e+000
1.938281e+004	-5.413516e+000
1.939286e+004	-5.412611e+000
1.940291e+004	-5.419820e+000
1.941293e+004	-5.413185e+000
1.942294e+004	-5.412770e+000
1.943293e+004	-5.420784e+000
1.944294e+004	-5.417454e+000
1.945299e+004	-5.417265e+000
1.946304e+004	-5.411994e+000
1.947306e+004	-5.401226e+000
1.948311e+004	-5.401348e+000
1.949313e+004	-5.400613e+000
1.950314e+004	-5.402769e+000
1.951319e+004	-5.406133e+000
1.952318e+004	-5.418998e+000
1.953326e+004	-5.406409e+000
1.954328e+004	-5.283746e+000

